arquivo,titulo,fonte,categoria,subcategoria,ano,vigencia,tipo_documento,tema_principal,pagina,texto_original,tamanho_texto,texto_limpo,tamanho_original,tamanho_limpo
01_gbc_zero_energy_guia.pdf,Guia Completo GBC Zero Energy,GBC Brasil,certificacao,energia_net_zero,2019,vigente,guia técnico,certificação zero energy e balanço energético,2,"Nome 
 
              Empresa/Instituição 
 
 
 
 
 
Alberto Hernandez 
 
Escola Politécnica - USP 
Alexandre Schinazi 
 
Mitsidi Projetos 
Barbara Rubin  
 
ABSOLAR   
Bruno Scalet  
 
CTE
Camila Vasconcelos  
MMA
Clarice Menezes Degani 
SECOVI SP
Diana Csillag  
 
CICS- USP
Evelise Didoné 
 
Arqnorm
Eduardo Straub 
 
StraubJunqueira
Edward Borgstein 
 
Mitsidi Projetos 
  
Fernando G. Lopes 
 
Instituto Totum 
Guido Petinelli 
 
Guido Petinelli 
Henrique Mendonça  
eTool Global
Lilian Sarrouf  
 
SINDUSCON SP 
Marcelo Andrade Romero 
FAU – USP
Marcelo Fizsner 
 
Dow
Marcia Davis  
 
Novva Solutions
Marcio Takata  
 
Greener
Marco Passarelli 
 
Solsustenge
Marcos Casado 
 
Sustentech Desenvolvimento Sustentável
Marcos Nathan 
              Greener
Marcos Pereira 
 
Térmica Brasil
Maria Lerer 
 
 
Natural Works – Portugal
Pablo Sandoval 
 
Cushman & Wakeﬁeld 
Rafael Sabetzki 
 
Guido Petinelli 
Ricardo 
 
 
I8 Arquitetura
Rodrigo Basso 
 
Montage
Tomaz Cleto  
 
ABRAVA
Vitor Tosetto                                LarVerdeLar 
Wagner Oliveira 
 
CTE
PARTICIPANTES COMITÊ TÉCNICO
EDIÇÃO 2017
Apoio:
",1113,"Nome 
 
 Empresa/Instituição 
 
 
 
 
 
Alberto Hernandez 
 
Escola Politécnica - USP 
Alexandre Schinazi 
 
Mitsidi Projetos 
Barbara Rubin 
 
ABSOLAR 
Bruno Scalet 
 
CTE
Camila Vasconcelos 
MMA
Clarice Menezes Degani 
SECOVI SP
Diana Csillag 
 
CICS- USP
Evelise Didoné 
 
Arqnorm
Eduardo Straub 
 
StraubJunqueira
Edward Borgstein 
 
Mitsidi Projetos 
 
Fernando G. Lopes 
 
Instituto Totum 
Guido Petinelli 
 
Guido Petinelli 
Henrique Mendonça 
eTool Global
Lilian Sarrouf 
 
SINDUSCON SP 
Marcelo Andrade Romero 
FAU – USP
Marcelo Fizsner 
 
Dow
Marcia Davis 
 
Novva Solutions
Marcio Takata 
 
Greener
Marco Passarelli 
 
Solsustenge
Marcos Casado 
 
Sustentech Desenvolvimento Sustentável
Marcos Nathan 
 Greener
Marcos Pereira 
 
Térmica Brasil
Maria Lerer 
 
 
Natural Works – Portugal
Pablo Sandoval 
 
Cushman & Wakeﬁeld 
Rafael Sabetzki 
 
Guido Petinelli 
Ricardo 
 
 
I8 Arquitetura
Rodrigo Basso 
 
Montage
Tomaz Cleto 
 
ABRAVA
Vitor Tosetto LarVerdeLar 
Wagner Oliveira 
 
CTE
PARTICIPANTES COMITÊ TÉCNICO
EDIÇÃO 2017
Apoio:",1113,1043
01_gbc_zero_energy_guia.pdf,Guia Completo GBC Zero Energy,GBC Brasil,certificacao,energia_net_zero,2019,vigente,guia técnico,certificação zero energy e balanço energético,3,"ÍNDICE
1. RESUMO DO ESCOPO E OBJETIVOS............................................................................................................05
5. COMPRA DE CRÉDITOS DE ENERGIA RENOVÁVEL....................................................................................12
5.1. Empreendimentos comerciais, industriais e outros......................................................................................12
5.2. Empreendimentos residenciais.............................................................................................................................12
4.1. Geração de energia renovável On Site................................................................................................................11
4.2. Geração de energia renovável Oﬀ Site................................................................................................................12
3.1. Local (On site)..............................................................................................................................................................11
3.2. Fora do local (Oﬀ Site)...............................................................................................................................................11
3. EFICIÊNCIA ENERGÉTICA MÍNIMA PARA GERAÇÃO RENOVÁVEL ON SITE OU OFF SITE.....................10
4. GERAÇÃO DE ENERGIA RENOVÁVEL ON SITE OU OFF SITE.....................................................................11
2.1. Tempo de operação...................................................................................................................................................08
2.1.1. Certiﬁcação GBC Brasil Zero Energy deﬁnitiva..............................................................................................08
2.1.2. Pré-Certiﬁcação GBC Brasil Zero Energy provisória....................................................................................08
2.2. Taxa de ocupação mínima atual............................................................................................................................08
2.2.1. Empreendimentos comerciais e industriais..................................................................................................08
2.2.2. Empreendimentos residenciais.........................................................................................................................08
2.3. Metragens mínimas das áreas construídas........................................................................................................08
2.3.1. Empreendimentos comerciais e industriais..................................................................................................08
2.3.2. Empreendimentos residenciais.........................................................................................................................09
2.4. Tipologia........................................................................................................................................................................09
2.4.1. Conﬁrmação de empreendimento permanente e não provisório.........................................................09
2.4.2. Empreendimento de torre única ou condomínio........................................................................................09
2.4.2.1. Empreendimentos de torre única..................................................................................................................10
2.4.2.2. Certiﬁcação de condomínios..........................................................................................................................10
2.5. Atendimento às legislações municipais, estaduais e federais...................................................................10
2.6. Edifício oﬀ-grid...........................................................................................................................................................10
2. REQUISITOS PARA QUALIFICAÇÃO A CERTIFICAÇÃO GBC BRASIL ZERO ENERGY..............................08
1.1. Pré-Certiﬁcação GBC Brasil Zero Energy............................................................................................................07
1.2. Certiﬁcação GBC Brasil Zero Energy.....................................................................................................................07
1.3. Características da Certiﬁcação...............................................................................................................................07
1.4. Objetivos.......................................................................................................................................................................07
1.5. Conceito de ediﬁcação Net Zero Energy Building...........................................................................................08
CERTIFICAÇÃO GBC BRASIL ZERO ENERGY
",4881,"ÍNDICE
1. RESUMO DO ESCOPO E OBJETIVOS............................................................................................................05
5. COMPRA DE CRÉDITOS DE ENERGIA RENOVÁVEL....................................................................................12
5.1. Empreendimentos comerciais, industriais e outros......................................................................................12
5.2. Empreendimentos residenciais.............................................................................................................................12
4.1. Geração de energia renovável On Site................................................................................................................11
4.2. Geração de energia renovável Oﬀ Site................................................................................................................12
3.1. Local (On site)..............................................................................................................................................................11
3.2. Fora do local (Oﬀ Site)...............................................................................................................................................11
3. EFICIÊNCIA ENERGÉTICA MÍNIMA PARA GERAÇÃO RENOVÁVEL ON SITE OU OFF SITE.....................10
4. GERAÇÃO DE ENERGIA RENOVÁVEL ON SITE OU OFF SITE.....................................................................11
2.1. Tempo de operação...................................................................................................................................................08
2.1.1. Certiﬁcação GBC Brasil Zero Energy deﬁnitiva..............................................................................................08
2.1.2. Pré-Certiﬁcação GBC Brasil Zero Energy provisória....................................................................................08
2.2. Taxa de ocupação mínima atual............................................................................................................................08
2.2.1. Empreendimentos comerciais e industriais..................................................................................................08
2.2.2. Empreendimentos residenciais.........................................................................................................................08
2.3. Metragens mínimas das áreas construídas........................................................................................................08
2.3.1. Empreendimentos comerciais e industriais..................................................................................................08
2.3.2. Empreendimentos residenciais.........................................................................................................................09
2.4. Tipologia........................................................................................................................................................................09
2.4.1. Conﬁrmação de empreendimento permanente e não provisório.........................................................09
2.4.2. Empreendimento de torre única ou condomínio........................................................................................09
2.4.2.1. Empreendimentos de torre única..................................................................................................................10
2.4.2.2. Certiﬁcação de condomínios..........................................................................................................................10
2.5. Atendimento às legislações municipais, estaduais e federais...................................................................10
2.6. Edifício oﬀ-grid...........................................................................................................................................................10
2. REQUISITOS PARA QUALIFICAÇÃO A CERTIFICAÇÃO GBC BRASIL ZERO ENERGY..............................08
1.1. Pré-Certiﬁcação GBC Brasil Zero Energy............................................................................................................07
1.2. Certiﬁcação GBC Brasil Zero Energy.....................................................................................................................07
1.3. Características da Certiﬁcação...............................................................................................................................07
1.4. Objetivos.......................................................................................................................................................................07
1.5. Conceito de ediﬁcação Net Zero Energy Building...........................................................................................08
CERTIFICAÇÃO GBC BRASIL ZERO ENERGY",4881,4880
01_gbc_zero_energy_guia.pdf,Guia Completo GBC Zero Energy,GBC Brasil,certificacao,energia_net_zero,2019,vigente,guia técnico,certificação zero energy e balanço energético,4,"7.1. Prazo de validade da certiﬁcação..........................................................................................................................13
7.2. Renovação.....................................................................................................................................................................13
9.1. Projeto CICS – Centro de Inovação em Construção Sustentável – USP São Paulo - SP........................14
9.2. Projeto Sede RAC Engenharia – Curitiba - PR....................................................................................................15
9.3. Projeto Creche Municipal Hassis – Florianópolis - SC.....................................................................................16
9.4. Projeto Sede SINDUSCON PR – Curitiba - PR.....................................................................................................17
9.5. Projeto Casa do Futuro – Atibaia - SP....................................................................................................................18
9.6. Projeto Montage Botafogo – Campinas - SP......................................................................................................19
9.7. Projeto Escritório Advocacia De Paola & Panasolo - Curitiba - PR..............................................................20
9.8. Projeto Casa Mão Verde – Piracicaba – SP...........................................................................................................21
9.9. Projeto Lar Verde Lar – Governador Valadares – MG......................................................................................22
9.10. Projeto Sede Sebrae Mato Grosso – Cuiabá - MT...........................................................................................23
9.11. Projeto Geonergia - Tamboara – Tamboara - PR............................................................................................24
10.1. Check list de viabilidade para certiﬁcação......................................................................................................25
10.2. Anexo A - Formulário inscrição/avaliação projeto Net Zero......................................................................26
10.3. Anexo B - Formulário de fechamento do balanço energético anual......................................................27
11.1. Edifício zero energia local.....................................................................................................................................28
11.2. Edifício custo zero de energia..............................................................................................................................28
11.3. Edifício zero energia primária..............................................................................................................................28
11.4. Edifício energia de emissão zero.........................................................................................................................28
11.5. RECs – certiﬁcados de energia renovável.......................................................................................................28
11.6. CERs – certiﬁcados de emissões reduzidas....................................................................................................28
11.7. PPA com REC..............................................................................................................................................................28
11.8. I-REC Standards / REC Brazil..................................................................................................................................28
11.9. Fontes de energia renováveis..............................................................................................................................28
11. GLOSSÁRIO...................................................................................................................................................28
10. FORMULÁRIOS.............................................................................................................................................25
9. PROJETOS-PILOTOS GBC BRASIL ZERO ENERGY......................................................................................14
7. CERTIFICAÇÃO................................................................................................................................................13
6. USO DE ENERGIA NÃO-RENOVÁVEL..........................................................................................................13
ÍNDICE
CERTIFICAÇÃO GBC BRASIL ZERO ENERGY
8. BALANÇO ENERGÉTICO ANUAL DO EDIFÍCIO...........................................................................................13
",4749,"7.1. Prazo de validade da certiﬁcação..........................................................................................................................13
7.2. Renovação.....................................................................................................................................................................13
9.1. Projeto CICS – Centro de Inovação em Construção Sustentável – USP São Paulo - SP........................14
9.2. Projeto Sede RAC Engenharia – Curitiba - PR....................................................................................................15
9.3. Projeto Creche Municipal Hassis – Florianópolis - SC.....................................................................................16
9.4. Projeto Sede SINDUSCON PR – Curitiba - PR.....................................................................................................17
9.5. Projeto Casa do Futuro – Atibaia - SP....................................................................................................................18
9.6. Projeto Montage Botafogo – Campinas - SP......................................................................................................19
9.7. Projeto Escritório Advocacia De Paola & Panasolo - Curitiba - PR..............................................................20
9.8. Projeto Casa Mão Verde – Piracicaba – SP...........................................................................................................21
9.9. Projeto Lar Verde Lar – Governador Valadares – MG......................................................................................22
9.10. Projeto Sede Sebrae Mato Grosso – Cuiabá - MT...........................................................................................23
9.11. Projeto Geonergia - Tamboara – Tamboara - PR............................................................................................24
10.1. Check list de viabilidade para certiﬁcação......................................................................................................25
10.2. Anexo A - Formulário inscrição/avaliação projeto Net Zero......................................................................26
10.3. Anexo B - Formulário de fechamento do balanço energético anual......................................................27
11.1. Edifício zero energia local.....................................................................................................................................28
11.2. Edifício custo zero de energia..............................................................................................................................28
11.3. Edifício zero energia primária..............................................................................................................................28
11.4. Edifício energia de emissão zero.........................................................................................................................28
11.5. RECs – certiﬁcados de energia renovável.......................................................................................................28
11.6. CERs – certiﬁcados de emissões reduzidas....................................................................................................28
11.7. PPA com REC..............................................................................................................................................................28
11.8. I-REC Standards / REC Brazil..................................................................................................................................28
11.9. Fontes de energia renováveis..............................................................................................................................28
11. GLOSSÁRIO...................................................................................................................................................28
10. FORMULÁRIOS.............................................................................................................................................25
9. PROJETOS-PILOTOS GBC BRASIL ZERO ENERGY......................................................................................14
7. CERTIFICAÇÃO................................................................................................................................................13
6. USO DE ENERGIA NÃO-RENOVÁVEL..........................................................................................................13
ÍNDICE
CERTIFICAÇÃO GBC BRASIL ZERO ENERGY
8. BALANÇO ENERGÉTICO ANUAL DO EDIFÍCIO...........................................................................................13",4749,4748
01_gbc_zero_energy_guia.pdf,Guia Completo GBC Zero Energy,GBC Brasil,certificacao,energia_net_zero,2019,vigente,guia técnico,certificação zero energy e balanço energético,5,"1. RESUMO DO ESCOPO E OBJETIVOS
O GBC Brasil (Green Building Council Brasil) integra o Programa Global “Advancing Net Zero”, concebido 
para o cumprimento das metas do acordo da COP 21 (Paris), para a execução do comprometimento do 
World GBC e 74 Green Building Councils, em conjunto com 27.000 empresas associadas.
O programa consiste em zerar as emissões de carbono na atmosfera oriundas do setor da construção civil 
até 2050, de forma que todas as novas ediﬁcações e grandes reformas se tornem Net Zero a partir de 2030, 
e 100% dos edifícios se tornem Net Zero até 2050. A implantação da meta se viabilizará por meio da criação 
de ferramentas de certiﬁcação para ediﬁcações Net Zero, a serem desenvolvidas por 10 dos 74 GBC
espalhados pelo mundo. O GBC Brasil foi um dos convidados em vista dos diversos projetos no país que 
estão investindo em eﬁciência energética e renováveis in loco.
Apesar da parceria entre os países e do apoio do WGBC, cada país será responsável pela criação da sua 
própria ferramenta de acordo com as especiﬁcidades locais. Para o atingimento da meta e visando à
transformação da indústria nacional, o GBC Brasil criou o “Programa Net Zero”, que tem, entre suas 
atividades, o desenvolvimento da ferramenta de Certiﬁcação Net Zero.
O governo brasileiro está engajado neste desaﬁo. No Relatório Edifícios de Baixo Carbono no Brasil: 
Aspectos e Subsídios para Programas Nacionais, elaborado pelo Instituto Clima e Sociedade, foram 
abordados alguns conceitos fundamentais para a deﬁnição do Conceito de Net Zero para o Brasil,  entre 
eles:    
• As Fontes de emissão de CO   no Brasil e o crescimento das Emissões de Gases de Efeito Estufa emitidos 
pelas Ediﬁcações;
CONSUMO DE ENERGIA TOTAL
Fonte: Balanço Energético Nacional (BEN), 2016.
FONTES ENERGÉTICAS
RESIDENCIAL
24.951 tep
1,2%
25,4%
26,2%
45,2%
1,9%
PÚBLICO
3.980 tep
92,2%
6,5%
1,1%
CONSUMO DE ENERGIA ELÉTRICA
CERTIFICAÇÃO GBC BRASIL ZERO ENERGY
RESIDENCIAL
10%
SETOR ENERGÉTICO
11%
COMERCIAL
4%
PÚBLICO
2%
TRANSPORTES TOTAL
34%
INDÚSTRIA TOTAL
34%
AGROPECUÁRIO
5%
TOTAL:
245.446 tep
EDIFÍCIOS:
51% DA 
ELETRICIDADE
RESIDENCIAL
10%
COMERCIAL
4%
PÚBLICO
2%
SETOR ENERGÉTICO
11%
INDÚSTRIA TOTAL
34%
AGROPECUÁRIO
5%
COMERCIAL
8.582 tep
1,3%
4,6%
91,6%
Gás Natural
GLP
Óleo Diesel
Eletricidade
Lenha
Querosene
Óleo Combustível
Carvão Vegetal
5
2
",2339,"1. RESUMO DO ESCOPO E OBJETIVOS
O GBC Brasil (Green Building Council Brasil) integra o Programa Global “Advancing Net Zero”, concebido 
para o cumprimento das metas do acordo da COP 21 (Paris), para a execução do comprometimento do 
World GBC e 74 Green Building Councils, em conjunto com 27.000 empresas associadas.
O programa consiste em zerar as emissões de carbono na atmosfera oriundas do setor da construção civil 
até 2050, de forma que todas as novas ediﬁcações e grandes reformas se tornem Net Zero a partir de 2030, 
e 100% dos edifícios se tornem Net Zero até 2050. A implantação da meta se viabilizará por meio da criação 
de ferramentas de certiﬁcação para ediﬁcações Net Zero, a serem desenvolvidas por 10 dos 74 GBC
espalhados pelo mundo. O GBC Brasil foi um dos convidados em vista dos diversos projetos no país que 
estão investindo em eﬁciência energética e renováveis in loco.
Apesar da parceria entre os países e do apoio do WGBC, cada país será responsável pela criação da sua 
própria ferramenta de acordo com as especiﬁcidades locais. Para o atingimento da meta e visando à
transformação da indústria nacional, o GBC Brasil criou o “Programa Net Zero”, que tem, entre suas 
atividades, o desenvolvimento da ferramenta de Certiﬁcação Net Zero.
O governo brasileiro está engajado neste desaﬁo. No Relatório Edifícios de Baixo Carbono no Brasil: 
Aspectos e Subsídios para Programas Nacionais, elaborado pelo Instituto Clima e Sociedade, foram 
abordados alguns conceitos fundamentais para a deﬁnição do Conceito de Net Zero para o Brasil, entre 
eles: 
• As Fontes de emissão de CO no Brasil e o crescimento das Emissões de Gases de Efeito Estufa emitidos 
pelas Ediﬁcações;
CONSUMO DE ENERGIA TOTAL
Fonte: Balanço Energético Nacional (BEN), 2016.
FONTES ENERGÉTICAS
RESIDENCIAL
24.951 tep
1,2%
25,4%
26,2%
45,2%
1,9%
PÚBLICO
3.980 tep
92,2%
6,5%
1,1%
CONSUMO DE ENERGIA ELÉTRICA
CERTIFICAÇÃO GBC BRASIL ZERO ENERGY
RESIDENCIAL
10%
SETOR ENERGÉTICO
11%
COMERCIAL
4%
PÚBLICO
2%
TRANSPORTES TOTAL
34%
INDÚSTRIA TOTAL
34%
AGROPECUÁRIO
5%
TOTAL:
245.446 tep
EDIFÍCIOS:
51% DA 
ELETRICIDADE
RESIDENCIAL
10%
COMERCIAL
4%
PÚBLICO
2%
SETOR ENERGÉTICO
11%
INDÚSTRIA TOTAL
34%
AGROPECUÁRIO
5%
COMERCIAL
8.582 tep
1,3%
4,6%
91,6%
Gás Natural
GLP
Óleo Diesel
Eletricidade
Lenha
Querosene
Óleo Combustível
Carvão Vegetal",2339,2328
01_gbc_zero_energy_guia.pdf,Guia Completo GBC Zero Energy,GBC Brasil,certificacao,energia_net_zero,2019,vigente,guia técnico,certificação zero energy e balanço energético,6,"•  INDCs (Contribuições Nacionalmente Determinadas Pretendidas) brasileiras: Políticas e Programas 
de Governos para uma redução de 37% nas emissões de gases de efeito estufa até 2025 e redução 
de 43% nas emissões até 2030 em relação à linha de base de 2005, regulamentação para geração 
distribuída com a implementação da legislação de Net-Metering em 2012 (e uma atualização em 
2015 dos regulamentos).
Existe ainda uma previsão do aumento 
de consumo de energia em ediﬁcações 
até 2050 (dados da EPE).
2.056 MtCO2e em 2005
Fonte: CBCS. “Aspectos da construção 
sustentável no Brasil”, 2014.
CERTIFICAÇÃO GBC BRASIL ZERO ENERGY
70.000
10.000
20.000
30.000
50.000
40.000
60.000
2014 - Combustíveis
2014 - Elétrico
2050 - Combustíveis
2050 - Elétrico
Comercial
Residencial
PREVISÃO DE AUMENTO
EMISSÕES GLOBAIS
3,83%
EM 2012
BRASIL
REDUÇÕES DAS
EMISSÕES
POR UNIDADE
DO PIB
2005
2030
2025
75%
66%
REDUZIR
EM 2025
37%
EMISSÕES DE
GASES DE EFEITO
ESTUFA
43%
ATÉ 2030
PARA TODA A ECONOMIA
METAS
6,5
6,2
5,4
tCO  e
tCO  e
tCO  e
2
2
2
2012
2025
2030
METAS DE REDUÇÕES
PER CAPITA
ECONOMIA DE GASES
CO
CH
N  O
PFCs
HFCs
SF
MOI:
NÃO DEPENDE DE APOIO
FINANCEIRO INTERNACIONAL
FINANÇAS:
COOPERAÇÃO
SUL-SUL
6
2
4
2
6
",1206,"• INDCs (Contribuições Nacionalmente Determinadas Pretendidas) brasileiras: Políticas e Programas 
de Governos para uma redução de 37% nas emissões de gases de efeito estufa até 2025 e redução 
de 43% nas emissões até 2030 em relação à linha de base de 2005, regulamentação para geração 
distribuída com a implementação da legislação de Net-Metering em 2012 (e uma atualização em 
2015 dos regulamentos).
Existe ainda uma previsão do aumento 
de consumo de energia em ediﬁcações 
até 2050 (dados da EPE).
2.056 MtCO2e em 2005
Fonte: CBCS. “Aspectos da construção 
sustentável no Brasil”, 2014.
CERTIFICAÇÃO GBC BRASIL ZERO ENERGY
70.000
10.000
20.000
30.000
50.000
40.000
60.000
2014 - Combustíveis
2014 - Elétrico
2050 - Combustíveis
2050 - Elétrico
Comercial
Residencial
PREVISÃO DE AUMENTO
EMISSÕES GLOBAIS
3,83%
EM 2012
BRASIL
REDUÇÕES DAS
EMISSÕES
POR UNIDADE
DO PIB
 
 
 
75%
66%
REDUZIR
EM 2025
37%
EMISSÕES DE
GASES DE EFEITO
ESTUFA
43%
ATÉ 2030
PARA TODA A ECONOMIA
METAS
6,5
6,2
5,4
tCO e
tCO e
tCO e
 
 
 
 
 
 
METAS DE REDUÇÕES
PER CAPITA
ECONOMIA DE GASES
CO
CH
N O
PFCs
HFCs
SF
MOI:
NÃO DEPENDE DE APOIO
FINANCEIRO INTERNACIONAL
FINANÇAS:
COOPERAÇÃO
SUL-SUL",1206,1172
01_gbc_zero_energy_guia.pdf,Guia Completo GBC Zero Energy,GBC Brasil,certificacao,energia_net_zero,2019,vigente,guia técnico,certificação zero energy e balanço energético,7,"1.1. PRÉ-CERTIFICAÇÃO GBC BRASIL 
ZERO ENERGY
A Pré-Certiﬁcação GBC Brasil Zero Energy é opcional 
e pode ser aplicada a todos os empreendimentos 
que apresentem estratégias para zerar seu consumo 
anual de energia local com uma combinação de alta 
eﬁciência energética e geração de energia por 
fontes renováveis.  
1.2. CERTIFICAÇÃO GBC BRASIL ZERO 
ENERGY
A Certiﬁcação GBC Brasil Zero Energy é uma 
ferramenta extremamente prática e eﬁciente para 
impulsionar a construção, reforma ou operação de 
edifícios que visam o equilíbrio entre consumo e 
geração de energia, transformado-as em 
empreendimentos GBC Brasil Zero Energy. 
1.3. CARACTERÍSTICAS DA
CERTIFICAÇÃO
Certiﬁcação GBC Brasil Zero Energy tem como 
principais características:
    1. Ferramenta nacional – Pode ser aplicada em 
todo o território brasileiro sem a necessidade de 
adaptações;
    2. Caráter voluntário – Por não ser obrigada por 
legislação, pode ser adotada de forma voluntária 
pelos empreendedores que querem se destacar no 
mercado e sair na frente dos concorrentes, 
adaptando seus empreendimentos às mais novas 
exigências do público ﬁnal;
    3. Viabilidade técnica e ﬁnanceira – Estudos 
realizados durante os trabalhos do comitê técnico 
de elaboração do referencial para Certiﬁcação GBC 
Brasil Zero Energy ajudaram a adequar os requisitos 
mínimos às diversas tipologias que poderão buscar 
esta certiﬁcação, visando ao atendimento técnico e 
ﬁnanceiro das estratégias a serem adotadas;
    4. Aplicação prática e simples – Com base em  
critérios claros e bem deﬁnidos, a sua aplicação é 
simples e de fácil obtenção para empreendimentos 
cuja premissas é a busca da eﬁciência energética em 
projeto, visando à redução dos custos operacionais 
ao longo do seu ciclo de vida;
    
    5. Transparência – Indicadores claros e bem 
deﬁnidos e uma auditoria de terceira parte para 
avaliação dos projetos e do desempenho real 
in loco garantem a sua transparência.
1.4. OBJETIVOS
Temos como resultados esperados, além do ambiental, 
os benefícios econômicos e sociais listados abaixo:
    1. Garantir o cumprimento das metas da COP    
Paris;
    2. Acelerar a transformação do mercado nacional 
de eﬁciência energética e a geração de fontes de 
energia renováveis; 
    3. Gerar novos empregos;
    4. Desenvolver novas tecnologias;
    5. Reconhecer a iniciativa dos empreendedores;
    6. Promover ambientes mais saudáveis, capazes 
de propiciar a melhora do bem-estar dos ocupantes.
CERTIFICAÇÃO GBC BRASIL ZERO ENERGY
7
",2514,"1.1. PRÉ-CERTIFICAÇÃO GBC BRASIL 
ZERO ENERGY
A Pré-Certiﬁcação GBC Brasil Zero Energy é opcional 
e pode ser aplicada a todos os empreendimentos 
que apresentem estratégias para zerar seu consumo 
anual de energia local com uma combinação de alta 
eﬁciência energética e geração de energia por 
fontes renováveis. 
1.2. CERTIFICAÇÃO GBC BRASIL ZERO 
ENERGY
A Certiﬁcação GBC Brasil Zero Energy é uma 
ferramenta extremamente prática e eﬁciente para 
impulsionar a construção, reforma ou operação de 
edifícios que visam o equilíbrio entre consumo e 
geração de energia, transformado-as em 
empreendimentos GBC Brasil Zero Energy. 
1.3. CARACTERÍSTICAS DA
CERTIFICAÇÃO
Certiﬁcação GBC Brasil Zero Energy tem como 
principais características:
 1. Ferramenta nacional – Pode ser aplicada em 
todo o território brasileiro sem a necessidade de 
adaptações;
 2. Caráter voluntário – Por não ser obrigada por 
legislação, pode ser adotada de forma voluntária 
pelos empreendedores que querem se destacar no 
mercado e sair na frente dos concorrentes, 
adaptando seus empreendimentos às mais novas 
exigências do público ﬁnal;
 3. Viabilidade técnica e ﬁnanceira – Estudos 
realizados durante os trabalhos do comitê técnico 
de elaboração do referencial para Certiﬁcação GBC 
Brasil Zero Energy ajudaram a adequar os requisitos 
mínimos às diversas tipologias que poderão buscar 
esta certiﬁcação, visando ao atendimento técnico e 
ﬁnanceiro das estratégias a serem adotadas;
 4. Aplicação prática e simples – Com base em 
critérios claros e bem deﬁnidos, a sua aplicação é 
simples e de fácil obtenção para empreendimentos 
cuja premissas é a busca da eﬁciência energética em 
projeto, visando à redução dos custos operacionais 
ao longo do seu ciclo de vida;
 
 5. Transparência – Indicadores claros e bem 
deﬁnidos e uma auditoria de terceira parte para 
avaliação dos projetos e do desempenho real 
in loco garantem a sua transparência.
1.4. OBJETIVOS
Temos como resultados esperados, além do ambiental, 
os benefícios econômicos e sociais listados abaixo:
 1. Garantir o cumprimento das metas da COP 
Paris;
 2. Acelerar a transformação do mercado nacional 
de eﬁciência energética e a geração de fontes de 
energia renováveis; 
 3. Gerar novos empregos;
 4. Desenvolver novas tecnologias;
 5. Reconhecer a iniciativa dos empreendedores;
 6. Promover ambientes mais saudáveis, capazes 
de propiciar a melhora do bem-estar dos ocupantes.
CERTIFICAÇÃO GBC BRASIL ZERO ENERGY",2514,2470
01_gbc_zero_energy_guia.pdf,Guia Completo GBC Zero Energy,GBC Brasil,certificacao,energia_net_zero,2019,vigente,guia técnico,certificação zero energy e balanço energético,8,"Evidências: 
Edifícios Novos
Deverão ser entregues o relatório de simulação 
termoenergética do projeto com o consumo anual 
total de energia, assim como os cálculos e o projeto 
do potencial total de geração que comprovem a 
compensação energética planejada ao longo de um 
ano.
Edifícios Existentes: Deverão ser entregues as 
contas de energia elétrica e demais fontes de 
energia dos últimos 12 meses e cálculos e projeto da 
compensação energética planejada.
2.2. TAXA DE OCUPAÇÃO MÍNIMA 
ATUAL
2.2.1.  EMPREENDIMENTOS
COMERCIAIS E INDUSTRIAIS
Para que a ediﬁcação seja elegível para a certiﬁcação 
GBC Brasil Zero Energy, deverá ter ocupação mínima 
(deﬁnida como média ou típica ocupação esperada 
durante o funcionamento normal), pelo menos nos 
12 meses durante o período de medição para a 
certiﬁcação, onde: 
Opção 01:
Pelo menos 50% da capacidade normal do edifício 
deve estar ﬁsicamente ocupada e os sistemas 
correspondentes do edifício devem operar
normalmente por um ano, para o início do período 
de medição. 
OU
Opção 02: 
Se o espaço está desocupado e não cumpre a 
exigência mínima, o GBC Brasil permitirá a ponderação 
do tempo, onde a ocupação cheia por alguns meses 
pode contrabalançar um nível de ocupação menor 
de 50% durante os outros meses do período da 
certiﬁcação. 
1.5. CONCEITO DE EDIFICAÇÃO NET 
ZERO ENERGY BUILDING
Para a certiﬁcação GBC Brasil Zero Energy considera-se 
Net Zero Building (NZB):
""NZEB é o edifício que comprova que o consumo 
de energia local da operação anual é zerado por 
uma combinação de alta eﬁciência energética e 
geração de energia por fontes renováveis."" 
2. REQUISITOS PARA 
QUALIFICAÇÃO A 
GBC BRASIL ZERO ENERGY
2.1. TEMPO DE OPERAÇÃO
2.1.1.  CERTIFICAÇÃO GBC BRASIL 
ZERO ENERGY DEFINITIVA
Para a obtenção da certiﬁcação GBC Brasil Zero 
Energy deﬁnitiva, todos os empreendimentos 
deverão ter pelo menos 1 ano de operação 
monitorado de forma contínua com o seu balanço 
energético anual zerado. 
Evidências: 
Deverá ser entregue o Formulário do Balanço 
Energético (Anexo A) anual zerado, assim como 
todas as contas de energia e de geração anual de 
energia. No caso de instalação de medidores 
individualizados privados, o empreendimento 
deverá apresentar os dados do medidor e a 
calibração conforme recomendada pelo fabricante.
2.1.2.  PRÉ-CERTIFICAÇÃO GBC BRASIL 
ZERO ENERGY
Destina-se a projetos de empreendimentos novos 
ou existentes que comprovem, por meio das evidências, 
que o balanço energético será zerado durante o 
período de um ano.
CERTIFICAÇÃO GBC BRASIL ZERO ENERGY
8
",2560,"Evidências: 
Edifícios Novos
Deverão ser entregues o relatório de simulação 
termoenergética do projeto com o consumo anual 
total de energia, assim como os cálculos e o projeto 
do potencial total de geração que comprovem a 
compensação energética planejada ao longo de um 
ano.
Edifícios Existentes: Deverão ser entregues as 
contas de energia elétrica e demais fontes de 
energia dos últimos 12 meses e cálculos e projeto da 
compensação energética planejada.
2.2. TAXA DE OCUPAÇÃO MÍNIMA 
ATUAL
2.2.1. EMPREENDIMENTOS
COMERCIAIS E INDUSTRIAIS
Para que a ediﬁcação seja elegível para a certiﬁcação 
GBC Brasil Zero Energy, deverá ter ocupação mínima 
(deﬁnida como média ou típica ocupação esperada 
durante o funcionamento normal), pelo menos nos 
12 meses durante o período de medição para a 
certiﬁcação, onde: 
Opção 01:
Pelo menos 50% da capacidade normal do edifício 
deve estar ﬁsicamente ocupada e os sistemas 
correspondentes do edifício devem operar
normalmente por um ano, para o início do período 
de medição. 
OU
Opção 02: 
Se o espaço está desocupado e não cumpre a 
exigência mínima, o GBC Brasil permitirá a ponderação 
do tempo, onde a ocupação cheia por alguns meses 
pode contrabalançar um nível de ocupação menor 
de 50% durante os outros meses do período da 
certiﬁcação. 
1.5. CONCEITO DE EDIFICAÇÃO NET 
ZERO ENERGY BUILDING
Para a certiﬁcação GBC Brasil Zero Energy considera-se 
Net Zero Building (NZB):
""NZEB é o edifício que comprova que o consumo 
de energia local da operação anual é zerado por 
uma combinação de alta eﬁciência energética e 
geração de energia por fontes renováveis."" 
2. REQUISITOS PARA 
QUALIFICAÇÃO A 
GBC BRASIL ZERO ENERGY
2.1. TEMPO DE OPERAÇÃO
2.1.1. CERTIFICAÇÃO GBC BRASIL 
ZERO ENERGY DEFINITIVA
Para a obtenção da certiﬁcação GBC Brasil Zero 
Energy deﬁnitiva, todos os empreendimentos 
deverão ter pelo menos 1 ano de operação 
monitorado de forma contínua com o seu balanço 
energético anual zerado. 
Evidências: 
Deverá ser entregue o Formulário do Balanço 
Energético (Anexo A) anual zerado, assim como 
todas as contas de energia e de geração anual de 
energia. No caso de instalação de medidores 
individualizados privados, o empreendimento 
deverá apresentar os dados do medidor e a 
calibração conforme recomendada pelo fabricante.
2.1.2. PRÉ-CERTIFICAÇÃO GBC BRASIL 
ZERO ENERGY
Destina-se a projetos de empreendimentos novos 
ou existentes que comprovem, por meio das evidências, 
que o balanço energético será zerado durante o 
período de um ano.
CERTIFICAÇÃO GBC BRASIL ZERO ENERGY",2560,2554
01_gbc_zero_energy_guia.pdf,Guia Completo GBC Zero Energy,GBC Brasil,certificacao,energia_net_zero,2019,vigente,guia técnico,certificação zero energy e balanço energético,9,"          • O GBC Brasil não impedirá o projeto de 
conseguir a certiﬁcação se a ocupação cair
inesperadamente abaixo de 50% após o registro e 
sob operações normais, desde que a aplicação da 
certiﬁcação esteja submetida antes de dois meses 
do declínio.
Evidências: 
Deverá ser entregue uma carta assinada pelo 
empreendedor atestando a ocupação
2.2.2.  EMPREENDIMENTOS
RESIDENCIAIS
O requisito Taxa de Ocupação não será aplicado a 
empreendimentos residenciais.
Evidências: 
Deverá ser entregue o projeto de arquitetura do 
empreendimento ou a certidão do imóvel que 
comprove o uso residencial.
2.3. METRAGENS MÍNIMAS DAS ÁREAS 
CONSTRUÍDAS
2.3.1. EMPREENDIMENTOS
COMERCIAIS E INDUSTRIAIS
Estas tipologias deverão ter no mínimo 100 m2 de 
área construída.
Evidências: 
Deverá ser entregue o projeto de arquitetura do 
empreendimento, com o detalhamento do quadro 
de áreas, ou a certidão do imóvel que comprove a 
área mínima de construção exigida.
2.3.2.  EMPREENDIMENTOS 
RESIDENCIAIS 
Não haverá limite de área mínima para unidades 
unifamiliares residenciais.
Evidências:
Deverá ser entregue o projeto de arquitetura do 
empreendimento, com o detalhamento do quadro 
de áreas ou a certidão do imóvel que comprove a 
área mínima de construção exigida.
Nota 1: 
100% das áreas do edifício devem ser consideradas na 
aplicação da certiﬁcação, com a seguinte exceção: se 
as operações estão sob o controle de gerência separado 
para uma parcela do edifício, até 10% da sua área 
poderá ser excluída. Outras isenções são proibidas.
2.4. TIPOLOGIA 
2.4.1.  CONFIRMAÇÃO DE
EMPREENDIMENTO PERMANENTE E 
NÃO PROVISÓRIO
Não será possível a certiﬁcação de construções 
provisórias, tais como stand de vendas, canteiros de 
obras, palcos e estruturas para eventos e shows, 
entre outros.
Evidências: 
Deverá ser entregue o projeto de arquitetura do 
empreendimento que comprove seu uso permanente.
2.4.2.  EMPREENDIMENTO DE TORRE 
ÚNICA OU CONDOMÍNIO
A tipologia será livre para todos os empreendimentos 
comerciais, residenciais, escolas, institucionais, 
edifícios de saúde, públicos e industriais, sejam 
horizontais, sejam verticais, em torres únicas ou 
condomínios, desde que atendam a todos os critérios 
elegíveis para a certiﬁcação e comprovem o balanço 
zero ao ﬁnal de um ano de operação.
2.4.2.1. EMPREENDIMENTO DE TORRE 
ÚNICA
A certiﬁcação será concedida ao empreendimento 
CERTIFICAÇÃO GBC BRASIL ZERO ENERGY
9
",2422,"• O GBC Brasil não impedirá o projeto de 
conseguir a certiﬁcação se a ocupação cair
inesperadamente abaixo de 50% após o registro e 
sob operações normais, desde que a aplicação da 
certiﬁcação esteja submetida antes de dois meses 
do declínio.
Evidências: 
Deverá ser entregue uma carta assinada pelo 
empreendedor atestando a ocupação
2.2.2. EMPREENDIMENTOS
RESIDENCIAIS
O requisito Taxa de Ocupação não será aplicado a 
empreendimentos residenciais.
Evidências: 
Deverá ser entregue o projeto de arquitetura do 
empreendimento ou a certidão do imóvel que 
comprove o uso residencial.
2.3. METRAGENS MÍNIMAS DAS ÁREAS 
CONSTRUÍDAS
2.3.1. EMPREENDIMENTOS
COMERCIAIS E INDUSTRIAIS
Estas tipologias deverão ter no mínimo 100 m2 de 
área construída.
Evidências: 
Deverá ser entregue o projeto de arquitetura do 
empreendimento, com o detalhamento do quadro 
de áreas, ou a certidão do imóvel que comprove a 
área mínima de construção exigida.
2.3.2. EMPREENDIMENTOS 
RESIDENCIAIS 
Não haverá limite de área mínima para unidades 
unifamiliares residenciais.
Evidências:
Deverá ser entregue o projeto de arquitetura do 
empreendimento, com o detalhamento do quadro 
de áreas ou a certidão do imóvel que comprove a 
área mínima de construção exigida.
Nota 1: 
100% das áreas do edifício devem ser consideradas na 
aplicação da certiﬁcação, com a seguinte exceção: se 
as operações estão sob o controle de gerência separado 
para uma parcela do edifício, até 10% da sua área 
poderá ser excluída. Outras isenções são proibidas.
2.4. TIPOLOGIA 
2.4.1. CONFIRMAÇÃO DE
EMPREENDIMENTO PERMANENTE E 
NÃO PROVISÓRIO
Não será possível a certiﬁcação de construções 
provisórias, tais como stand de vendas, canteiros de 
obras, palcos e estruturas para eventos e shows, 
entre outros.
Evidências: 
Deverá ser entregue o projeto de arquitetura do 
empreendimento que comprove seu uso permanente.
2.4.2. EMPREENDIMENTO DE TORRE 
ÚNICA OU CONDOMÍNIO
A tipologia será livre para todos os empreendimentos 
comerciais, residenciais, escolas, institucionais, 
edifícios de saúde, públicos e industriais, sejam 
horizontais, sejam verticais, em torres únicas ou 
condomínios, desde que atendam a todos os critérios 
elegíveis para a certiﬁcação e comprovem o balanço 
zero ao ﬁnal de um ano de operação.
2.4.2.1. EMPREENDIMENTO DE TORRE 
ÚNICA
A certiﬁcação será concedida ao empreendimento 
CERTIFICAÇÃO GBC BRASIL ZERO ENERGY",2422,2405
01_gbc_zero_energy_guia.pdf,Guia Completo GBC Zero Energy,GBC Brasil,certificacao,energia_net_zero,2019,vigente,guia técnico,certificação zero energy e balanço energético,10,"como um todo (todas as áreas referentes ao perímetro 
da ediﬁcação, que deverá apresentar todas as contas 
de energia do edifício ou ter um medidor único de 
toda a energia consumida) que comprovar seu 
consumo zerado, ou seja, não haverá possibilidade 
de recortes de áreas dentro do edifício para obter a 
certiﬁcação (por exemplo: interiores de lojas dentro 
de shoppings ou escritórios dentro de edifícios 
comerciais ou apartamentos dentro de edifícios 
residenciais).
Evidências:
Deverão ser entregues o layout das áreas locáveis e 
das áreas ocupadas no momento da inscrição do 
empreendimento, bem como a cópia dos contratos 
de locação ou venda desses espaços e suas contas 
de energia ou outros insumos energéticos.
2.4.2.2. CERTIFICAÇÃO DE 
CONDOMÍNIOS
Para que o Condomínio seja certiﬁcado, todas as 
suas ediﬁcações e áreas comuns devem ser certiﬁcadas, 
comprovando que o seu consumo total foi zerado.
Evidências: 
Deverão ser entregues o projeto de implantação do 
condomínio com o detalhamento de cada bloco, 
bem como a cópia dos contratos de locação ou 
venda desses espaços e as contas de energia ou 
outros insumos energéticos.
2.5. ATENDIMENTO ÀS LEGISLAÇÕES 
MUNICIPAIS, ESTADUAIS E FEDERAIS
O empreendimento deve estar em conformidade 
com as legislações municipais, estaduais e federais, 
o que inclui não só AVCB, Habite-se, Licenças de 
Operação, Licenças Ambientais, como também
outras que se ﬁzerem necessárias pela
particularidade da ediﬁcação e que deverão ser 
apresentadas no início do processo de certiﬁcação.
Evidências: 
Deverá ser entregue a declaração de cumprimento 
às legislações municipais, estaduais e federais 
pertinentes ao empreendimento.
2.6. EDIFÍCIO OFF-GRID
Um edifício oﬀ-grid (sem conexão à rede elétrica) 
será Net-Zero se todo o seu consumo de energia for 
proveniente de fontes renováveis. Caso haja consumo 
de energia não renovável (como o uso de geradores 
a diesel, por exemplo) de até 5% do consumo total 
do edifício, será possível certiﬁcar Net-Zero, 
comprovando a geração da mesma quantidade de 
energia primária advinda de fontes renováveis, por 
meio da aquisição de certiﬁcados de energia 
renovável na rede elétrica.
Evidências: 
Deverão ser entregues os projetos elétricos que 
comprovem a geração total de energia on site e 
seus possíveis backups para geração total do 
consumo de energia anual, devidamente assinado 
por responsável técnico, assim como o consumo 
anual de combustível fóssil utilizado durante o ano, 
e a documentação que comprove a compensação 
das emissões de CO   deste sistema com a compra 
de certiﬁcados de energia renovável na rede elétrica.
3. EFICIÊNCIA ENERGÉTICA 
MÍNIMA PARA GERAÇÃO 
RENOVÁVEL ON SITE OU OFF 
SITE
CERTIFICAÇÃO GBC BRASIL ZERO ENERGY
10
2
",2757,"como um todo (todas as áreas referentes ao perímetro 
da ediﬁcação, que deverá apresentar todas as contas 
de energia do edifício ou ter um medidor único de 
toda a energia consumida) que comprovar seu 
consumo zerado, ou seja, não haverá possibilidade 
de recortes de áreas dentro do edifício para obter a 
certiﬁcação (por exemplo: interiores de lojas dentro 
de shoppings ou escritórios dentro de edifícios 
comerciais ou apartamentos dentro de edifícios 
residenciais).
Evidências:
Deverão ser entregues o layout das áreas locáveis e 
das áreas ocupadas no momento da inscrição do 
empreendimento, bem como a cópia dos contratos 
de locação ou venda desses espaços e suas contas 
de energia ou outros insumos energéticos.
2.4.2.2. CERTIFICAÇÃO DE 
CONDOMÍNIOS
Para que o Condomínio seja certiﬁcado, todas as 
suas ediﬁcações e áreas comuns devem ser certiﬁcadas, 
comprovando que o seu consumo total foi zerado.
Evidências: 
Deverão ser entregues o projeto de implantação do 
condomínio com o detalhamento de cada bloco, 
bem como a cópia dos contratos de locação ou 
venda desses espaços e as contas de energia ou 
outros insumos energéticos.
2.5. ATENDIMENTO ÀS LEGISLAÇÕES 
MUNICIPAIS, ESTADUAIS E FEDERAIS
O empreendimento deve estar em conformidade 
com as legislações municipais, estaduais e federais, 
o que inclui não só AVCB, Habite-se, Licenças de 
Operação, Licenças Ambientais, como também
outras que se ﬁzerem necessárias pela
particularidade da ediﬁcação e que deverão ser 
apresentadas no início do processo de certiﬁcação.
Evidências: 
Deverá ser entregue a declaração de cumprimento 
às legislações municipais, estaduais e federais 
pertinentes ao empreendimento.
2.6. EDIFÍCIO OFF-GRID
Um edifício oﬀ-grid (sem conexão à rede elétrica) 
será Net-Zero se todo o seu consumo de energia for 
proveniente de fontes renováveis. Caso haja consumo 
de energia não renovável (como o uso de geradores 
a diesel, por exemplo) de até 5% do consumo total 
do edifício, será possível certiﬁcar Net-Zero, 
comprovando a geração da mesma quantidade de 
energia primária advinda de fontes renováveis, por 
meio da aquisição de certiﬁcados de energia 
renovável na rede elétrica.
Evidências: 
Deverão ser entregues os projetos elétricos que 
comprovem a geração total de energia on site e 
seus possíveis backups para geração total do 
consumo de energia anual, devidamente assinado 
por responsável técnico, assim como o consumo 
anual de combustível fóssil utilizado durante o ano, 
e a documentação que comprove a compensação 
das emissões de CO deste sistema com a compra 
de certiﬁcados de energia renovável na rede elétrica.
3. EFICIÊNCIA ENERGÉTICA 
MÍNIMA PARA GERAÇÃO 
RENOVÁVEL ON SITE OU OFF 
SITE
CERTIFICAÇÃO GBC BRASIL ZERO ENERGY",2757,2749
01_gbc_zero_energy_guia.pdf,Guia Completo GBC Zero Energy,GBC Brasil,certificacao,energia_net_zero,2019,vigente,guia técnico,certificação zero energy e balanço energético,11,"3.1.  LOCAL (ON SITE)
Se 100% da energia elétrica necessária for gerada 
por energia renovável no local, o edifício não
precisará comprovar eﬁciência energética mínima 
para receber a Certiﬁcação. Para tanto, bastará o 
edifício relatar as ações existentes de eﬁciência 
energética.
Evidências: 
Deverá ser entregue o relatório de eﬁciência energética 
do empreendimento, devidamente assinado por um 
responsável técnico, em que sejam apontadas as ações 
existentes de eﬁciência energética implantadas.
3.2. FORA DO LOCAL (OFF SITE)
Empreendimentos que comprem ou gerem energias 
renováveis fora do local precisam demonstrar que 
são energeticamente eﬁcientes. A comprovação 
ocorrerá com as seguintes opções:
Opção 01: 
Possuir certiﬁcação ambiental para edifícios susten-
táveis.
Certiﬁcações validadas: PBE Ediﬁca nível A, LEED, 
GBC Brasil CASA, AQUA-HQE ou outras certiﬁcações 
a serem aprovadas pontualmente pelo GBC Brasil.
OU
Opção 02: 
Comprovar a redução de 5% em relação à norma 
ASHRAE 90.1 – 2010.
OU
Opção 03: 
Comprovar a redução de 18% em relação aos 
requerimentos da ASHRAE 90.1-2007 apresentando 
um relatório técnico elaborado por proﬁssional 
qualiﬁcado, detalhando todas as soluções empregadas. 
Opção 04:
Comprovar que as contas apresentadas para 12 
meses consecutivos de consumo energético dentre 
os últimos 18 meses mostram um consumo 30% 
abaixo do nível de um edifício típico deﬁnido em 
conformidade com o indicador do projeto DEO do 
CBCS (disponível atualmente apenas para agências 
bancárias, escritórios corporativos e edifícios 
administrativos públicos).
OU
Opção 05:
Quando não houver um consumo base de energia 
do edifício existente proposto no DEO ou não for 
realizada a Simulação Energética calibrada, deverá 
ser usado como base o consumo médio contínuo de 
3 dos últimos 5 anos do próprio edifício e reduzir 
este consumo em pelo menos 15%.
Evidências:
Deverá ser entregue o Certiﬁcado de Green 
Building: PBE Ediﬁca, LEED, GBC Brasil CASA, 
AQUA_HQE, ou o Relatório técnico com redução de 
5%, ou o indicador típico do Benchmarking do DEO 
do CBCS com redução de 30%, ou os Cálculos do 
Consumo médio do Edifício Base com redução de 
15%, devidamente assinado por responsável técnico.
4. GERAÇÃO DE ENERGIA
RENOVÁVEL ON SITE OU OFF 
SITE
4.1. GERAÇÃO DE ENERGIA 
RENOVÁVEL ON SITE
Quando a geração de energia renovável ocorrer 
dentro dos limites do projeto a ser certiﬁcado e o 
sistema estiver conectado à rede elétrica da concessionária 
em conformidade com a RN 687-2015 da 
CERTIFICAÇÃO GBC BRASIL ZERO ENERGY
11
",2563,"3.1. LOCAL (ON SITE)
Se 100% da energia elétrica necessária for gerada 
por energia renovável no local, o edifício não
precisará comprovar eﬁciência energética mínima 
para receber a Certiﬁcação. Para tanto, bastará o 
edifício relatar as ações existentes de eﬁciência 
energética.
Evidências: 
Deverá ser entregue o relatório de eﬁciência energética 
do empreendimento, devidamente assinado por um 
responsável técnico, em que sejam apontadas as ações 
existentes de eﬁciência energética implantadas.
3.2. FORA DO LOCAL (OFF SITE)
Empreendimentos que comprem ou gerem energias 
renováveis fora do local precisam demonstrar que 
são energeticamente eﬁcientes. A comprovação 
ocorrerá com as seguintes opções:
Opção 01: 
Possuir certiﬁcação ambiental para edifícios susten-
táveis.
Certiﬁcações validadas: PBE Ediﬁca nível A, LEED, 
GBC Brasil CASA, AQUA-HQE ou outras certiﬁcações 
a serem aprovadas pontualmente pelo GBC Brasil.
OU
Opção 02: 
Comprovar a redução de 5% em relação à norma 
ASHRAE 90.1 – 2010.
OU
Opção 03: 
Comprovar a redução de 18% em relação aos 
requerimentos da ASHRAE 90.1-2007 apresentando 
um relatório técnico elaborado por proﬁssional 
qualiﬁcado, detalhando todas as soluções empregadas. 
Opção 04:
Comprovar que as contas apresentadas para 12 
meses consecutivos de consumo energético dentre 
os últimos 18 meses mostram um consumo 30% 
abaixo do nível de um edifício típico deﬁnido em 
conformidade com o indicador do projeto DEO do 
CBCS (disponível atualmente apenas para agências 
bancárias, escritórios corporativos e edifícios 
administrativos públicos).
OU
Opção 05:
Quando não houver um consumo base de energia 
do edifício existente proposto no DEO ou não for 
realizada a Simulação Energética calibrada, deverá 
ser usado como base o consumo médio contínuo de 
3 dos últimos 5 anos do próprio edifício e reduzir 
este consumo em pelo menos 15%.
Evidências:
Deverá ser entregue o Certiﬁcado de Green 
Building: PBE Ediﬁca, LEED, GBC Brasil CASA, 
AQUA_HQE, ou o Relatório técnico com redução de 
5%, ou o indicador típico do Benchmarking do DEO 
do CBCS com redução de 30%, ou os Cálculos do 
Consumo médio do Edifício Base com redução de 
15%, devidamente assinado por responsável técnico.
4. GERAÇÃO DE ENERGIA
RENOVÁVEL ON SITE OU OFF 
SITE
4.1. GERAÇÃO DE ENERGIA 
RENOVÁVEL ON SITE
Quando a geração de energia renovável ocorrer 
dentro dos limites do projeto a ser certiﬁcado e o 
sistema estiver conectado à rede elétrica da concessionária 
em conformidade com a RN 687-2015 da 
CERTIFICAÇÃO GBC BRASIL ZERO ENERGY",2563,2558
01_gbc_zero_energy_guia.pdf,Guia Completo GBC Zero Energy,GBC Brasil,certificacao,energia_net_zero,2019,vigente,guia técnico,certificação zero energy e balanço energético,12,"ANEEL, sua geração será abatida da totalidade do 
consumo de energia global anual do edifício, de 
acordo com o fator de conversão das energias 
primárias deﬁnidas pelo CB3E de acordo com a 
metodologia do PBE Ediﬁca, exceto para energia 
elétrica onde o fator a ser utilizado será de 1,0 e não 
de 1,6 como usado pelo PBE.
Evidências:
Deverão ser entregues os projetos de geração de 
energia on site aprovados na concessionária local 
que comprovem a geração total de energia anual, 
assim como o relatório de consumo anual de 
energia do empreendimento, devidamente assinado 
por responsável técnico.
4.2. GERAÇÃO DE ENERGIA
RENOVÁVEL OFF SITE
Quando a geração de energia renovável adicional 
(complementar ao que não foi gerado internamente) 
for realizada fora do edifício, em outros locais em 
conformidade com a RN 687-2015 da ANEEL e que 
optam por realizar a compensação de energia na 
conta do edifício a ser certiﬁcado, também será 
considerada sua totalidade para abater do consumo 
anual do edifício, de acordo com o fator de conversão 
das energias primárias deﬁnidas pelo CB3E de 
acordo com a metodologia do PBE Ediﬁca, exceto 
para energia elétrica onde o fator a ser utilizado será 
o de 1,0 e não de 1,6 como usado pelo PBE.
Evidências: 
Deverão ser entregues os projetos elétricos de 
geração de energia oﬀ site aprovados na 
concessionária local que comprovem a geração total 
de energia anual, assim como o relatório de 
consumo anual de energia do empreendimento e o 
contrato de fornecimento com o potencial de 
geração anual oﬀ site, devidamente assinado por 
um responsável técnico.
5. COMPRA DE CRÉDITOS DE 
ENERGIA RENOVÁVEL
5.1. EMPREENDIMENTOS
COMERCIAIS, INDUSTRIAIS E OUTROS
Caso a soma de energia gerada no local e de energia 
gerada fora do próprio edifício não residencial não 
seja suﬁciente para atingir a condição de edifício 
Net-Zero, o consumo energético adicional do 
edifício pode ser compensado por meio da compra 
de energia renovável através de PPA com REC Brazil 
ou REC Brazil limitado a 10% do consumo anual 
total de energia do edifício.
A compensação de outras fontes de energias, 
incluindo gás natural, GLP, óleo diesel, entre outros a 
avaliar, que não sejam usadas no edifício para 
geração de energia elétrica, poderá ser realizada 
através de RECs, mesmo que ela ultrapasse o limite 
de 10% do consumo anual total.
Evidências:
Deverão ser entregues o contrato de compra dos 
PPA com REC Brazil ou REC Brazil, assim como um 
relatório da geração anual total de energia fornecida 
ao empreendimento.
5.2. EMPREENDIMENTOS
RESIDENCIAIS
Para empreendimentos residenciais, os consumos de 
outras fontes de energias (por exemplo, gás natural, 
GLP, óleo diesel, entre outras a avaliar) que não sejam 
utilizadas para geração de energia elétrica, assim 
como a taxa de disponibilidade, poderão ser compen-
sados através da aquisição de REC Brazil, mesmo que 
estes consumos ultrapassem o limite de 10% do 
consumo equivalente total anual.
Evidências: 
Deverão ser entregues o contrato de compra de REC 
Brazil, assim como relatório da geração anual total de 
energia fornecida ao empreendimento.
CERTIFICAÇÃO GBC BRASIL ZERO ENERGY
12
",3183,"ANEEL, sua geração será abatida da totalidade do 
consumo de energia global anual do edifício, de 
acordo com o fator de conversão das energias 
primárias deﬁnidas pelo CB3E de acordo com a 
metodologia do PBE Ediﬁca, exceto para energia 
elétrica onde o fator a ser utilizado será de 1,0 e não 
de 1,6 como usado pelo PBE.
Evidências:
Deverão ser entregues os projetos de geração de 
energia on site aprovados na concessionária local 
que comprovem a geração total de energia anual, 
assim como o relatório de consumo anual de 
energia do empreendimento, devidamente assinado 
por responsável técnico.
4.2. GERAÇÃO DE ENERGIA
RENOVÁVEL OFF SITE
Quando a geração de energia renovável adicional 
(complementar ao que não foi gerado internamente) 
for realizada fora do edifício, em outros locais em 
conformidade com a RN 687-2015 da ANEEL e que 
optam por realizar a compensação de energia na 
conta do edifício a ser certiﬁcado, também será 
considerada sua totalidade para abater do consumo 
anual do edifício, de acordo com o fator de conversão 
das energias primárias deﬁnidas pelo CB3E de 
acordo com a metodologia do PBE Ediﬁca, exceto 
para energia elétrica onde o fator a ser utilizado será 
o de 1,0 e não de 1,6 como usado pelo PBE.
Evidências: 
Deverão ser entregues os projetos elétricos de 
geração de energia oﬀ site aprovados na 
concessionária local que comprovem a geração total 
de energia anual, assim como o relatório de 
consumo anual de energia do empreendimento e o 
contrato de fornecimento com o potencial de 
geração anual oﬀ site, devidamente assinado por 
um responsável técnico.
5. COMPRA DE CRÉDITOS DE 
ENERGIA RENOVÁVEL
5.1. EMPREENDIMENTOS
COMERCIAIS, INDUSTRIAIS E OUTROS
Caso a soma de energia gerada no local e de energia 
gerada fora do próprio edifício não residencial não 
seja suﬁciente para atingir a condição de edifício 
Net-Zero, o consumo energético adicional do 
edifício pode ser compensado por meio da compra 
de energia renovável através de PPA com REC Brazil 
ou REC Brazil limitado a 10% do consumo anual 
total de energia do edifício.
A compensação de outras fontes de energias, 
incluindo gás natural, GLP, óleo diesel, entre outros a 
avaliar, que não sejam usadas no edifício para 
geração de energia elétrica, poderá ser realizada 
através de RECs, mesmo que ela ultrapasse o limite 
de 10% do consumo anual total.
Evidências:
Deverão ser entregues o contrato de compra dos 
PPA com REC Brazil ou REC Brazil, assim como um 
relatório da geração anual total de energia fornecida 
ao empreendimento.
5.2. EMPREENDIMENTOS
RESIDENCIAIS
Para empreendimentos residenciais, os consumos de 
outras fontes de energias (por exemplo, gás natural, 
GLP, óleo diesel, entre outras a avaliar) que não sejam 
utilizadas para geração de energia elétrica, assim 
como a taxa de disponibilidade, poderão ser compen-
sados através da aquisição de REC Brazil, mesmo que 
estes consumos ultrapassem o limite de 10% do 
consumo equivalente total anual.
Evidências: 
Deverão ser entregues o contrato de compra de REC 
Brazil, assim como relatório da geração anual total de 
energia fornecida ao empreendimento.
CERTIFICAÇÃO GBC BRASIL ZERO ENERGY",3183,3179
01_gbc_zero_energy_guia.pdf,Guia Completo GBC Zero Energy,GBC Brasil,certificacao,energia_net_zero,2019,vigente,guia técnico,certificação zero energy e balanço energético,13,"6. USO DE ENERGIA NÃO
RENOVÁVEL
Nos casos em que o empreendimento ﬁzer uso de 
energias fósseis, deverá ser enviada a comprovação 
(evidências por fotos e notas da compra de diesel ou 
outro insumo utilizado), sendo necessário o relatório 
do fornecimento de toda a energia primária da 
ediﬁcação, mesmo as usadas apenas para 
emergência, que englobará todas as fontes de 
energia utilizadas na ediﬁcação, como: gás natural, 
GLP, óleo diesel, entre outros a avaliar, usando 
fatores de conversão para energia primária, como já 
está sendo adotado pelo CB3E de acordo com a 
metodologia do PBE Ediﬁca, exceto para energia 
elétrica onde o fator a ser utilizado será o de 1,0 e 
não de 1,6 como usado pelo PBE.
Evidências: 
Fotos e notas da compra de todos os insumos 
utilizados: gás natural, GLP, óleo diesel, entre outros 
a avaliar, assim como o relatório do total de energia 
gerada por estas fontes, devidamente assinado por 
um responsável técnico.
7. 
CERTIFICAÇÃO
Este referencial pode ser aplicado tanto aos edifícios 
que procuram a certiﬁcação GBC Brasil Zero Energy 
pela primeira vez como a projetos anteriormente 
certiﬁcados sob qualquer versão do referencial GBC 
Brasil Zero Energy.  
7.1. PRAZO DE VALIDADE DA
CERTIFICAÇÃO
A certiﬁcação inicial refere-se ao primeiro pedido de 
certiﬁcação e tem validade de 12 meses.
7.2. RENOVAÇÃO
A Renovação é a aplicação, ou aplicações 
subsequente(s), para certiﬁcação depois que um 
projeto recebeu uma certiﬁcação inicial sob 
qualquer versão do GBC Brasil Zero Energy. Será 
obtida se for comprovado que o balanço energético 
foi zerado nos últimos 12 meses contínuos, 
contados a partir da data certiﬁcação inicial.
A Renovação deverá ser realizada de acordo com os 
requisitos da versão mais atual do referencial 
disponível na data em que o projeto se registrar.
Nota 1: 
O cliente terá o prazo de até 60 dias corridos após a 
validade de 12 meses do certiﬁcado para apresentar a 
documentação de recertiﬁcação. Caso ele comprove a 
compensação do consumo anual total, o GBC Brasil 
terá 30 dias corridos para avaliar a documentação e 
emitir a recertiﬁcação do empreendimento por mais 12 
meses, contados da data de vencimento da certiﬁcação 
anterior.
8. BALANÇO ENERGÉTICO 
ANUAL DO EDIFÍCIO
Para manter a certiﬁcação, o edifício deve ter 
monitoramento total do consumo anual e geração 
de energia e comprometer-se a fornecer estes dados 
para o GBC Brasil anualmente, conforme tabela de 
geração e consumo, com a apresentação de suas 
evidências (contas de consumo de energia mensais 
e contratos de fornecimento de energia renovável), 
para validação dos resultados, comprovando 
anualmente que o seu balanço energético foi 
zerado. Caso isso não ocorra, o edifício não terá a 
certiﬁcação renovada.
Evidências: Deverão ser entregues o Formulário do 
Balanço Energético anual zerado, assim como todas 
as contas de consumo e geração anual de energia, 
devidamente assinados por um responsável técnico.
CERTIFICAÇÃO GBC BRASIL ZERO ENERGY
13
",3010,"6. USO DE ENERGIA NÃO
RENOVÁVEL
Nos casos em que o empreendimento ﬁzer uso de 
energias fósseis, deverá ser enviada a comprovação 
(evidências por fotos e notas da compra de diesel ou 
outro insumo utilizado), sendo necessário o relatório 
do fornecimento de toda a energia primária da 
ediﬁcação, mesmo as usadas apenas para 
emergência, que englobará todas as fontes de 
energia utilizadas na ediﬁcação, como: gás natural, 
GLP, óleo diesel, entre outros a avaliar, usando 
fatores de conversão para energia primária, como já 
está sendo adotado pelo CB3E de acordo com a 
metodologia do PBE Ediﬁca, exceto para energia 
elétrica onde o fator a ser utilizado será o de 1,0 e 
não de 1,6 como usado pelo PBE.
Evidências: 
Fotos e notas da compra de todos os insumos 
utilizados: gás natural, GLP, óleo diesel, entre outros 
a avaliar, assim como o relatório do total de energia 
gerada por estas fontes, devidamente assinado por 
um responsável técnico.
7. 
CERTIFICAÇÃO
Este referencial pode ser aplicado tanto aos edifícios 
que procuram a certiﬁcação GBC Brasil Zero Energy 
pela primeira vez como a projetos anteriormente 
certiﬁcados sob qualquer versão do referencial GBC 
Brasil Zero Energy. 
7.1. PRAZO DE VALIDADE DA
CERTIFICAÇÃO
A certiﬁcação inicial refere-se ao primeiro pedido de 
certiﬁcação e tem validade de 12 meses.
7.2. RENOVAÇÃO
A Renovação é a aplicação, ou aplicações 
subsequente(s), para certiﬁcação depois que um 
projeto recebeu uma certiﬁcação inicial sob 
qualquer versão do GBC Brasil Zero Energy. Será 
obtida se for comprovado que o balanço energético 
foi zerado nos últimos 12 meses contínuos, 
contados a partir da data certiﬁcação inicial.
A Renovação deverá ser realizada de acordo com os 
requisitos da versão mais atual do referencial 
disponível na data em que o projeto se registrar.
Nota 1: 
O cliente terá o prazo de até 60 dias corridos após a 
validade de 12 meses do certiﬁcado para apresentar a 
documentação de recertiﬁcação. Caso ele comprove a 
compensação do consumo anual total, o GBC Brasil 
terá 30 dias corridos para avaliar a documentação e 
emitir a recertiﬁcação do empreendimento por mais 12 
meses, contados da data de vencimento da certiﬁcação 
anterior.
8. BALANÇO ENERGÉTICO 
ANUAL DO EDIFÍCIO
Para manter a certiﬁcação, o edifício deve ter 
monitoramento total do consumo anual e geração 
de energia e comprometer-se a fornecer estes dados 
para o GBC Brasil anualmente, conforme tabela de 
geração e consumo, com a apresentação de suas 
evidências (contas de consumo de energia mensais 
e contratos de fornecimento de energia renovável), 
para validação dos resultados, comprovando 
anualmente que o seu balanço energético foi 
zerado. Caso isso não ocorra, o edifício não terá a 
certiﬁcação renovada.
Evidências: Deverão ser entregues o Formulário do 
Balanço Energético anual zerado, assim como todas 
as contas de consumo e geração anual de energia, 
devidamente assinados por um responsável técnico.
CERTIFICAÇÃO GBC BRASIL ZERO ENERGY",3010,3005
01_gbc_zero_energy_guia.pdf,Guia Completo GBC Zero Energy,GBC Brasil,certificacao,energia_net_zero,2019,vigente,guia técnico,certificação zero energy e balanço energético,14,"9. PROJETOS PILOTOS GBC BRASIL ZERO ENERGY
9.1. PROJETO CICS – CENTRO DE INOVAÇÃO EM CONSTRUÇÃO SUSTENTÁVEL – 
USP SÃO PAULO - SP
Proprietário 
Universidade de São Paulo
Local
São Paulo - Cidade Universitária da USP
Área total construída
1.450 m²
Arquiteto 
Roberto Aﬂalo                                               
Construtora
A deﬁnir
Consultoria
Prof. Alberto Hernandez
Fase Atual
Projeto Executivo, previsão término em 
outubro/2017. 
Licitação no 2° semestre e obra mais 12 meses.
O empreendimento atende aos critérios de elegibilidade, 
com exceção dos 12 meses mínimos exigidos de 
operação com mediação contínua de energia, pois 
está em fase de projeto.
Através das estratégias de Eﬁciência Energética 
projetadas, seu consumo anual de energia primária 
estimada será de 57.900 kWh/ano e o potencial de 
geração de energia renovável on site será de (57.900 
kWh/ano), portanto será possível o balanço energético 
zerado, comprovando o atendimento ao Net-Zero e a 
obtenção da sua certiﬁcação deﬁnitiva após 12 meses 
de operação.
Portanto este Projeto foi aprovado como um dos 
Pilotos pelo Comitê, para Pré-Certiﬁcação 
NET-Zero Energy Building.
CERTIFICAÇÃO GBC BRASIL ZERO ENERGY
14
",1198,"9. PROJETOS PILOTOS GBC BRASIL ZERO ENERGY
9.1. PROJETO CICS – CENTRO DE INOVAÇÃO EM CONSTRUÇÃO SUSTENTÁVEL – 
USP SÃO PAULO - SP
Proprietário 
Universidade de São Paulo
Local
São Paulo - Cidade Universitária da USP
Área total construída
1.450 m²
Arquiteto 
Roberto Aﬂalo 
Construtora
A deﬁnir
Consultoria
Prof. Alberto Hernandez
Fase Atual
Projeto Executivo, previsão término em 
outubro/2017. 
Licitação no 2° semestre e obra mais 12 meses.
O empreendimento atende aos critérios de elegibilidade, 
com exceção dos 12 meses mínimos exigidos de 
operação com mediação contínua de energia, pois 
está em fase de projeto.
Através das estratégias de Eﬁciência Energética 
projetadas, seu consumo anual de energia primária 
estimada será de 57.900 kWh/ano e o potencial de 
geração de energia renovável on site será de (57.900 
kWh/ano), portanto será possível o balanço energético 
zerado, comprovando o atendimento ao Net-Zero e a 
obtenção da sua certiﬁcação deﬁnitiva após 12 meses 
de operação.
Portanto este Projeto foi aprovado como um dos 
Pilotos pelo Comitê, para Pré-Certiﬁcação 
NET-Zero Energy Building.
CERTIFICAÇÃO GBC BRASIL ZERO ENERGY",1198,1148
01_gbc_zero_energy_guia.pdf,Guia Completo GBC Zero Energy,GBC Brasil,certificacao,energia_net_zero,2019,vigente,guia técnico,certificação zero energy e balanço energético,15,"Proprietário 
RAC Engenharia
Local 
Curitiba - PR
Área total construída 
600 m²
Arquiteto 
Gonzalo Serra                       
Construtora 
RAC Engenharia
Consultoria 
Petinelli
Fase Atual 
Em operação há 2 meses
9.2. PROJETO SEDE RAC ENGENHARIA – 
CURITIBA - PR
O empreendimento atende aos critérios de
elegibilidade, com exceção dos 12 meses mínimos 
exigidos de operação com medição contínua de 
energia, pois foi inaugurado em abril de 2017.
Através das estratégias de Eﬁciência Energética 
instaladas, seu consumo anual de energia primária 
estimada será de 26.000 kWh/ano e o potencial de 
geração de energia renovável on site será de 26.590 
kWh/ano, portanto será possível a geração superior 
ao consumo, comprovando o atendimento ao Zero 
Energy e a obtenção de sua certiﬁcação deﬁnitiva 
após 12 meses de operação.
Portanto este Projeto foi aprovado como um dos 
Pilotos pelo Comitê, para Pré-Certiﬁcação GBC 
Brasil Zero Energy.
CERTIFICAÇÃO GBC BRASIL ZERO ENERGY
15
",980,"Proprietário 
RAC Engenharia
Local 
Curitiba - PR
Área total construída 
600 m²
Arquiteto 
Gonzalo Serra 
Construtora 
RAC Engenharia
Consultoria 
Petinelli
Fase Atual 
Em operação há 2 meses
9.2. PROJETO SEDE RAC ENGENHARIA – 
CURITIBA - PR
O empreendimento atende aos critérios de
elegibilidade, com exceção dos 12 meses mínimos 
exigidos de operação com medição contínua de 
energia, pois foi inaugurado em abril de 2017.
Através das estratégias de Eﬁciência Energética 
instaladas, seu consumo anual de energia primária 
estimada será de 26.000 kWh/ano e o potencial de 
geração de energia renovável on site será de 26.590 
kWh/ano, portanto será possível a geração superior 
ao consumo, comprovando o atendimento ao Zero 
Energy e a obtenção de sua certiﬁcação deﬁnitiva 
após 12 meses de operação.
Portanto este Projeto foi aprovado como um dos 
Pilotos pelo Comitê, para Pré-Certiﬁcação GBC 
Brasil Zero Energy.
CERTIFICAÇÃO GBC BRASIL ZERO ENERGY",980,954
01_gbc_zero_energy_guia.pdf,Guia Completo GBC Zero Energy,GBC Brasil,certificacao,energia_net_zero,2019,vigente,guia técnico,certificação zero energy e balanço energético,16,"  
9.3. PROJETO CRECHE MUNICIPAL HASSIS – 
FLORIANÓPOLIS – SC
Proprietário 
Prefeitura Municipal Florianópolis
Local 
Florianópolis -SC
Área total construída 
1.000 m²
Arquiteto 
Prefeitura de Florianópolis                                            
Construtora
-
Consultoria 
Petinelli
Fase Atual 
Em operação há 2 anos
O empreendimento atende aos critérios de elegibilidade 
para Certiﬁcação Net Zero.
Através das estratégias de Eﬁciência Energética instaladas, 
seu consumo anual de energia primária estimado foi de 
21.000 kWh/ano e o potencial de geração de energia 
renovável on site foi de 30.496 kWh/ano, portanto seria 
possível a geração superior ao consumo, comprovando o 
atendimento ao Net Zero, porém os dados reais de 
consumo demonstram um consumo maior ao gerado 
atualmente, devido à instalação de novos equipamentos e 
à instalação incorreta de aquecedores solares existentes. 
Foram sugeridos o aumento da quantidade de painéis 
fotovoltaicos na cobertura e a correta operação dos 
aquecedores e secadoras elétricas para o balanço 
energético ser zerado.
Portanto este Projeto foi aprovado como um dos 
Pilotos pelo Comitê, para Certiﬁcação GBC Brasil 
Zero Energy, e poderá obtê-la desde que 
comprove o desempenho projetado acima ou 
realize os ajustes propostos acima.
CERTIFICAÇÃO GBC BRASIL ZERO ENERGY
16
",1332,"9.3. PROJETO CRECHE MUNICIPAL HASSIS – 
FLORIANÓPOLIS – SC
Proprietário 
Prefeitura Municipal Florianópolis
Local 
Florianópolis -SC
Área total construída 
1.000 m²
Arquiteto 
Prefeitura de Florianópolis 
Construtora
-
Consultoria 
Petinelli
Fase Atual 
Em operação há 2 anos
O empreendimento atende aos critérios de elegibilidade 
para Certiﬁcação Net Zero.
Através das estratégias de Eﬁciência Energética instaladas, 
seu consumo anual de energia primária estimado foi de 
21.000 kWh/ano e o potencial de geração de energia 
renovável on site foi de 30.496 kWh/ano, portanto seria 
possível a geração superior ao consumo, comprovando o 
atendimento ao Net Zero, porém os dados reais de 
consumo demonstram um consumo maior ao gerado 
atualmente, devido à instalação de novos equipamentos e 
à instalação incorreta de aquecedores solares existentes. 
Foram sugeridos o aumento da quantidade de painéis 
fotovoltaicos na cobertura e a correta operação dos 
aquecedores e secadoras elétricas para o balanço 
energético ser zerado.
Portanto este Projeto foi aprovado como um dos 
Pilotos pelo Comitê, para Certiﬁcação GBC Brasil 
Zero Energy, e poderá obtê-la desde que 
comprove o desempenho projetado acima ou 
realize os ajustes propostos acima.
CERTIFICAÇÃO GBC BRASIL ZERO ENERGY",1332,1282
01_gbc_zero_energy_guia.pdf,Guia Completo GBC Zero Energy,GBC Brasil,certificacao,energia_net_zero,2019,vigente,guia técnico,certificação zero energy e balanço energético,17,"Proprietário
Sinduscon PR
Local
Curitiba - PR
Área total construída 
8.500 m²
Arquiteto 
Bacoccini 
Construtora
Arce
Consultoria 
Petinelli
Fase Atual 
 Em construção, com previsão de término para 
janeiro/2018 e início de operação em março/2018
9.4. PROJETO SEDE SINDUSCON PR – 
CURITIBA - PR
O empreendimento atende aos critérios de elegibilidade, 
com exceção dos 12 meses mínimos exigidos de 
operação com mediação contínua de energia e da 
taxa mínima de ocupação de 50%, pois está em 
construção e é um empreendimento para locação 
sem um cliente já deﬁnido.
Através das estratégias de Eﬁciência Energética 
projetadas, seu consumo anual de energia primária 
estimada será de 130.000 kWh/ano e o potencial de 
geração de energia renovável on site será de 
217.000 kWh/ano. Será possível a geração superior 
ao consumo, comprovando o atendimento ao Zero 
Energy e a obtenção de sua certiﬁcação deﬁnitiva 
após 12 meses do início de operação com pelo 
menos 50% da ocupação do empreendimento.
Portanto este Projeto foi aprovado como um dos 
Pilotos pelo Comitê, para Pré-Certiﬁcação GBC 
Brasil Zero Energy.
CERTIFICAÇÃO GBC BRASIL ZERO ENERGY
17
",1151,"Proprietário
Sinduscon PR
Local
Curitiba - PR
Área total construída 
8.500 m²
Arquiteto 
Bacoccini 
Construtora
Arce
Consultoria 
Petinelli
Fase Atual 
 Em construção, com previsão de término para 
janeiro/2018 e início de operação em março/2018
9.4. PROJETO SEDE SINDUSCON PR – 
CURITIBA - PR
O empreendimento atende aos critérios de elegibilidade, 
com exceção dos 12 meses mínimos exigidos de 
operação com mediação contínua de energia e da 
taxa mínima de ocupação de 50%, pois está em 
construção e é um empreendimento para locação 
sem um cliente já deﬁnido.
Através das estratégias de Eﬁciência Energética 
projetadas, seu consumo anual de energia primária 
estimada será de 130.000 kWh/ano e o potencial de 
geração de energia renovável on site será de 
217.000 kWh/ano. Será possível a geração superior 
ao consumo, comprovando o atendimento ao Zero 
Energy e a obtenção de sua certiﬁcação deﬁnitiva 
após 12 meses do início de operação com pelo 
menos 50% da ocupação do empreendimento.
Portanto este Projeto foi aprovado como um dos 
Pilotos pelo Comitê, para Pré-Certiﬁcação GBC 
Brasil Zero Energy.
CERTIFICAÇÃO GBC BRASIL ZERO ENERGY",1151,1147
01_gbc_zero_energy_guia.pdf,Guia Completo GBC Zero Energy,GBC Brasil,certificacao,energia_net_zero,2019,vigente,guia técnico,certificação zero energy e balanço energético,18,"Proprietário
Studio Motion
Local 
Atibaia - SP
Área total construída
200 m²
Arquiteto 
I8 Arquitetura                              
Construtora 
Rubião Eco
Consultoria
I8 Arquitetura   
Fase Atual 
Projetos concluídos, previsão de início de obra em 
julho/2017 e início de operação em julho/2018.
O empreendimento atende aos critérios de 
elegibilidade, com exceção dos 12 meses mínimos 
exigidos de operação com mediação contínua de 
energia, pois está em projeto.
Através das estratégias de Eﬁciência Energética 
projetadas, seu consumo anual de energia primária 
estimado será de 5.280 kWh/ano e o potencial de 
geração de energia renovável on site será de 6.250 
kWh/ano. O empreendimento também prevê a 
instalação de bancos de baterias para operação 
oﬀ-grid em alguns horários do dia ou no caso de 
falta de energia. Será possível a geração superior ao 
consumo, comprovando o atendimento ao Zero 
Energy e a obtenção de sua certiﬁcação deﬁnitiva 
após 12 meses de operação.
Portanto este Projeto foi aprovado como um dos 
Pilotos pelo Comitê, para Pré-Certiﬁcação GBC 
Brasil Zero Energy.
CERTIFICAÇÃO GBC BRASIL ZERO ENERGY
18
9.5.  PROJETO CASA DO FUTURO –
ATIBAIA -SP
",1179,"Proprietário
Studio Motion
Local 
Atibaia - SP
Área total construída
200 m²
Arquiteto 
I8 Arquitetura 
Construtora 
Rubião Eco
Consultoria
I8 Arquitetura 
Fase Atual 
Projetos concluídos, previsão de início de obra em 
julho/2017 e início de operação em julho/2018.
O empreendimento atende aos critérios de 
elegibilidade, com exceção dos 12 meses mínimos 
exigidos de operação com mediação contínua de 
energia, pois está em projeto.
Através das estratégias de Eﬁciência Energética 
projetadas, seu consumo anual de energia primária 
estimado será de 5.280 kWh/ano e o potencial de 
geração de energia renovável on site será de 6.250 
kWh/ano. O empreendimento também prevê a 
instalação de bancos de baterias para operação 
oﬀ-grid em alguns horários do dia ou no caso de 
falta de energia. Será possível a geração superior ao 
consumo, comprovando o atendimento ao Zero 
Energy e a obtenção de sua certiﬁcação deﬁnitiva 
após 12 meses de operação.
Portanto este Projeto foi aprovado como um dos 
Pilotos pelo Comitê, para Pré-Certiﬁcação GBC 
Brasil Zero Energy.
CERTIFICAÇÃO GBC BRASIL ZERO ENERGY
 
9.5. PROJETO CASA DO FUTURO –
ATIBAIA -SP",1179,1145
01_gbc_zero_energy_guia.pdf,Guia Completo GBC Zero Energy,GBC Brasil,certificacao,energia_net_zero,2019,vigente,guia técnico,certificação zero energy e balanço energético,19,"9.6.  PROJETO MONTAGE BOTAFOGO – 
CAMPINAS - SP
Proprietário 
Montage
Local 
Campinas - SP
Área total construída 
3.975,09 m²
Arquiteto 
URB Arquitetura – Arq. Fábio Lopes Pires                      
Construtora
Montage Construtora
Consultoria 
Macki
Fase Atual 
Em projeto
O empreendimento está em busca da certiﬁcação 
Referencial Casa GBCB e atende aos critérios de 
elegibilidade para geração de energia oﬀ site, com 
exceção dos 12 meses mínimos exigidos de operação 
com mediação contínua de energia, pois está em 
construção.
Através das estratégias de Eﬁciência Energética 
projetadas, seu consumo anual de energia primária 
estimada será de 89.520 kWh/ano e o potencial de 
geração de energia renovável oﬀ site será de 100.800 
kWh/ano. Será possível a geração superior ao 
consumo, comprovando o atendimento ao Zero 
Energy e a obtenção de sua certiﬁcação deﬁnitiva 
após 12 meses do início de operação com medição 
contínua do consumo e geração de energia 
fotovoltaica oﬀ site.
Portanto este Projeto foi aprovado como um dos 
Pilotos pelo Comitê, para Pré-Certiﬁcação GBC 
Brasil Zero Energy.
CERTIFICAÇÃO GBC BRASIL ZERO ENERGY
19
",1144,"9.6. PROJETO MONTAGE BOTAFOGO – 
CAMPINAS - SP
Proprietário 
Montage
Local 
Campinas - SP
Área total construída 
3.975,09 m²
Arquiteto 
URB Arquitetura – Arq. Fábio Lopes Pires 
Construtora
Montage Construtora
Consultoria 
Macki
Fase Atual 
Em projeto
O empreendimento está em busca da certiﬁcação 
Referencial Casa GBCB e atende aos critérios de 
elegibilidade para geração de energia oﬀ site, com 
exceção dos 12 meses mínimos exigidos de operação 
com mediação contínua de energia, pois está em 
construção.
Através das estratégias de Eﬁciência Energética 
projetadas, seu consumo anual de energia primária 
estimada será de 89.520 kWh/ano e o potencial de 
geração de energia renovável oﬀ site será de 100.800 
kWh/ano. Será possível a geração superior ao 
consumo, comprovando o atendimento ao Zero 
Energy e a obtenção de sua certiﬁcação deﬁnitiva 
após 12 meses do início de operação com medição 
contínua do consumo e geração de energia 
fotovoltaica oﬀ site.
Portanto este Projeto foi aprovado como um dos 
Pilotos pelo Comitê, para Pré-Certiﬁcação GBC 
Brasil Zero Energy.
CERTIFICAÇÃO GBC BRASIL ZERO ENERGY",1144,1118
01_gbc_zero_energy_guia.pdf,Guia Completo GBC Zero Energy,GBC Brasil,certificacao,energia_net_zero,2019,vigente,guia técnico,certificação zero energy e balanço energético,20,"Proprietário 
De Paola & Panasolo Sociedade de Advogados
Local 
Curitiba - PR
Área total construída
500 m²
Arquiteto 
Edifício Existente                                        
Construtora 
Edifício Existente        
Consultoria
Petinelli
Fase Atual
Início operação do sistema fotovoltaico em 
julho/2017.
9.7. PROJETO ESCRITÓRIO ADVOCACIA DE PAOLA & PANASOLO - 
CURITIBA - PR
O empreendimento atende aos critérios de 
elegibilidade para Certiﬁcação Net-Zero, com 
exceção dos 12 meses mínimos exigidos de 
operação com mediação contínua de energia, 
pois o sistema fotovoltaico entrou em operação 
em julho/2017.
Através das estratégias de Eﬁciência Energética 
instaladas, seu consumo anual de energia primária 
estimado foi de 17.951 kWh/ano e o potencial de 
geração de energia renovável on site foi de 18.575 
kWh/ano. Portanto, será possível a geração superior 
ao consumo,  comprovando o atendimento ao Zero 
Energy e a obtenção de sua certiﬁcação deﬁnitiva 
após 12 meses de operação com medição contínua 
do consumo e geração de energia fotovoltaica 
on site.
Portanto este Projeto foi aprovado como um dos 
Pilotos pelo Comitê, para Pré-Certiﬁcação GBC 
Brasil Zero Energy.
CERTIFICAÇÃO GBC BRASIL ZERO ENERGY
20
",1223,"Proprietário 
De Paola & Panasolo Sociedade de Advogados
Local 
Curitiba - PR
Área total construída
500 m²
Arquiteto 
Edifício Existente 
Construtora 
Edifício Existente 
Consultoria
Petinelli
Fase Atual
Início operação do sistema fotovoltaico em 
julho/2017.
9.7. PROJETO ESCRITÓRIO ADVOCACIA DE PAOLA & PANASOLO - 
CURITIBA - PR
O empreendimento atende aos critérios de 
elegibilidade para Certiﬁcação Net-Zero, com 
exceção dos 12 meses mínimos exigidos de 
operação com mediação contínua de energia, 
pois o sistema fotovoltaico entrou em operação 
em julho/2017.
Através das estratégias de Eﬁciência Energética 
instaladas, seu consumo anual de energia primária 
estimado foi de 17.951 kWh/ano e o potencial de 
geração de energia renovável on site foi de 18.575 
kWh/ano. Portanto, será possível a geração superior 
ao consumo, comprovando o atendimento ao Zero 
Energy e a obtenção de sua certiﬁcação deﬁnitiva 
após 12 meses de operação com medição contínua 
do consumo e geração de energia fotovoltaica 
on site.
Portanto este Projeto foi aprovado como um dos 
Pilotos pelo Comitê, para Pré-Certiﬁcação GBC 
Brasil Zero Energy.
CERTIFICAÇÃO GBC BRASIL ZERO ENERGY",1223,1172
01_gbc_zero_energy_guia.pdf,Guia Completo GBC Zero Energy,GBC Brasil,certificacao,energia_net_zero,2019,vigente,guia técnico,certificação zero energy e balanço energético,21,"9.8.  PROJETO CASA MÃO VERDE – 
PIRACICABA - SP
Proprietário
Marco A. Passarelli
Local 
Piracicaba - SP
Área total construída 
220 m²
Arquiteto
Mira Arquitetos                      
Construtora 
FJ Correa
Consultoria
Solsustenge
Fase Atual 
Em projeto, previsão início de obra em 
outubro/2017.
O empreendimento atende aos critérios de elegibilidade, 
com exceção dos 12 meses mínimos exigidos de 
operação com mediação contínua de energia, pois 
está em projeto.
Através das estratégias de Eﬁciência Energética 
projetadas, seu consumo anual de energia primária 
estimada será de 12.378 kWh/ano e o potencial de 
geração de energia renovável on site será de 12.535 
kWh/ano. Será possível a geração superior ao 
consumo, comprovando o atendimento ao Zero 
Energy e a obtenção de sua certiﬁcação deﬁnitiva 
após 12 meses do início de operação.
Portanto este Projeto foi aprovado como um dos 
Pilotos pelo Comitê, para Pré-Certiﬁcação GBC 
Brasil Zero Energy.
CERTIFICAÇÃO GBC BRASIL ZERO ENERGY
21
",998,"9.8. PROJETO CASA MÃO VERDE – 
PIRACICABA - SP
Proprietário
Marco A. Passarelli
Local 
Piracicaba - SP
Área total construída 
220 m²
Arquiteto
Mira Arquitetos 
Construtora 
FJ Correa
Consultoria
Solsustenge
Fase Atual 
Em projeto, previsão início de obra em 
outubro/2017.
O empreendimento atende aos critérios de elegibilidade, 
com exceção dos 12 meses mínimos exigidos de 
operação com mediação contínua de energia, pois 
está em projeto.
Através das estratégias de Eﬁciência Energética 
projetadas, seu consumo anual de energia primária 
estimada será de 12.378 kWh/ano e o potencial de 
geração de energia renovável on site será de 12.535 
kWh/ano. Será possível a geração superior ao 
consumo, comprovando o atendimento ao Zero 
Energy e a obtenção de sua certiﬁcação deﬁnitiva 
após 12 meses do início de operação.
Portanto este Projeto foi aprovado como um dos 
Pilotos pelo Comitê, para Pré-Certiﬁcação GBC 
Brasil Zero Energy.
CERTIFICAÇÃO GBC BRASIL ZERO ENERGY",998,972
01_gbc_zero_energy_guia.pdf,Guia Completo GBC Zero Energy,GBC Brasil,certificacao,energia_net_zero,2019,vigente,guia técnico,certificação zero energy e balanço energético,22,"Proprietário
Controle Prestação de Serviços
Local 
Governador Valadares - MG
Área total construída 
189 m²
Arquiteto 
Lar Verde Lar                                               
Construtora 
Lar Verde Lar
Consultoria 
New Fields
Fase Atual 
Em operação desde março/2017
9.9. PROJETO LAR VERDE LAR – 
GOVERNADOR VALADARES - MG
O empreendimento atende aos critérios de 
elegibilidade, com exceção dos 12 meses mínimos 
exigidos de operação com medição contínua de 
energia, pois iniciou a sua operação em março/2017.
Através das estratégias de Eﬁciência Energética 
instaladas, seu consumo anual de energia primária 
estimado foi de 2.208 kWh/ano e o potencial de 
geração de energia renovável on site foi de 2.460 
kWh/ano. Portanto, será possível a geração superior 
ao consumo, comprovando o atendimento ao Zero 
Energy e a obtenção de sua certiﬁcação deﬁnitiva 
após 12 meses de operação com medição contínua 
do consumo e geração de energia fotovoltaica 
on site.
Portanto este Projeto foi aprovado como um dos 
Pilotos pelo Comitê, para Pré-Certiﬁcação GBC 
Brasil Zero Energy.
CERTIFICAÇÃO GBC BRASIL ZERO ENERGY
22
",1122,"Proprietário
Controle Prestação de Serviços
Local 
Governador Valadares - MG
Área total construída 
189 m²
Arquiteto 
Lar Verde Lar 
Construtora 
Lar Verde Lar
Consultoria 
New Fields
Fase Atual 
Em operação desde março/2017
9.9. PROJETO LAR VERDE LAR – 
GOVERNADOR VALADARES - MG
O empreendimento atende aos critérios de 
elegibilidade, com exceção dos 12 meses mínimos 
exigidos de operação com medição contínua de 
energia, pois iniciou a sua operação em março/2017.
Através das estratégias de Eﬁciência Energética 
instaladas, seu consumo anual de energia primária 
estimado foi de 2.208 kWh/ano e o potencial de 
geração de energia renovável on site foi de 2.460 
kWh/ano. Portanto, será possível a geração superior 
ao consumo, comprovando o atendimento ao Zero 
Energy e a obtenção de sua certiﬁcação deﬁnitiva 
após 12 meses de operação com medição contínua 
do consumo e geração de energia fotovoltaica 
on site.
Portanto este Projeto foi aprovado como um dos 
Pilotos pelo Comitê, para Pré-Certiﬁcação GBC 
Brasil Zero Energy.
CERTIFICAÇÃO GBC BRASIL ZERO ENERGY",1122,1072
01_gbc_zero_energy_guia.pdf,Guia Completo GBC Zero Energy,GBC Brasil,certificacao,energia_net_zero,2019,vigente,guia técnico,certificação zero energy e balanço energético,23,"9.10. PROJETO SEDE SEBRAE MATO GROSSO -  
CUIABÁ - MT
Proprietário
Centro Sebrae de Sustentabilidade
Local 
Cuiabá - MT
Área total construída
1.000 m²
Arquiteto 
José Afonso Botura Portocarrero                      
Construtora
Micro-usina: WEG
Consultoria 
Micro-usina: USP
Fase Atual 
Obra concluída em 2010, usina instalada 
em maio/2016.
O empreendimento atende aos critérios de 
elegibilidade e teve o início de sua operação em 
março de 2017.
Através das estratégias de Eﬁciência Energética 
projetadas, seu consumo anual de energia primária 
estimada será de 30.504 kWh/ano e o potencial de 
geração de energia renovável on site será de 32.000 
kWh/ano, comprovando o atendimento ao Net Zero e 
a obtenção de sua certiﬁcação deﬁnitiva.
Portanto este Projeto foi aprovado como um dos 
Pilotos pelo Comitê, para Pré-Certiﬁcação GBC 
Brasil Zero Energy.
CERTIFICAÇÃO GBC BRASIL ZERO ENERGY
23
",897,"9.10. PROJETO SEDE SEBRAE MATO GROSSO - 
CUIABÁ - MT
Proprietário
Centro Sebrae de Sustentabilidade
Local 
Cuiabá - MT
Área total construída
1.000 m²
Arquiteto 
José Afonso Botura Portocarrero 
Construtora
Micro-usina: WEG
Consultoria 
Micro-usina: USP
Fase Atual 
Obra concluída em 2010, usina instalada 
em maio/2016.
O empreendimento atende aos critérios de 
elegibilidade e teve o início de sua operação em 
março de 2017.
Através das estratégias de Eﬁciência Energética 
projetadas, seu consumo anual de energia primária 
estimada será de 30.504 kWh/ano e o potencial de 
geração de energia renovável on site será de 32.000 
kWh/ano, comprovando o atendimento ao Net Zero e 
a obtenção de sua certiﬁcação deﬁnitiva.
Portanto este Projeto foi aprovado como um dos 
Pilotos pelo Comitê, para Pré-Certiﬁcação GBC 
Brasil Zero Energy.
CERTIFICAÇÃO GBC BRASIL ZERO ENERGY",897,871
01_gbc_zero_energy_guia.pdf,Guia Completo GBC Zero Energy,GBC Brasil,certificacao,energia_net_zero,2019,vigente,guia técnico,certificação zero energy e balanço energético,24,"Proprietário 
GEO Elétrica Tamboara Bioenergia
Local 
Tamboara - PR
Área total construída 
313 m²
Arquiteto  
SKLAN
Construtora
Plaenge Industrial
Consultoria
Petinelli
Fase Atual 
Em operação há mais de 1 ano.
9.11. PROJETO GEONERGIA TAMBOARA  – 
TAMBOARA - PR
O empreendimento atende aos critérios de 
elegibilidade e teve o início de sua operação em 
janeiro de 2012.
Através das estratégias de Eﬁciência Energética 
projetadas, seu consumo anual de energia primária 
estimada será de 2.113.000 kWh/ano e o potencial 
de geração de energia renovável on site será de 
2.113.000 kWh/ano, comprovando o atendimento 
ao Net Zero e a obtenção de sua certiﬁcação deﬁnitiva.
Portanto este Projeto foi aprovado como um dos 
Pilotos pelo Comitê, para Pré-Certiﬁcação GBC 
Brasil Zero Energy.
CERTIFICAÇÃO GBC BRASIL ZERO ENERGY
24
",825,"Proprietário 
GEO Elétrica Tamboara Bioenergia
Local 
Tamboara - PR
Área total construída 
313 m²
Arquiteto 
SKLAN
Construtora
Plaenge Industrial
Consultoria
Petinelli
Fase Atual 
Em operação há mais de 1 ano.
9.11. PROJETO GEONERGIA TAMBOARA – 
TAMBOARA - PR
O empreendimento atende aos critérios de 
elegibilidade e teve o início de sua operação em 
janeiro de 2012.
Através das estratégias de Eﬁciência Energética 
projetadas, seu consumo anual de energia primária 
estimada será de 2.113.000 kWh/ano e o potencial 
de geração de energia renovável on site será de 
2.113.000 kWh/ano, comprovando o atendimento 
ao Net Zero e a obtenção de sua certiﬁcação deﬁnitiva.
Portanto este Projeto foi aprovado como um dos 
Pilotos pelo Comitê, para Pré-Certiﬁcação GBC 
Brasil Zero Energy.
CERTIFICAÇÃO GBC BRASIL ZERO ENERGY",825,819
01_gbc_zero_energy_guia.pdf,Guia Completo GBC Zero Energy,GBC Brasil,certificacao,energia_net_zero,2019,vigente,guia técnico,certificação zero energy e balanço energético,25,"CERTIFICAÇÃO GBC BRASIL ZERO ENERGY
10. FORMULÁRIOS
10.1. CHECKLIST DE VIABILIDADE PARA CERTIFICAÇÃO
Tempo de Operação
Empreendimento em operação há mais de 12 meses, OU
Empreendimento em operação há menos de 12 meses
S
N NA
S
N NA
Taxa de Ocupação Mínima
Ocupação mínima média de 50% da área construída
(não aplicável para residencial)
S
N NA
Metragem Mínima das Áreas Construídas
Área mínima construída de 100m² (não aplicável para residencial)
100% das ediﬁcações e áreas comuns devem ser
certiﬁcadas (aplicável para condomínios)
No mínimo 90% das áreas ocupadas devem ser certiﬁcadas
S
N NA
S
N NA
S
N NA
Tipologia
Empreendimento permanente/ não provisório
100% das áreas da torre única devem ser medidas
S
N NA
S
N NA
Atendimento a Legislações
Atendimento às legislações pertinentes
S
N NA
Empreendimento Oﬀ-Grid
No mínimo 5% de energia fóssil compensada por RECs, OU
100% de energia renovável
S
N NA
S
N NA
Eﬁciência Energética Mínima Para Geração On Site
100% de geração de energia renovável on site
S
N NA
Eﬁciência Energética Mínima para Geração Oﬀ Site
Empreendimento Certiﬁcado LEED, GBC Brasil Casa ou 
Condomínio, AQUA HQE, PBE Ediﬁca A, OU
5% de redução anual de energia em relação a ASHRAE 90.1- 2010, OU
18% de redução de energia em relação a ASHRAE 90.1-2007, OU
30% de redução de energia em relação ao DEO do CBCS, OU
15% de redução de energia em relação à média de 3 anos
contínuos dos últimos 5 anos
S
N NA
S
N NA
S
N NA
S
N NA
S
N NA
100% de geração de energia renovável on site, OU oﬀ site, 
OU compra de créditos Geração de Energia Renovável On Site
Geração de Energia Renovável On Site
S
N NA
100% de  Geração de energia renovável oﬀ site, OU compra de créditos 
Geração de Energia Renovável Oﬀ Site
S
N NA
Compra de Créditos de Energia Renovável 
Compra de REC Brazil limitado a 10% do consumo anual 
(não aplicável para residencial)
Compra de REC Brazil para compensação da taxa de
disponibilidade (aplicável para residencial)
Compra de REC Brazil para compensação de fontes de
energia não elétricas
S
N NA
S
N NA
S
N NA
Uso de Energia Não Renovável
Compensação de 100% de todas as fontes de energia não 
renováveis com compra de créditos
S
N NA
Balanço Energético Anual do Empreendimento
Balanço energético anual zerado por fontes renováveis, 
OU compra de créditos
Balanço energético anual zerado com aquisição de REC 
Brazil
S
N NA
S
N NA
25
",2371,"CERTIFICAÇÃO GBC BRASIL ZERO ENERGY
10. FORMULÁRIOS
10.1. CHECKLIST DE VIABILIDADE PARA CERTIFICAÇÃO
Tempo de Operação
Empreendimento em operação há mais de 12 meses, OU
Empreendimento em operação há menos de 12 meses
S
N NA
S
N NA
Taxa de Ocupação Mínima
Ocupação mínima média de 50% da área construída
(não aplicável para residencial)
S
N NA
Metragem Mínima das Áreas Construídas
Área mínima construída de 100m² (não aplicável para residencial)
100% das ediﬁcações e áreas comuns devem ser
certiﬁcadas (aplicável para condomínios)
No mínimo 90% das áreas ocupadas devem ser certiﬁcadas
S
N NA
S
N NA
S
N NA
Tipologia
Empreendimento permanente/ não provisório
100% das áreas da torre única devem ser medidas
S
N NA
S
N NA
Atendimento a Legislações
Atendimento às legislações pertinentes
S
N NA
Empreendimento Oﬀ-Grid
No mínimo 5% de energia fóssil compensada por RECs, OU
100% de energia renovável
S
N NA
S
N NA
Eﬁciência Energética Mínima Para Geração On Site
100% de geração de energia renovável on site
S
N NA
Eﬁciência Energética Mínima para Geração Oﬀ Site
Empreendimento Certiﬁcado LEED, GBC Brasil Casa ou 
Condomínio, AQUA HQE, PBE Ediﬁca A, OU
5% de redução anual de energia em relação a ASHRAE 90.1- 2010, OU
18% de redução de energia em relação a ASHRAE 90.1-2007, OU
30% de redução de energia em relação ao DEO do CBCS, OU
15% de redução de energia em relação à média de 3 anos
contínuos dos últimos 5 anos
S
N NA
S
N NA
S
N NA
S
N NA
S
N NA
100% de geração de energia renovável on site, OU oﬀ site, 
OU compra de créditos Geração de Energia Renovável On Site
Geração de Energia Renovável On Site
S
N NA
100% de Geração de energia renovável oﬀ site, OU compra de créditos 
Geração de Energia Renovável Oﬀ Site
S
N NA
Compra de Créditos de Energia Renovável 
Compra de REC Brazil limitado a 10% do consumo anual 
(não aplicável para residencial)
Compra de REC Brazil para compensação da taxa de
disponibilidade (aplicável para residencial)
Compra de REC Brazil para compensação de fontes de
energia não elétricas
S
N NA
S
N NA
S
N NA
Uso de Energia Não Renovável
Compensação de 100% de todas as fontes de energia não 
renováveis com compra de créditos
S
N NA
Balanço Energético Anual do Empreendimento
Balanço energético anual zerado por fontes renováveis, 
OU compra de créditos
Balanço energético anual zerado com aquisição de REC 
Brazil
S
N NA
S
N NA",2371,2366
01_gbc_zero_energy_guia.pdf,Guia Completo GBC Zero Energy,GBC Brasil,certificacao,energia_net_zero,2019,vigente,guia técnico,certificação zero energy e balanço energético,26,"CERTIFICAÇÃO GBC BRASIL ZERO ENERGY
10.2. ANEXO A 
FORMULÁRIO INSCRIÇÃO/ AVALIAÇÃO PROJETO NET ZERO
EXEMPLO DE PREENCHIMENTO
26
",128,"CERTIFICAÇÃO GBC BRASIL ZERO ENERGY
10.2. ANEXO A 
FORMULÁRIO INSCRIÇÃO/ AVALIAÇÃO PROJETO NET ZERO
EXEMPLO DE PREENCHIMENTO",128,124
01_gbc_zero_energy_guia.pdf,Guia Completo GBC Zero Energy,GBC Brasil,certificacao,energia_net_zero,2019,vigente,guia técnico,certificação zero energy e balanço energético,27,"10.3. ANEXO B
FORMULÁRIO DE FECHAMENTO DO BALANÇO ENERGÉTICO ANUAL
EXEMPLO DE PREENCHIMENTO
27
CERTIFICAÇÃO GBC BRASIL ZERO ENERGY
",131,"10.3. ANEXO B
FORMULÁRIO DE FECHAMENTO DO BALANÇO ENERGÉTICO ANUAL
EXEMPLO DE PREENCHIMENTO
 
CERTIFICAÇÃO GBC BRASIL ZERO ENERGY",131,129
01_gbc_zero_energy_guia.pdf,Guia Completo GBC Zero Energy,GBC Brasil,certificacao,energia_net_zero,2019,vigente,guia técnico,certificação zero energy e balanço energético,28,"11. GLOSSÁRIO
11.1. EDIFÍCIO ZERO ENERGY LOCAL 
A produção de energia local igual à veriﬁcada no medidor de consumo elétrico do próprio edifício. 
11.2. EDIFÍCIO CUSTO ZERO DE ENERGIA
A produção de energia local é, em custo, igual ao seu consumo. Considera a diferença entre o total consumido 
e os incentivos governamentais em forma de crédito.
11.3. EDIFÍCIO ZERO ENERGY PRIMÁRIA
Contabiliza toda a energia utilizada no processo de produção e transmissão da energia até chegar ao edifício e 
a natureza da fonte de emissão.
11.4. EDIFÍCIO ENERGIA DE EMISSÃO ZERO
Neutraliza as emissões, isto é, gera a quantidade de energia sem emissões proporcional à energia necessária de 
fontes geradoras de emissões.
11.5. REC´s  - CERTIFICADOS DE ENERGIA RENOVÁVEL 
Certiﬁcado comercializável que representa uma prova de que 1 MWh de eletricidade foi gerado de uma fonte 
elegível de energia renovável (eólica, solar, biomassa, PCH).
11.6. CER´s - CERTIFICADOS DE EMISSÕES REDUZIDAS 
São emissão negativa. O cáculo da redução tem como parâmetro uma linha de base de um cenário hipotético do 
futuro que ocorreria na ausência do projeto de geração de energia. Tal redução de emissões pode ser pleiteada 
por um determinado período de tempo.
11.7. PPA COM REC 
PPAs são instrumentos de contratação de âmbito privado, não necessariamente transparentes para o mercado. 
PPAs não são instrumentos acessíveis a consumidores de baixo consumo ou do mercado cativo.
11.8. I-REC STANDARDS / REC BRAZIL
Entidade mundial controladora de Certiﬁcados de Energia Renovável. No Brasil, a gestão é realizada pelo 
Instituto Totum, contratado em 2016 oﬁcialmente para ser o Emissor Local de RECs no Brasil.
11.9. FONTES DE ENERGIA RENOVÁVEIS
As fontes admissíveis de energia renovável incluem: • Fotovoltaico • Solar térmica • Vento • Biocombustível • Hidrelé-
trica de baixo impacto • Onda e energia das marés • Energia geotérmica.
Alguns sistemas de energia renovável não atendem à intenção do requisito e não são elegíveis. 
CERTIFICAÇÃO GBC BRASIL ZERO ENERGY
28
",2040,"11. GLOSSÁRIO
11.1. EDIFÍCIO ZERO ENERGY LOCAL 
A produção de energia local igual à veriﬁcada no medidor de consumo elétrico do próprio edifício. 
11.2. EDIFÍCIO CUSTO ZERO DE ENERGIA
A produção de energia local é, em custo, igual ao seu consumo. Considera a diferença entre o total consumido 
e os incentivos governamentais em forma de crédito.
11.3. EDIFÍCIO ZERO ENERGY PRIMÁRIA
Contabiliza toda a energia utilizada no processo de produção e transmissão da energia até chegar ao edifício e 
a natureza da fonte de emissão.
11.4. EDIFÍCIO ENERGIA DE EMISSÃO ZERO
Neutraliza as emissões, isto é, gera a quantidade de energia sem emissões proporcional à energia necessária de 
fontes geradoras de emissões.
11.5. REC´s - CERTIFICADOS DE ENERGIA RENOVÁVEL 
Certiﬁcado comercializável que representa uma prova de que 1 MWh de eletricidade foi gerado de uma fonte 
elegível de energia renovável (eólica, solar, biomassa, PCH).
11.6. CER´s - CERTIFICADOS DE EMISSÕES REDUZIDAS 
São emissão negativa. O cáculo da redução tem como parâmetro uma linha de base de um cenário hipotético do 
futuro que ocorreria na ausência do projeto de geração de energia. Tal redução de emissões pode ser pleiteada 
por um determinado período de tempo.
11.7. PPA COM REC 
PPAs são instrumentos de contratação de âmbito privado, não necessariamente transparentes para o mercado. 
PPAs não são instrumentos acessíveis a consumidores de baixo consumo ou do mercado cativo.
11.8. I-REC STANDARDS / REC BRAZIL
Entidade mundial controladora de Certiﬁcados de Energia Renovável. No Brasil, a gestão é realizada pelo 
Instituto Totum, contratado em 2016 oﬁcialmente para ser o Emissor Local de RECs no Brasil.
11.9. FONTES DE ENERGIA RENOVÁVEIS
As fontes admissíveis de energia renovável incluem: • Fotovoltaico • Solar térmica • Vento • Biocombustível • Hidrelé-
trica de baixo impacto • Onda e energia das marés • Energia geotérmica.
Alguns sistemas de energia renovável não atendem à intenção do requisito e não são elegíveis. 
CERTIFICAÇÃO GBC BRASIL ZERO ENERGY",2040,2035
01_gbc_zero_energy_guia.pdf,Guia Completo GBC Zero Energy,GBC Brasil,certificacao,energia_net_zero,2019,vigente,guia técnico,certificação zero energy e balanço energético,29,"Implantação
Uso Racional da Água
Energia e Atmosfera
Materiais e Recursos
Qualidade Ambiental Interna
Requisitos Sociais
Inovação e Projeto
Créditos Regionais
21
12
28
14
18
5
10
2
TOTAL DE PONTOS POSSÍVEIS
110
GREEN BUILDING COUNCIL BRASIL
WWW.GBCBRASIL.ORG.BR
-
",264,"Implantação
Uso Racional da Água
Energia e Atmosfera
Materiais e Recursos
Qualidade Ambiental Interna
Requisitos Sociais
Inovação e Projeto
Créditos Regionais
 
 
 
 
 
 
 
 
TOTAL DE PONTOS POSSÍVEIS
 
GREEN BUILDING COUNCIL BRASIL
WWW.GBCBRASIL.ORG.BR
-",264,255
02_gbc_zero_energy_pagina.pdf,Página da Certificação GBC Zero Energy,GBC Brasil,certificacao,energia_net_zero,2025,vigente,página técnica salva em PDF,"etapas, documentos e requisitos gerais da certificação GBC Zero Energy",1,"O que é o GBC Zero Energy?
O GBC Zero Energy é a certificação que reconhece edificações altamente eficientes, capazes de produzir,
no mínimo, a mesma quantidade de energia que consomem ao longo do ano. A certificação promove o
uso de fontes renováveis, estratégias avançadas de eficiência energética e soluções inovadoras para
reduzir o impacto ambiental das construções. Ao adotar o GBC Zero Energy, projetos residenciais e
comerciais garantem não apenas economia e resiliência energética, mas também um compromisso
concreto com a descarbonização do setor da construção.
Pré-certificação GBC Zero Energy
Certificação GBC Zero Energy
08/06/2026, 13:11
GBC Zero Energy - GBC Brasil
https://www.gbcbrasil.org.br/certificacao/zero-energy/?utm_source=chatgpt.com
1/6
",763,"O que é o GBC Zero Energy?
O GBC Zero Energy é a certificação que reconhece edificações altamente eficientes, capazes de produzir,
no mínimo, a mesma quantidade de energia que consomem ao longo do ano. A certificação promove o
uso de fontes renováveis, estratégias avançadas de eficiência energética e soluções inovadoras para
reduzir o impacto ambiental das construções. Ao adotar o GBC Zero Energy, projetos residenciais e
comerciais garantem não apenas economia e resiliência energética, mas também um compromisso
concreto com a descarbonização do setor da construção.
Pré-certificação GBC Zero Energy
Certificação GBC Zero Energy
08/06/2026, 13:11
GBC Zero Energy - GBC Brasil
 
1/6",763,686
02_gbc_zero_energy_pagina.pdf,Página da Certificação GBC Zero Energy,GBC Brasil,certificacao,energia_net_zero,2025,vigente,página técnica salva em PDF,"etapas, documentos e requisitos gerais da certificação GBC Zero Energy",2,"A pré-certificação é opcional e pode ser aplicada a empreendimentos novos ou existentes que apresentem estratégias
para zerar o consumo anual de energia local, combinando alta eficiência energética e geração de energia por fontes
renováveis. Ela reconhece, ainda na fase de projeto ou de implantação, que o empreendimento tem um plano
consistente para alcançar o balanço energético anual zerado e organiza as evidências técnicas que sustentam esse
compromisso.
Certificação GBC Zero Energy
A certificação valida o desempenho do empreendimento com base no equilíbrio entre consumo e geração de energia,
confirmando que o balanço energético anual foi efetivamente zerado. Para a certificação definitiva, o empreendimento
deve comprovar pelo menos 1 ano de operação monitorado de forma contínua, com documentação e evidências de
consumo e geração. A certificação tem validade de 12 meses e pode ser renovada mediante comprovação do balanço
zerado nos 12 meses anteriores, com o compromisso de fornecer os dados anualmente para validação.
Como funciona o GBC Zero Energy?
A certificação GBC Zero Energy avalia o desempenho energético da edificação com foco em reduzir a demanda
por meio de estratégias de eficiência, ampliar a geração renovável no local e comprovar, com medição e dados,
que o balanço anual entre consumo e geração atende ao objetivo de energia zero dentro de um perímetro
claramente definido. Na prática, o caminho é simples: o responsável registra o projeto e define o perímetro de
avaliação e as regras do balanço energético; ao longo do desenvolvimento e da implantação, a equipe organiza
as evidências, implementa as soluções previstas e estrutura o sistema de medição e monitoramento; após o
início da operação, os resultados de consumo e geração são consolidados e toda a documentação é enviada em
formato digital para revisão técnica.
Documentos para Download
Comece por aqui
Formulário de Inscrição
(https://www.gbcbrasil.org.br/wp-
content/uploads/2019/06/Formulário-
Inscrição-Projeto-Net-Zero-Modelo-
Preenchido.xlsx)
Taxas da certificação GBC Zero Energy
(https://www.gbcbrasil.org.br/wp-
content/uploads/2019/06/Tabela-de-
Custos-da-Certificação-GBC-Zero-
Energy_2023.pdf)
08/06/2026, 13:11
GBC Zero Energy - GBC Brasil
https://www.gbcbrasil.org.br/certificacao/zero-energy/?utm_source=chatgpt.com
2/6
",2334,"A pré-certificação é opcional e pode ser aplicada a empreendimentos novos ou existentes que apresentem estratégias
para zerar o consumo anual de energia local, combinando alta eficiência energética e geração de energia por fontes
renováveis. Ela reconhece, ainda na fase de projeto ou de implantação, que o empreendimento tem um plano
consistente para alcançar o balanço energético anual zerado e organiza as evidências técnicas que sustentam esse
compromisso.
Certificação GBC Zero Energy
A certificação valida o desempenho do empreendimento com base no equilíbrio entre consumo e geração de energia,
confirmando que o balanço energético anual foi efetivamente zerado. Para a certificação definitiva, o empreendimento
deve comprovar pelo menos 1 ano de operação monitorado de forma contínua, com documentação e evidências de
consumo e geração. A certificação tem validade de 12 meses e pode ser renovada mediante comprovação do balanço
zerado nos 12 meses anteriores, com o compromisso de fornecer os dados anualmente para validação.
Como funciona o GBC Zero Energy?
A certificação GBC Zero Energy avalia o desempenho energético da edificação com foco em reduzir a demanda
por meio de estratégias de eficiência, ampliar a geração renovável no local e comprovar, com medição e dados,
que o balanço anual entre consumo e geração atende ao objetivo de energia zero dentro de um perímetro
claramente definido. Na prática, o caminho é simples: o responsável registra o projeto e define o perímetro de
avaliação e as regras do balanço energético; ao longo do desenvolvimento e da implantação, a equipe organiza
as evidências, implementa as soluções previstas e estrutura o sistema de medição e monitoramento; após o
início da operação, os resultados de consumo e geração são consolidados e toda a documentação é enviada em
formato digital para revisão técnica.
Documentos para Download
Comece por aqui
Formulário de Inscrição
( 
content/uploads/2019/06/Formulário-
Inscrição-Projeto-Net-Zero-Modelo-
Preenchido.xlsx)
Taxas da certificação GBC Zero Energy
( 
content/uploads/2019/06/Tabela-de-
Custos-da-Certificação-GBC-Zero-
Energy_2023.pdf)
08/06/2026, 13:11
GBC Zero Energy - GBC Brasil
 
2/6",2334,2195
02_gbc_zero_energy_pagina.pdf,Página da Certificação GBC Zero Energy,GBC Brasil,certificacao,energia_net_zero,2025,vigente,página técnica salva em PDF,"etapas, documentos e requisitos gerais da certificação GBC Zero Energy",3,"Guia Completo GBC Zero Energy
(https://www.gbcbrasil.org.br/wp-
content/uploads/2019/06/Guia-Zero-
Energy-Completo.pdf)
Templates e planilhas
Checklist GBC Zero Energy
(https://www.gbcbrasil.org.br/wp-
content/uploads/2019/06/GBCZE-
Checklist.png)
Formulário do Balanço Energético
(https://www.gbcbrasil.org.br/wp-
content/uploads/2019/06/Formulário-do-
Balanço-Energético-Anual-Modelo-
Preenchido.xlsx)
Etapas para certificar seu projeto
1. Confirme a elegibilidade e defina o caminho (Pré-certificação ou Certificação). A certificação definitiva exige pelo
menos 1 ano de operação monitorado de forma contínua com balanço energético anual zerado; já a pré-
certificação é opcional e se aplica a empreendimentos novos ou existentes que comprovem, por evidências, que o
balanço será zerado ao longo de um ano.
2. Registre o empreendimento e defina o perímetro de avaliação. A certificação é concedida ao empreendimento
como um todo, sem “recortes” internos para obter o selo, e o perímetro deve garantir a leitura do consumo total
(por contas/medição).
3. Planeje a estratégia de energia zero e organize as evidências. Para edifícios novos, isso inclui simulação
termoenergética e cálculos/projeto do potencial de geração; para edifícios existentes, contas dos últimos 12 meses
e o plano/cálculos de compensação energética.
4. Implemente e monitore. Para a certificação definitiva, o empreendimento deve operar com monitoramento
contínuo do consumo e da geração por no mínimo 12 meses, com os dados e evidências correspondentes.
5. Submeta a documentação para auditoria e, depois, mantenha a certificação. A certificação inicial tem validade de
12 meses e a renovação depende de comprovar que o balanço energético foi zerado nos últimos 12 meses, com
entrega anual de dados e evidências (contas e contratos, quando aplicável).
08/06/2026, 13:11
GBC Zero Energy - GBC Brasil
https://www.gbcbrasil.org.br/certificacao/zero-energy/?utm_source=chatgpt.com
3/6
",1959,"Guia Completo GBC Zero Energy
( 
content/uploads/2019/06/Guia-Zero-
Energy-Completo.pdf)
Templates e planilhas
Checklist GBC Zero Energy
( 
content/uploads/2019/06/GBCZE-
Checklist.png)
Formulário do Balanço Energético
( 
content/uploads/2019/06/Formulário-do-
Balanço-Energético-Anual-Modelo-
Preenchido.xlsx)
Etapas para certificar seu projeto
1. Confirme a elegibilidade e defina o caminho (Pré-certificação ou Certificação). A certificação definitiva exige pelo
menos 1 ano de operação monitorado de forma contínua com balanço energético anual zerado; já a pré-
certificação é opcional e se aplica a empreendimentos novos ou existentes que comprovem, por evidências, que o
balanço será zerado ao longo de um ano.
2. Registre o empreendimento e defina o perímetro de avaliação. A certificação é concedida ao empreendimento
como um todo, sem “recortes” internos para obter o selo, e o perímetro deve garantir a leitura do consumo total
(por contas/medição).
3. Planeje a estratégia de energia zero e organize as evidências. Para edifícios novos, isso inclui simulação
termoenergética e cálculos/projeto do potencial de geração; para edifícios existentes, contas dos últimos 12 meses
e o plano/cálculos de compensação energética.
4. Implemente e monitore. Para a certificação definitiva, o empreendimento deve operar com monitoramento
contínuo do consumo e da geração por no mínimo 12 meses, com os dados e evidências correspondentes.
5. Submeta a documentação para auditoria e, depois, mantenha a certificação. A certificação inicial tem validade de
12 meses e a renovação depende de comprovar que o balanço energético foi zerado nos últimos 12 meses, com
entrega anual de dados e evidências (contas e contratos, quando aplicável).
08/06/2026, 13:11
GBC Zero Energy - GBC Brasil
 
3/6",1959,1789
02_gbc_zero_energy_pagina.pdf,Página da Certificação GBC Zero Energy,GBC Brasil,certificacao,energia_net_zero,2025,vigente,página técnica salva em PDF,"etapas, documentos e requisitos gerais da certificação GBC Zero Energy",4," REGISTRE SEU PROJETO!

Nossos Cursos
Uma organização que foca em desenvolvimento e promoção de diferentes sistemas de certificação,
capacitação contínua, engajamento profissional e iniciativas socioculturais.
Certificação GBC Zero
Energy
CURSO ONLINE
(https://www.gbcbrasil.org.br/curso/gbc-zero-
energy/)
conheça mais
(https://www.gbcbrasil.org.br/curso/gbc-
zero-energy/)
Gerenciamento de
Resíduos O+M
CURSO ONLINE
(https://www.gbcbrasil.org.br/curso/gerenciamento-
de-residuos-om/)
conheça mais
(https://www.gbcbrasil.org.br/curso/gerenciam
de-residuos-om/)
08/06/2026, 13:11
GBC Zero Energy - GBC Brasil
https://www.gbcbrasil.org.br/certificacao/zero-energy/?utm_source=chatgpt.com
4/6
",692,"REGISTRE SEU PROJETO!

Nossos Cursos
Uma organização que foca em desenvolvimento e promoção de diferentes sistemas de certificação,
capacitação contínua, engajamento profissional e iniciativas socioculturais.
Certificação GBC Zero
Energy
CURSO ONLINE
( 
energy/)
conheça mais
( 
zero-energy/)
Gerenciamento de
Resíduos O+M
CURSO ONLINE
( 
de-residuos-om/)
conheça mais
( 
de-residuos-om/)
08/06/2026, 13:11
GBC Zero Energy - GBC Brasil
 
4/6",692,442
02_gbc_zero_energy_pagina.pdf,Página da Certificação GBC Zero Energy,GBC Brasil,certificacao,energia_net_zero,2025,vigente,página técnica salva em PDF,"etapas, documentos e requisitos gerais da certificação GBC Zero Energy",5,"EMPREENDIMENTOS GBC BRASIL ZERO ENERGY
Edifícios autossuficientes em energia
Conheça mais
(https://www.gbcbrasil.org.br/certificacao/zero-
energy/empreendimentos)
>
Sobre
(https://www.gbcbrasil.org.br/sobre-
nos/)
Sobre o GBC Brasil
(https://www.gbcbrasil.org.br/sobre-
nos/)
Próximos eventos
(https://www.gbcbrasil.org.br/eventos-
gbc/)
Na mídia
(https://www.gbcbrasil.org.br/na-
midia/)
Política de Privacidade
(https://www.gbcbrasil.org.br/politica-
de-privacidade/)
Recursos
Certificações
(https://www.gbcbrasil.org.br/certificacoes/)
Documentos GBC Zero Energy
(https://www.gbcbrasil.org.br/certificacao/zero-
energy/#:~:text=Documentos%20para%20Download)
Documentos GBC Casa
(https://www.gbcbrasil.org.br/certificacao/certificacao-
casa/#:~:text=Documentos%20para%20Download)
Documentos GBC Condomínio
(https://www.gbcbrasil.org.br/certificacao/certificacao-
condominio/#:~:text=Documentos%20para%20Download)
Diretório
Membros
(https://www.gbcbrasil.org.br/membros/)
Projetos LEED
(https://www.gbcbrasil.org.br/certificacao/certificacao-
leed/empreendimentos/)
Projetos Casa & Condomínio
(https://www.gbcbrasil.org.br/certificacao/certificacao-
condominio/empreendimentos/)
Projetos Zero Energy
(https://www.gbcbrasil.org.br/certificacao/zero-
energy/empreendimentos/)
Profissionais LEED
(https://www.gbcbrasil.org.br/certificacao/certificacao-
leed/profissionais/)
Profissionais Casa & Condomínio
(https://www.gbcbrasil.org.br/certificacao/certificacao-
condominio/profissionais/)
Sites Parceiros
Arc (https://arcskoru.com/)
Fundação Amazonas Sustentável
(https://fas-amazonia.org/)
GBCI (https://gbci.org/)
Guia de Rodas
(https://guiaderodas.com/)
PNQAI
(https://www.pnqai.com.br/)
US Green Building Council
(https://new.usgbc.org/)
08/06/2026, 13:11
GBC Zero Energy - GBC Brasil
https://www.gbcbrasil.org.br/certificacao/zero-energy/?utm_source=chatgpt.com
5/6
",1870,"EMPREENDIMENTOS GBC BRASIL ZERO ENERGY
Edifícios autossuficientes em energia
Conheça mais
( 
energy/empreendimentos)
>
Sobre
( 
nos/)
Sobre o GBC Brasil
( 
nos/)
Próximos eventos
( 
gbc/)
Na mídia
( 
midia/)
Política de Privacidade
( 
de-privacidade/)
Recursos
Certificações
( 
Documentos GBC Zero Energy
( 
energy/#:~:text=Documentos%20para%20Download)
Documentos GBC Casa
( 
casa/#:~:text=Documentos%20para%20Download)
Documentos GBC Condomínio
( 
condominio/#:~:text=Documentos%20para%20Download)
Diretório
Membros
( 
Projetos LEED
( 
leed/empreendimentos/)
Projetos Casa & Condomínio
( 
condominio/empreendimentos/)
Projetos Zero Energy
( 
energy/empreendimentos/)
Profissionais LEED
( 
leed/profissionais/)
Profissionais Casa & Condomínio
( 
condominio/profissionais/)
Sites Parceiros
Arc ( 
Fundação Amazonas Sustentável
( 
GBCI ( 
Guia de Rodas
( 
PNQAI
( 
US Green Building Council
( 
08/06/2026, 13:11
GBC Zero Energy - GBC Brasil
 
5/6",1870,945
02_gbc_zero_energy_pagina.pdf,Página da Certificação GBC Zero Energy,GBC Brasil,certificacao,energia_net_zero,2025,vigente,página técnica salva em PDF,"etapas, documentos e requisitos gerais da certificação GBC Zero Energy",6,"WorldGBC
(https://www.worldgbc.org/)
Uma organização que foca em desenvolvimento e promoção de diferentes sistemas de certificação, capacitação contínua,
engajamento profissional e iniciativas socioculturais.
Informe seu nome
Insira seu melhor e-mail
reCAPTCHA
Não sou um robô
(https://pt.linkedin.com/company/green-building-council-brasil)
(https://www.youtube.com/user/gbcbrasil)
(https://www.instagram.com/gbcbrasil/)
INSCREVER-SE
© 2026 Green Building Council Brasil. All Rights Reserved.
08/06/2026, 13:11
GBC Zero Energy - GBC Brasil
https://www.gbcbrasil.org.br/certificacao/zero-energy/?utm_source=chatgpt.com
6/6
",625,"WorldGBC
( 
Uma organização que foca em desenvolvimento e promoção de diferentes sistemas de certificação, capacitação contínua,
engajamento profissional e iniciativas socioculturais.
Informe seu nome
Insira seu melhor e-mail
reCAPTCHA
Não sou um robô
( 
( 
( 
INSCREVER-SE
© 2026 Green Building Council Brasil. All Rights Reserved.
08/06/2026, 13:11
GBC Zero Energy - GBC Brasil
 
6/6",625,388
03_gbc_leed_certificacao.pdf,Certificação LEED,GBC Brasil,certificacao,edificios_verdes,2025,vigente,página técnica salva em PDF,certificação LEED e critérios de edifícios sustentáveis,1,"O que é o LEED?
O LEED é o sistema de certificação de edifícios sustentáveis mais utilizado no mundo. A certificação LEED
oferece uma estrutura para edifícios sustentáveis saudáveis, eficientes e econômicos, proporcionando
benefícios ambientais e sociais, servindo como um símbolo globalmente reconhecido de liderança em
sustentabilidade, apoiado por um grande grupo de organizações e indivíduos que impulsionam a
mudança da construção em direção à sustentabilidade.
Leadership in Energy and
Environmental Design
08/06/2026, 13:11
Leadership in Energy and Environmental Design - GBC Brasil
https://www.gbcbrasil.org.br/certificacao/certificacao-leed/?utm_source=chatgpt.com
1/8
",678,"O que é o LEED?
O LEED é o sistema de certificação de edifícios sustentáveis mais utilizado no mundo. A certificação LEED
oferece uma estrutura para edifícios sustentáveis saudáveis, eficientes e econômicos, proporcionando
benefícios ambientais e sociais, servindo como um símbolo globalmente reconhecido de liderança em
sustentabilidade, apoiado por um grande grupo de organizações e indivíduos que impulsionam a
mudança da construção em direção à sustentabilidade.
Leadership in Energy and
Environmental Design
08/06/2026, 13:11
Leadership in Energy and Environmental Design - GBC Brasil
 
1/8",678,595
03_gbc_leed_certificacao.pdf,Certificação LEED,GBC Brasil,certificacao,edificios_verdes,2025,vigente,página técnica salva em PDF,certificação LEED e critérios de edifícios sustentáveis,2,"Tipologias
Versões da certificação
LEED v4
O LEED v4 se baseia em versões anteriores da certificação com orientação especializada para diferentes tipos de
projetos, foco na transparência e reconhecimento de sinergias para resultados mensuráveis ao longo do ciclo de vida
de um edifício.
LEED v4.1
(https://www.gbcbrasil.org.br/certificaca
leed/tipologia-bdc/)
Novas Construções
LEED BD+C
(https://www.gbcbrasil.org.br/certificaca
leed/tipologia-idc/)
Interiores Comerciais
LEED ID+C
(https://www.gbcbrasil.org.br/certificaca
leed/tipologia-om/)
Operação &
Manutenção
LEED O+M
(https://www.gbcbrasil.org.br/certificaca
leed/cidades-e-comunidades/)
Cidades e Comunidades
LEED for Cities and
Communities
08/06/2026, 13:11
Leadership in Energy and Environmental Design - GBC Brasil
https://www.gbcbrasil.org.br/certificacao/certificacao-leed/?utm_source=chatgpt.com
2/8
",866,"Tipologias
Versões da certificação
LEED v4
O LEED v4 se baseia em versões anteriores da certificação com orientação especializada para diferentes tipos de
projetos, foco na transparência e reconhecimento de sinergias para resultados mensuráveis ao longo do ciclo de vida
de um edifício.
LEED v4.1
( 
leed/tipologia-bdc/)
Novas Construções
LEED BD+C
( 
leed/tipologia-idc/)
Interiores Comerciais
LEED ID+C
( 
leed/tipologia-om/)
Operação &
Manutenção
LEED O+M
( 
leed/cidades-e-comunidades/)
Cidades e Comunidades
LEED for Cities and
Communities
08/06/2026, 13:11
Leadership in Energy and Environmental Design - GBC Brasil
 
2/8",866,627
03_gbc_leed_certificacao.pdf,Certificação LEED,GBC Brasil,certificacao,edificios_verdes,2025,vigente,página técnica salva em PDF,certificação LEED e critérios de edifícios sustentáveis,3,"Desenvolvido como um passo incremental na evolução dos sistemas de certificação LEED, o LEED v4.1 se concentra em
abordar barreiras de mercado, atualizar limites de desempenho e recompensar a liderança com base no desempenho.
LEED v5
O LEED v5 se baseia no legado de 25 anos e no impacto global do LEED, defendendo soluções para alinhar o ambiente
construído com imperativos críticos, incluindo descarbonização, qualidade de vida e conservação e restauração
ecológica.
Como funciona o LEED?
O LEED é holístico. Como estrutura, ele aborda tudo, desde o uso de energia e água até a seleção de materiais,
gestão de resíduos e qualidade ambiental interna, por meio de uma série de categorias de crédito adaptadas
para cada sistema de classificação. Para obter a certificação LEED, um projeto deve primeiro atender a todos os
pré-requisitos e, em seguida, ganhar pontos ao selecionar e atender aos requisitos de crédito. Os projetos
passam por um processo de verificação e revisão pelo GBCI e recebem pontos que correspondem a um nível de
certificação LEED: Certificado, Prata, Ouro e Platina.
Platinum
80+ pontos
Gold
60 – 79 pontos
Silver
50 – 59 pontos
Certified
40 – 49 pontos
Etapas para Certificar seu Projeto
1. Determine o sistema de certificação LEED e a versão adequada: LEED v5, LEED v4.1 ou LEED v4. Revise os requisitos
mínimos do programa e os pré-requisitos para as categorias relacionadas ao sistema de certificação escolhido.
2. Dependendo da versão selecionada, registre o projeto no Arc (LEED v5) ou no LEED Online (LEED v4.1 e LEED v4).
08/06/2026, 13:11
Leadership in Energy and Environmental Design - GBC Brasil
https://www.gbcbrasil.org.br/certificacao/certificacao-leed/?utm_source=chatgpt.com
3/8
",1717,"Desenvolvido como um passo incremental na evolução dos sistemas de certificação LEED, o LEED v4.1 se concentra em
abordar barreiras de mercado, atualizar limites de desempenho e recompensar a liderança com base no desempenho.
LEED v5
O LEED v5 se baseia no legado de 25 anos e no impacto global do LEED, defendendo soluções para alinhar o ambiente
construído com imperativos críticos, incluindo descarbonização, qualidade de vida e conservação e restauração
ecológica.
Como funciona o LEED?
O LEED é holístico. Como estrutura, ele aborda tudo, desde o uso de energia e água até a seleção de materiais,
gestão de resíduos e qualidade ambiental interna, por meio de uma série de categorias de crédito adaptadas
para cada sistema de classificação. Para obter a certificação LEED, um projeto deve primeiro atender a todos os
pré-requisitos e, em seguida, ganhar pontos ao selecionar e atender aos requisitos de crédito. Os projetos
passam por um processo de verificação e revisão pelo GBCI e recebem pontos que correspondem a um nível de
certificação LEED: Certificado, Prata, Ouro e Platina.
Platinum
80+ pontos
Gold
60 – 79 pontos
Silver
50 – 59 pontos
Certified
40 – 49 pontos
Etapas para Certificar seu Projeto
1. Determine o sistema de certificação LEED e a versão adequada: LEED v5, LEED v4.1 ou LEED v4. Revise os requisitos
mínimos do programa e os pré-requisitos para as categorias relacionadas ao sistema de certificação escolhido.
2. Dependendo da versão selecionada, registre o projeto no Arc (LEED v5) ou no LEED Online (LEED v4.1 e LEED v4).
08/06/2026, 13:11
Leadership in Energy and Environmental Design - GBC Brasil
 
3/8",1717,1634
03_gbc_leed_certificacao.pdf,Certificação LEED,GBC Brasil,certificacao,edificios_verdes,2025,vigente,página técnica salva em PDF,certificação LEED e critérios de edifícios sustentáveis,4,"3. Escolha os créditos que se alinham com os objetivos do seu projeto e crie seu scorecard de projeto LEED. Saiba
mais sobre os créditos na biblioteca de créditos LEED.
4. Gerencie a implementação de suas estratégias de sustentabilidade com a equipe do projeto. Atribua créditos aos
membros da equipe e documente o cumprimento dos pré-requisitos e créditos.
5. Envie a documentação para análise no Arc ou no LEED Online.
Novidades no LEED v5
O LEED v5 não se limita aos edifícios de hoje. A nova versão veio para construir um futuro melhor. Trata-
se de uma estrutura abrangente criada para impulsionar o mercado em direção a uma realidade de
carbono zero, que seja equitativa, resiliente e promova o uso inteligente e seguro de todos os recursos.
Em sua essência, o LEED v5 concentra-se em três áreas de impacto principais:
Descarbonização
por meio de metas de redução de emissões operacionais, incorporadas, de refrigerantes e de transporte.
Qualidade de vida
por meio da melhoria da saúde, bem-estar, resiliência e equidade para os ocupantes dos edifícios e suas
comunidades, tornando os espaços não apenas ecologicamente corretos, mas também amigáveis às pessoas.
Conservação e restauração
enfatizando estratégias que limitam a degradação ambiental e contribuem para a restauração dos ecossistemas,
garantindo que nosso ambiente construído exista em harmonia com a natureza.
O LEED está sendo atualizado para fornecer maior flexibilidade aos projetos e mais oportunidades de
evoluir os requisitos do sistema de classificação em resposta a um mercado em rápida mudança.
Mudança para um ciclo de desenvolvimento de cinco anos
proporciona maior previsibilidade para o mercado. Essa cadência começará com o lançamento, em 2025, dos
sistemas de classificação LEED v5, que foram votados.
Continuidade em todo o ciclo de vida do edifício
alinhando indicadores de desempenho e necessidades de dados, desde o projeto e a construção até as
operações e manutenção, por meio do monitoramento de desempenho.
08/06/2026, 13:11
Leadership in Energy and Environmental Design - GBC Brasil
https://www.gbcbrasil.org.br/certificacao/certificacao-leed/?utm_source=chatgpt.com
4/8
",2164,"3. Escolha os créditos que se alinham com os objetivos do seu projeto e crie seu scorecard de projeto LEED. Saiba
mais sobre os créditos na biblioteca de créditos LEED.
4. Gerencie a implementação de suas estratégias de sustentabilidade com a equipe do projeto. Atribua créditos aos
membros da equipe e documente o cumprimento dos pré-requisitos e créditos.
5. Envie a documentação para análise no Arc ou no LEED Online.
Novidades no LEED v5
O LEED v5 não se limita aos edifícios de hoje. A nova versão veio para construir um futuro melhor. Trata-
se de uma estrutura abrangente criada para impulsionar o mercado em direção a uma realidade de
carbono zero, que seja equitativa, resiliente e promova o uso inteligente e seguro de todos os recursos.
Em sua essência, o LEED v5 concentra-se em três áreas de impacto principais:
Descarbonização
por meio de metas de redução de emissões operacionais, incorporadas, de refrigerantes e de transporte.
Qualidade de vida
por meio da melhoria da saúde, bem-estar, resiliência e equidade para os ocupantes dos edifícios e suas
comunidades, tornando os espaços não apenas ecologicamente corretos, mas também amigáveis às pessoas.
Conservação e restauração
enfatizando estratégias que limitam a degradação ambiental e contribuem para a restauração dos ecossistemas,
garantindo que nosso ambiente construído exista em harmonia com a natureza.
O LEED está sendo atualizado para fornecer maior flexibilidade aos projetos e mais oportunidades de
evoluir os requisitos do sistema de classificação em resposta a um mercado em rápida mudança.
Mudança para um ciclo de desenvolvimento de cinco anos
proporciona maior previsibilidade para o mercado. Essa cadência começará com o lançamento, em 2025, dos
sistemas de classificação LEED v5, que foram votados.
Continuidade em todo o ciclo de vida do edifício
alinhando indicadores de desempenho e necessidades de dados, desde o projeto e a construção até as
operações e manutenção, por meio do monitoramento de desempenho.
08/06/2026, 13:11
Leadership in Energy and Environmental Design - GBC Brasil
 
4/8",2164,2081
03_gbc_leed_certificacao.pdf,Certificação LEED,GBC Brasil,certificacao,edificios_verdes,2025,vigente,página técnica salva em PDF,certificação LEED e critérios de edifícios sustentáveis,5,"Novos requisitos para a certificação Platinum
foram criados abordando eficiência energética, emissões de carbono e uso de energia renovável.
Nossos Cursos
Uma organização que foca em desenvolvimento e promoção de diferentes sistemas de certificação,
capacitação contínua, engajamento profissional e iniciativas socioculturais.
Certificação GBC Brasil
Casa & Condomínio
CURSO ONLINE
(https://www.gbcbrasil.org.br/curso/certificacao-
gbc-brasil-casa-condominio/)
conheça mais
(https://www.gbcbrasil.org.br/curso/certificacao-
gbc-brasil-casa-condominio/)
Certificação GBC Zero
Energy
CURSO ONLINE
(https://www.gbcbrasil.org.br/curso/gbc-zero-
energy/)
conheça mais
(https://www.gbcbrasil.org.br/curso/gbc-
zero-energy/)
08/06/2026, 13:11
Leadership in Energy and Environmental Design - GBC Brasil
https://www.gbcbrasil.org.br/certificacao/certificacao-leed/?utm_source=chatgpt.com
5/8
",883,"Novos requisitos para a certificação Platinum
foram criados abordando eficiência energética, emissões de carbono e uso de energia renovável.
Nossos Cursos
Uma organização que foca em desenvolvimento e promoção de diferentes sistemas de certificação,
capacitação contínua, engajamento profissional e iniciativas socioculturais.
Certificação GBC Brasil
Casa & Condomínio
CURSO ONLINE
( 
gbc-brasil-casa-condominio/)
conheça mais
( 
gbc-brasil-casa-condominio/)
Certificação GBC Zero
Energy
CURSO ONLINE
( 
energy/)
conheça mais
( 
zero-energy/)
08/06/2026, 13:11
Leadership in Energy and Environmental Design - GBC Brasil
 
5/8",883,625
03_gbc_leed_certificacao.pdf,Certificação LEED,GBC Brasil,certificacao,edificios_verdes,2025,vigente,página técnica salva em PDF,certificação LEED e critérios de edifícios sustentáveis,6,"EMPREENDIMENTOS LEED
Conheça os empreendimentos que estão buscando a certificação LEED ou já foram
certificados, no Brasil.
Conheça mais
(https://www.gbcbrasil.org.br/certificacao/certificacao-
leed/empreendimentos)
>
PROFISSIONAIS LEED
Conheça os profissionais Acreditados LEED GA, LEED AP e LEED Fellow, atuantes no
mercado brasileiro.
Conheça mais
(https://www.gbcbrasil.org.br/certificacao/certificacao-
leed/profissionais)
>
Sobre
(https://www.gbcbrasil.org.br/sobre-
nos/)
Sobre o GBC Brasil
(https://www.gbcbrasil.org.br/sobre-
nos/)
Próximos eventos
(https://www.gbcbrasil.org.br/eventos-
gbc/)
Na mídia
(https://www.gbcbrasil.org.br/na-
midia/)
Recursos
Certificações
(https://www.gbcbrasil.org.br/certificacoes/)
Documentos GBC Zero Energy
(https://www.gbcbrasil.org.br/certificacao/zero-
energy/#:~:text=Documentos%20para%20Download)
Documentos GBC Casa
(https://www.gbcbrasil.org.br/certificacao/certificacao-
casa/#:~:text=Documentos%20para%20Download)
Documentos GBC Condomínio
(https://www.gbcbrasil.org.br/certificacao/certificacao-
condominio/#:~:text=Documentos%20para%20Download)
Diretório
Membros
(https://www.gbcbrasil.org.br/membros/)
Projetos LEED
(https://www.gbcbrasil.org.br/certificacao/certificacao-
leed/empreendimentos/)
Projetos Casa & Condomínio
(https://www.gbcbrasil.org.br/certificacao/certificacao-
condominio/empreendimentos/)
Projetos Zero Energy
(https://www.gbcbrasil.org.br/certificacao/zero-
energy/empreendimentos/)
08/06/2026, 13:11
Leadership in Energy and Environmental Design - GBC Brasil
https://www.gbcbrasil.org.br/certificacao/certificacao-leed/?utm_source=chatgpt.com
6/8
",1624,"EMPREENDIMENTOS LEED
Conheça os empreendimentos que estão buscando a certificação LEED ou já foram
certificados, no Brasil.
Conheça mais
( 
leed/empreendimentos)
>
PROFISSIONAIS LEED
Conheça os profissionais Acreditados LEED GA, LEED AP e LEED Fellow, atuantes no
mercado brasileiro.
Conheça mais
( 
leed/profissionais)
>
Sobre
( 
nos/)
Sobre o GBC Brasil
( 
nos/)
Próximos eventos
( 
gbc/)
Na mídia
( 
midia/)
Recursos
Certificações
( 
Documentos GBC Zero Energy
( 
energy/#:~:text=Documentos%20para%20Download)
Documentos GBC Casa
( 
casa/#:~:text=Documentos%20para%20Download)
Documentos GBC Condomínio
( 
condominio/#:~:text=Documentos%20para%20Download)
Diretório
Membros
( 
Projetos LEED
( 
leed/empreendimentos/)
Projetos Casa & Condomínio
( 
condominio/empreendimentos/)
Projetos Zero Energy
( 
energy/empreendimentos/)
08/06/2026, 13:11
Leadership in Energy and Environmental Design - GBC Brasil
 
6/8",1624,910
03_gbc_leed_certificacao.pdf,Certificação LEED,GBC Brasil,certificacao,edificios_verdes,2025,vigente,página técnica salva em PDF,certificação LEED e critérios de edifícios sustentáveis,7,"Política de Privacidade
(https://www.gbcbrasil.org.br/politica-
de-privacidade/)
Profissionais LEED
(https://www.gbcbrasil.org.br/certificacao/certificacao-
leed/profissionais/)
Profissionais Casa & Condomínio
(https://www.gbcbrasil.org.br/certificacao/certificacao-
condominio/profissionais/)
Sites Parceiros
Arc (https://arcskoru.com/)
Fundação Amazonas Sustentável
(https://fas-amazonia.org/)
GBCI (https://gbci.org/)
Guia de Rodas
(https://guiaderodas.com/)
PNQAI
(https://www.pnqai.com.br/)
US Green Building Council
(https://new.usgbc.org/)
WorldGBC
(https://www.worldgbc.org/)
Uma organização que foca em desenvolvimento e promoção de diferentes sistemas de certificação, capacitação contínua,
engajamento profissional e iniciativas socioculturais.
Informe seu nome
Insira seu melhor e-mail
reCAPTCHA
Não sou um robô
08/06/2026, 13:11
Leadership in Energy and Environmental Design - GBC Brasil
https://www.gbcbrasil.org.br/certificacao/certificacao-leed/?utm_source=chatgpt.com
7/8
",989,"Política de Privacidade
( 
de-privacidade/)
Profissionais LEED
( 
leed/profissionais/)
Profissionais Casa & Condomínio
( 
condominio/profissionais/)
Sites Parceiros
Arc ( 
Fundação Amazonas Sustentável
( 
GBCI ( 
Guia de Rodas
( 
PNQAI
( 
US Green Building Council
( 
WorldGBC
( 
Uma organização que foca em desenvolvimento e promoção de diferentes sistemas de certificação, capacitação contínua,
engajamento profissional e iniciativas socioculturais.
Informe seu nome
Insira seu melhor e-mail
reCAPTCHA
Não sou um robô
08/06/2026, 13:11
Leadership in Energy and Environmental Design - GBC Brasil
 
7/8",989,602
03_gbc_leed_certificacao.pdf,Certificação LEED,GBC Brasil,certificacao,edificios_verdes,2025,vigente,página técnica salva em PDF,certificação LEED e critérios de edifícios sustentáveis,8,"(https://pt.linkedin.com/company/green-building-council-brasil)
(https://www.youtube.com/user/gbcbrasil)
(https://www.instagram.com/gbcbrasil/)
INSCREVER-SE
© 2026 Green Building Council Brasil. All Rights Reserved.
08/06/2026, 13:11
Leadership in Energy and Environmental Design - GBC Brasil
https://www.gbcbrasil.org.br/certificacao/certificacao-leed/?utm_source=chatgpt.com
8/8
",384,"( 
( 
( 
INSCREVER-SE
© 2026 Green Building Council Brasil. All Rights Reserved.
08/06/2026, 13:11
Leadership in Energy and Environmental Design - GBC Brasil
 
8/8",384,166
04_usgbc_leed_credit_library.pdf,LEED Credit Library,USGBC,certificacao,creditos_leed,2025,vigente,biblioteca de créditos,"créditos LEED para energia, água e sustentabilidade",1,"LEED Credit Library
53 credits
Select a rating system
LEED BD+C: New Construction
Select a version
v5 - LEED v5
Type to search
Platinum Requirements (New Construction)
General
LEED BD+C: New Construction
V5 - LEED V5
Climate Resilience Assessment
Integrative Process, Planning, and Assessments
IPp1 | Required
LEED BD+C: New Construction
V5 - LEED V5
Human Impact Assessment
Integrative Process, Planning, and Assessments
IPp2 | Required
LEED BD+C: New Construction
V5 - LEED V5
Carbon Assessment
Integrative Process, Planning, and Assessments
IPp3 | Required
LEED BD+C: New Construction
V5 - LEED V5
Integrative Design Process
Integrative Process, Planning, and Assessments
IPc1
Up to 1 point
LEED BD+C: New Construction
V5 - LEED V5
Toggle to open Filters
We heard you. LEED v4 and v4.1 commercial project registration has been extended to June 30, 2027. Learn more
Ajuda
08/06/2026, 13:12
LEED credit library | U.S. Green Building Council
https://www.usgbc.org/credits?utm_source=chatgpt.com
1/2
",999,"LEED Credit Library
53 credits
Select a rating system
LEED BD+C: New Construction
Select a version
v5 - LEED v5
Type to search
Platinum Requirements (New Construction)
General
LEED BD+C: New Construction
V5 - LEED V5
Climate Resilience Assessment
Integrative Process, Planning, and Assessments
IPp1 | Required
LEED BD+C: New Construction
V5 - LEED V5
Human Impact Assessment
Integrative Process, Planning, and Assessments
IPp2 | Required
LEED BD+C: New Construction
V5 - LEED V5
Carbon Assessment
Integrative Process, Planning, and Assessments
IPp3 | Required
LEED BD+C: New Construction
V5 - LEED V5
Integrative Design Process
Integrative Process, Planning, and Assessments
IPc1
Up to 1 point
LEED BD+C: New Construction
V5 - LEED V5
Toggle to open Filters
We heard you. LEED v4 and v4.1 commercial project registration has been extended to June 30, 2027. Learn more
Ajuda
08/06/2026, 13:12
LEED credit library | U.S. Green Building Council
 
1/2",999,947
04_usgbc_leed_credit_library.pdf,LEED Credit Library,USGBC,certificacao,creditos_leed,2025,vigente,biblioteca de créditos,"créditos LEED para energia, água e sustentabilidade",2,"Sensitive Land Protection
Location & transportation
LTc1
Up to 1 point
LEED BD+C: New Construction
V5 - LEED V5
Equitable Development
Location & transportation
LTc2
Up to 2 points
LEED BD+C: New Construction
V5 - LEED V5
Compact and Connected Development
Location & transportation
LTc3
Up to 6 points
LEED BD+C: New Construction
V5 - LEED V5
Transportation Demand Management
Location & transportation
LTc4
Up to 4 points
LEED BD+C: New Construction
V5 - LEED V5
Electric Vehicles
Location & transportation
LTc5
Up to 2 points
LEED BD+C: New Construction
V5 - LEED V5
Minimize Site Disturbance
Sustainable sites
SSp1 | Required
LEED BD+C: New Construction
V5 - LEED V5
Biodiverse Habitat
Sustainable sites
SSc1
Up to 2 points
LEED BD+C: New Construction
V5 - LEED V5
08/06/2026, 13:12
LEED credit library | U.S. Green Building Council
https://www.usgbc.org/credits?utm_source=chatgpt.com
2/2
",891,"Sensitive Land Protection
Location & transportation
LTc1
Up to 1 point
LEED BD+C: New Construction
V5 - LEED V5
Equitable Development
Location & transportation
LTc2
Up to 2 points
LEED BD+C: New Construction
V5 - LEED V5
Compact and Connected Development
Location & transportation
LTc3
Up to 6 points
LEED BD+C: New Construction
V5 - LEED V5
Transportation Demand Management
Location & transportation
LTc4
Up to 4 points
LEED BD+C: New Construction
V5 - LEED V5
Electric Vehicles
Location & transportation
LTc5
Up to 2 points
LEED BD+C: New Construction
V5 - LEED V5
Minimize Site Disturbance
Sustainable sites
SSp1 | Required
LEED BD+C: New Construction
V5 - LEED V5
Biodiverse Habitat
Sustainable sites
SSc1
Up to 2 points
LEED BD+C: New Construction
V5 - LEED V5
08/06/2026, 13:12
LEED credit library | U.S. Green Building Council
 
2/2",891,839
05_gbc_brasil_casa_guia.pdf,Guia Prático GBC Brasil Casa,GBC Brasil,certificacao,residencial_sustentavel,2019,vigente,guia técnico,boas práticas para residências sustentáveis,1," 
 
 
 
 
 
 
 
 
 
 
 
 
 
 
 
 
 
 
 
 
 
Certificação 
GBC Brasil Casa® 
GUIA PRÁTICO 
PORQUE E COMO CERTIFICAR 
SEU PROJETO 
  
 
Janeiro de 2019 
 
",153,"Certificação 
GBC Brasil Casa® 
GUIA PRÁTICO 
PORQUE E COMO CERTIFICAR 
SEU PROJETO 
 
 
Janeiro de 2019",153,104
05_gbc_brasil_casa_guia.pdf,Guia Prático GBC Brasil Casa,GBC Brasil,certificacao,residencial_sustentavel,2019,vigente,guia técnico,boas práticas para residências sustentáveis,2," 
1 
 
SUMÁRIO 
 
Porque Certificar seu Projeto ........................................................................................................ 2 
Prefácio ..................................................................................................................................... 2 
História ...................................................................................................................................... 2 
Público Alvo ............................................................................................................................... 3 
Objetivos ................................................................................................................................... 3 
Benefícios da Certificação ......................................................................................................... 4 
Conteúdo da Certificação .............................................................................................................. 4 
Guia de Certificação .................................................................................................................. 6 
Guia Rápido ............................................................................................................................... 6 
Projetos Registrados e Certificados .......................................................................................... 6 
Requisitos Mínimos para a Certificação ........................................................................................ 7 
Como Certificar seu Projeto .......................................................................................................... 8 
1. Registro ................................................................................................................................. 8 
2. Verificação ............................................................................................................................. 9 
3. Revisão .................................................................................................................................. 9 
4. Certificação .......................................................................................................................... 11 
Profissional Acreditado GBC Brasil Casa e Condomínio .............................................................. 11 
Sinergias entre os créditos .......................................................................................................... 12 
Custos da Certificação ................................................................................................................. 13 
Promova seu projeto ................................................................................................................... 13 
Dúvidas sobre o processo de Certificação .................................................................................. 14 
 
 
 
 
 
 
 
",2953,"SUMÁRIO 
 
Porque Certificar seu Projeto........................................................................................................ 2 
Prefácio..................................................................................................................................... 2 
História...................................................................................................................................... 2 
Público Alvo............................................................................................................................... 3 
Objetivos................................................................................................................................... 3 
Benefícios da Certificação......................................................................................................... 4 
Conteúdo da Certificação.............................................................................................................. 4 
Guia de Certificação.................................................................................................................. 6 
Guia Rápido............................................................................................................................... 6 
Projetos Registrados e Certificados.......................................................................................... 6 
Requisitos Mínimos para a Certificação........................................................................................ 7 
Como Certificar seu Projeto.......................................................................................................... 8 
1. Registro................................................................................................................................. 8 
2. Verificação............................................................................................................................. 9 
3. Revisão.................................................................................................................................. 9 
4. Certificação.......................................................................................................................... 11 
Profissional Acreditado GBC Brasil Casa e Condomínio.............................................................. 11 
Sinergias entre os créditos.......................................................................................................... 12 
Custos da Certificação................................................................................................................. 13 
Promova seu projeto................................................................................................................... 13 
Dúvidas sobre o processo de Certificação.................................................................................. 14",2953,2909
05_gbc_brasil_casa_guia.pdf,Guia Prático GBC Brasil Casa,GBC Brasil,certificacao,residencial_sustentavel,2019,vigente,guia técnico,boas práticas para residências sustentáveis,3," 
2 
 
Porque Certificar seu Projeto 
 
Prefácio 
Os ambientes construídos possuem um enorme impacto no meio ambiente, economia, saúde 
e bem estar dos usuários. Avanços na ciência da construção, tecnologia, serviços e sistemas 
estão cada vez mais disponíveis para os projetistas, construtores e proprietários que querem 
construir verde e maximizar o desempenho económico e ambiental. 
A Certificação GBC Brasil Casa® foi desenvolvida pelo Green Building Council Brasil, com a 
intensão de fornecer ferramentas necessárias para projetar, construir e operar residências 
com alto desempenho e práticas sustentáveis. Busca-se fomentar o setor industrial em prol da 
sustentabilidade e transformação do ambiente construído, através da educação e 
disseminação das práticas necessárias para a construção sustentável. 
História 
Em Setembro de 2012 o GBC Brasil lançou o referencial para Casas Sustentáveis, com o intuito 
de abordar e avaliar diferentes questões de sustentabilidade em projetos de residências 
unifamiliares. A iniciativa contou com a participação de 200 profissionais do setor para sua 
realização., A organização dos comitês técnicos teve início em meados de 2011, com a criação 
de grupos de discussões, que abordavam as distintas práticas e sistemas de uma edificação 
distribuídas nas seguintes categorias: implantação, uso racional da água, eficiência energética, 
materiais, qualidade do ambiente interno e responsabilidade social. Estes comitês, utilizando 
seu elevado conhecimento técnico e experiência de mercado, e como referência, outros selos 
de certificação já consolidados no mundo, definiram os parâmetros de sustentabilidade que 
são avaliados hoje na Certificação GBC Brasil Casa®.  
Para a versão 1 da Certificação, foram selecionados 9 projetos pilotos, localizados em 
diferentes estados do Brasil e construídos com diferentes tipologias construtivas, incluindo 
light steel frame, wood frame, estrutura mista, EPS (poliestireno expandido), bloco cerâmico e 
alvenaria estrutural. Com o auxilio desses projetos foi possível definir critérios de certificação 
aplicáveis para as diversas situações e particularidades encontradas no território brasileiro.  
Com o sucesso do lançamento da ferramenta de certificação para residências unifamiliares e 
amadurecimento do mercado, surgiu a necessidade de atualização do conteúdo e expansão 
dos critérios para a certificação de residências multifamiliares.  
Em 2016, o comitê técnico iniciou o trabalho de revisão e adaptação dos parâmetros de 
sustentabilidade para os condomínios e edifícios residenciais e juntamente com o auxilio de 11 
projetos pioneiros consolidaram, em 2017, a versão 2 da Certificação GBC Brasil Casa® e 
lançando a Certificação GBC Brasil Condomínio®  
",2762,"Porque Certificar seu Projeto 
 
Prefácio 
Os ambientes construídos possuem um enorme impacto no meio ambiente, economia, saúde 
e bem estar dos usuários. Avanços na ciência da construção, tecnologia, serviços e sistemas 
estão cada vez mais disponíveis para os projetistas, construtores e proprietários que querem 
construir verde e maximizar o desempenho económico e ambiental. 
A Certificação GBC Brasil Casa® foi desenvolvida pelo Green Building Council Brasil, com a 
intensão de fornecer ferramentas necessárias para projetar, construir e operar residências 
com alto desempenho e práticas sustentáveis. Busca-se fomentar o setor industrial em prol da 
sustentabilidade e transformação do ambiente construído, através da educação e 
disseminação das práticas necessárias para a construção sustentável. 
História 
Em Setembro de 2012 o GBC Brasil lançou o referencial para Casas Sustentáveis, com o intuito 
de abordar e avaliar diferentes questões de sustentabilidade em projetos de residências 
unifamiliares. A iniciativa contou com a participação de 200 profissionais do setor para sua 
realização., A organização dos comitês técnicos teve início em meados de 2011, com a criação 
de grupos de discussões, que abordavam as distintas práticas e sistemas de uma edificação 
distribuídas nas seguintes categorias: implantação, uso racional da água, eficiência energética, 
materiais, qualidade do ambiente interno e responsabilidade social. Estes comitês, utilizando 
seu elevado conhecimento técnico e experiência de mercado, e como referência, outros selos 
de certificação já consolidados no mundo, definiram os parâmetros de sustentabilidade que 
são avaliados hoje na Certificação GBC Brasil Casa®. 
Para a versão 1 da Certificação, foram selecionados 9 projetos pilotos, localizados em 
diferentes estados do Brasil e construídos com diferentes tipologias construtivas, incluindo 
light steel frame, wood frame, estrutura mista, EPS (poliestireno expandido), bloco cerâmico e 
alvenaria estrutural. Com o auxilio desses projetos foi possível definir critérios de certificação 
aplicáveis para as diversas situações e particularidades encontradas no território brasileiro. 
Com o sucesso do lançamento da ferramenta de certificação para residências unifamiliares e 
amadurecimento do mercado, surgiu a necessidade de atualização do conteúdo e expansão 
dos critérios para a certificação de residências multifamiliares. 
Em 2016, o comitê técnico iniciou o trabalho de revisão e adaptação dos parâmetros de 
sustentabilidade para os condomínios e edifícios residenciais e juntamente com o auxilio de 11 
projetos pioneiros consolidaram, em 2017, a versão 2 da Certificação GBC Brasil Casa® e 
lançando a Certificação GBC Brasil Condomínio®",2762,2749
05_gbc_brasil_casa_guia.pdf,Guia Prático GBC Brasil Casa,GBC Brasil,certificacao,residencial_sustentavel,2019,vigente,guia técnico,boas práticas para residências sustentáveis,4," 
3 
 
A Versão 2 é composta por dois Guias de Certificação que trazem critérios de sustentabilidade  
para as residências unifamiliares – Certificação GBC Brasil Casa®, e Multifamiliares – 
Certificação GBC Brasil Condomínio®.  
O GBC Brasil acredita ser extremamente importante criar parâmetros técnicos e desenvolver 
conceitos sustentáveis para o setor residencial no país. Além de viabilizar a redução de custos 
operacionais, este Guia tem a função de incentivar a criação de políticas públicas e benefícios 
fiscais para residências que adotam sistemas de sustentabilidade em seus projetos, além de 
promover a saúde e bem estar dos ocupantes. Esperamos que através da conscientização da 
população, por meio de educação ambiental e construtiva, o consumidor final possa fazer 
exigências sustentáveis aos governantes e mercado, contribuindo para que o Brasil seja 
referência mundial na construção civil.  
Público Alvo 
Arquitetos, Engenheiros, Construtores e Incorporadores que buscam um diferencial no 
mercado ao desenvolver projetos de alta eficiência; proprietários que entendem a importância 
de se construir de forma mais eficiente, econômica e sustentável; todas as pessoas que 
possuem interesse no mercado da construção civil sustentável e podem contribuir de alguma 
forma ao desenvolvimento e estabelecimento deste mercado no país. 
Objetivos 
A Certificação GBC Brasil Casa® visa promover a transformação do setor da construção por 
meio de estratégias desenvolvidas para alcançar sete objetivos:  
 
Mitigação dos impactos da mudança climática;  
 
Melhoraria da saúde humana e bem estar do ocupante;  
 
Proteção e restauração de recursos hídricos;  
 
Proteção e restauração da biodiversidade e os serviços ecossistêmicos;  
 
Desenvolvimento da economia verde;  
 
Aumento da comunicação e educação, contribuindo para o aumento da equidade 
social, justiça ambiental, saúde comunitária e qualidade de vida.  
Esses objetivos são a base para os pré-requisitos e créditos da Certificação GBC Brasil Casa®, 
que são classificados em 8 categorias: Implantação (IMP), Energia e Atmosfera (EA), Uso 
Eficiente da Água (UEA), Materiais e Recursos (MR), Qualidade Ambiental Interna (QAI), 
Requisitos Sociais (RS), Inovação e Projeto (IP) e Créditos Regionais (CR).  
Os objetivos também norteiam a ponderação dos pontos em direção à certificação. Cada 
crédito possui uma pontuação com base na importância relativa de sua contribuição para os 
objetivos listados. Os créditos que abordam diretamente os objetivos mais importantes 
recebem o maior peso. 
A imagem abaixo mostra a distribuição dos pesos e ponderações entre os diversos créditos e 
categorias, conforme os seis objetivos da Certificação. 
",2728,"A Versão 2 é composta por dois Guias de Certificação que trazem critérios de sustentabilidade 
para as residências unifamiliares – Certificação GBC Brasil Casa®, e Multifamiliares – 
Certificação GBC Brasil Condomínio®. 
O GBC Brasil acredita ser extremamente importante criar parâmetros técnicos e desenvolver 
conceitos sustentáveis para o setor residencial no país. Além de viabilizar a redução de custos 
operacionais, este Guia tem a função de incentivar a criação de políticas públicas e benefícios 
fiscais para residências que adotam sistemas de sustentabilidade em seus projetos, além de 
promover a saúde e bem estar dos ocupantes. Esperamos que através da conscientização da 
população, por meio de educação ambiental e construtiva, o consumidor final possa fazer 
exigências sustentáveis aos governantes e mercado, contribuindo para que o Brasil seja 
referência mundial na construção civil. 
Público Alvo 
Arquitetos, Engenheiros, Construtores e Incorporadores que buscam um diferencial no 
mercado ao desenvolver projetos de alta eficiência; proprietários que entendem a importância 
de se construir de forma mais eficiente, econômica e sustentável; todas as pessoas que 
possuem interesse no mercado da construção civil sustentável e podem contribuir de alguma 
forma ao desenvolvimento e estabelecimento deste mercado no país. 
Objetivos 
A Certificação GBC Brasil Casa® visa promover a transformação do setor da construção por 
meio de estratégias desenvolvidas para alcançar sete objetivos: 
• 
Mitigação dos impactos da mudança climática; 
• 
Melhoraria da saúde humana e bem estar do ocupante; 
• 
Proteção e restauração de recursos hídricos; 
• 
Proteção e restauração da biodiversidade e os serviços ecossistêmicos; 
• 
Desenvolvimento da economia verde; 
• 
Aumento da comunicação e educação, contribuindo para o aumento da equidade 
social, justiça ambiental, saúde comunitária e qualidade de vida. 
Esses objetivos são a base para os pré-requisitos e créditos da Certificação GBC Brasil Casa®, 
que são classificados em 8 categorias: Implantação (IMP), Energia e Atmosfera (EA), Uso 
Eficiente da Água (UEA), Materiais e Recursos (MR), Qualidade Ambiental Interna (QAI), 
Requisitos Sociais (RS), Inovação e Projeto (IP) e Créditos Regionais (CR). 
Os objetivos também norteiam a ponderação dos pontos em direção à certificação. Cada 
crédito possui uma pontuação com base na importância relativa de sua contribuição para os 
objetivos listados. Os créditos que abordam diretamente os objetivos mais importantes 
recebem o maior peso. 
A imagem abaixo mostra a distribuição dos pesos e ponderações entre os diversos créditos e 
categorias, conforme os seis objetivos da Certificação.",2728,2708
05_gbc_brasil_casa_guia.pdf,Guia Prático GBC Brasil Casa,GBC Brasil,certificacao,residencial_sustentavel,2019,vigente,guia técnico,boas práticas para residências sustentáveis,5," 
4 
 
 
Benefícios da Certificação 
A Certificação GBC Brasil Casa® é projetada para enfrentar os desafios ambientais, 
respondendo às necessidades de um mercado competitivo.  
A certificação demonstra liderança, inovação, gestão ambiental e responsabilidade social. As 
residências com certificação GBC Brasil Casa® são projetadas para oferecer os seguintes 
benefícios:  
 
Custos operacionais mais baixos e aumento do valor patrimonial;  
 
Redução de resíduos enviados para aterros sanitários;  
 
Conservação de energia e água;  
 
Ambientes mais saudáveis e produtivos para ocupantes, resultando em melhor 
qualidade de vida, saúde e bem-estar;  
 
Redução das emissões de gases de efeito estufa;  
 
Qualificação para descontos fiscais, subsídios de zoneamento e outros incentivos 
financeiros por parte do poder público. 
Conteúdo da Certificação 
 
Todo o conteúdo da Certificação GBC Brasil Casa foi desenvolvido pelos Comitês Técnicos do 
GBC Brasil, com base em diversas outras Certificações Brasileiras e ao redor do mundo.  
O Guia não foi desenvolvido com o sentido de estabelecer como os projetistas e arquitetos 
devem projetar, mas sim fornecer ferramentas para que os projetos possuam características e 
diretrizes eficientes, trazendo benefícios para todos.  
As equipes de projetos devem desenvolver e implementar estratégias para atender aos 
critérios exigidos por cada crédito.  
As categorias abordadas pela Certificação GBC Brasil Casa são: 
",1475,"Benefícios da Certificação 
A Certificação GBC Brasil Casa® é projetada para enfrentar os desafios ambientais, 
respondendo às necessidades de um mercado competitivo. 
A certificação demonstra liderança, inovação, gestão ambiental e responsabilidade social. As 
residências com certificação GBC Brasil Casa® são projetadas para oferecer os seguintes 
benefícios: 
• 
Custos operacionais mais baixos e aumento do valor patrimonial; 
• 
Redução de resíduos enviados para aterros sanitários; 
• 
Conservação de energia e água; 
• 
Ambientes mais saudáveis e produtivos para ocupantes, resultando em melhor 
qualidade de vida, saúde e bem-estar; 
• 
Redução das emissões de gases de efeito estufa; 
• 
Qualificação para descontos fiscais, subsídios de zoneamento e outros incentivos 
financeiros por parte do poder público. 
Conteúdo da Certificação 
 
Todo o conteúdo da Certificação GBC Brasil Casa foi desenvolvido pelos Comitês Técnicos do 
GBC Brasil, com base em diversas outras Certificações Brasileiras e ao redor do mundo. 
O Guia não foi desenvolvido com o sentido de estabelecer como os projetistas e arquitetos 
devem projetar, mas sim fornecer ferramentas para que os projetos possuam características e 
diretrizes eficientes, trazendo benefícios para todos. 
As equipes de projetos devem desenvolver e implementar estratégias para atender aos 
critérios exigidos por cada crédito. 
As categorias abordadas pela Certificação GBC Brasil Casa são:",1475,1454
05_gbc_brasil_casa_guia.pdf,Guia Prático GBC Brasil Casa,GBC Brasil,certificacao,residencial_sustentavel,2019,vigente,guia técnico,boas práticas para residências sustentáveis,6," 
5 
 
    
    
    
 
 
 
    
    
    
 
 
 
 
As categorias abordadas consistem em Pré-requisitos (obrigatórios) e créditos (com 
pontuações distintas), que quando atendidos somam pontos para a determinação do nível de 
Certificação alcançado. 
Pré-requisitos: A Certificação GBC Brasil Casa® contém pré-requisitos únicos que devem ser 
atendidos, a fim de obter a certificação. A frase ou termo ""pré-requisito"" refere-se a uma 
característica obrigatória do projeto, medição, qualidade, valor ou função, conforme 
identificado dentro do sistema de classificação. Pré-requisitos representam os principais 
critérios que definem o desempenho mínimo da construção. Cada projeto deve satisfazer 
todos os pré-requisitos descritos em cada categoria do Referencial. O não cumprimento de 
qualquer pré-requisito tornará um projeto inelegível para a certificação. 
Créditos: Cada projeto deve satisfazer uma combinação de créditos necessários para o nível 
específico de certificação desejada. A palavra ""crédito"" determina uma característica de 
projeto, medição, qualidade, valor ou função, conforme identificado dentro do sistema de 
classificação. Cada crédito representa uma faceta particular de sustentabilidade, que contribui 
para o projeto e a construção de edificações mais eficientes. Os créditos são selecionados e 
buscados conforme a opção da equipe de projeto. 
Os créditos são dispostos nas categorias avaliadas e cada crédito está associado com um 
número específico de pontos e os projetos são premiados conforme o atendimento das 
estratégias listadas em cada crédito. Os níveis de Certificação variam de: Verde (40 a 49 
pontos); Prata (50 a 59 pontos); Ouro (60 a 79 pontos) e Platina (80 a 110 pontos). 
Implantação 
(IMP) 
Uso Eficiente 
da Água (UEA) 
Energia e 
Atmosfera (EA) 
Materiais e 
Recursos (MR) 
Qualidade do 
Ambiente 
Interno (QAI) 
Requisitos 
Sociais (RS) 
Inovação e 
Projeto (IP) 
Créditos 
Regionais (CR) 
",1946,"As categorias abordadas consistem em Pré-requisitos (obrigatórios) e créditos (com 
pontuações distintas), que quando atendidos somam pontos para a determinação do nível de 
Certificação alcançado. 
Pré-requisitos: A Certificação GBC Brasil Casa® contém pré-requisitos únicos que devem ser 
atendidos, a fim de obter a certificação. A frase ou termo ""pré-requisito"" refere-se a uma 
característica obrigatória do projeto, medição, qualidade, valor ou função, conforme 
identificado dentro do sistema de classificação. Pré-requisitos representam os principais 
critérios que definem o desempenho mínimo da construção. Cada projeto deve satisfazer 
todos os pré-requisitos descritos em cada categoria do Referencial. O não cumprimento de 
qualquer pré-requisito tornará um projeto inelegível para a certificação. 
Créditos: Cada projeto deve satisfazer uma combinação de créditos necessários para o nível 
específico de certificação desejada. A palavra ""crédito"" determina uma característica de 
projeto, medição, qualidade, valor ou função, conforme identificado dentro do sistema de 
classificação. Cada crédito representa uma faceta particular de sustentabilidade, que contribui 
para o projeto e a construção de edificações mais eficientes. Os créditos são selecionados e 
buscados conforme a opção da equipe de projeto. 
Os créditos são dispostos nas categorias avaliadas e cada crédito está associado com um 
número específico de pontos e os projetos são premiados conforme o atendimento das 
estratégias listadas em cada crédito. Os níveis de Certificação variam de: Verde (40 a 49 
pontos); Prata (50 a 59 pontos); Ouro (60 a 79 pontos) e Platina (80 a 110 pontos). 
Implantação 
(IMP) 
Uso Eficiente 
da Água (UEA) 
Energia e 
Atmosfera (EA) 
Materiais e 
Recursos (MR) 
Qualidade do 
Ambiente 
Interno (QAI) 
Requisitos 
Sociais (RS) 
Inovação e 
Projeto (IP) 
Créditos 
Regionais (CR)",1946,1893
05_gbc_brasil_casa_guia.pdf,Guia Prático GBC Brasil Casa,GBC Brasil,certificacao,residencial_sustentavel,2019,vigente,guia técnico,boas práticas para residências sustentáveis,7," 
6 
 
Guia de Certificação 
O Guia de Certificação GBC Brasil Casa é o documento oficial e completo com todas as 
diretrizes para a Certificação de residências unifamiliares. Este guia fornece informações 
suplementares sobre todos os requisitos para a certificação, incluindo critérios relacionados 
com o ganho de pontos por desempenho exemplar, a intenção por trás dos requisitos (pré-
requisitos e créditos) do sistema de classificação, bem como as estratégias sugeridas para 
implementar práticas de construção sustentável que irão satisfazer o atendimento da 
certificação. Além disso, esse guia identifica requisitos de documentação necessários para 
completar um pedido de certificação. Embora este guia forneça sugestões sobre possíveis 
estratégias para incorporar atributos específicos de projeto sustentável, tais sugestões não 
constituem em um inventário exaustivo das práticas aceitáveis para projeto e construção de 
edifícios sustentáveis. 
O Guia de Certificação está disponível para venda, conforme valores listados na tabela abaixo: 
TAXAS PARA GUIA CERTIFICAÇÃO GBC BRASIL CASA® 
 
Membros GBC Brasil 
Não-Membros GBC Brasil 
PDF (Versão online 
imprimível) 
R$200,00 
R$300,00 
Impresso e 
Encadernado 
R$380,00* 
R$500,00* 
 
* Os valores para o Guia impresso não incluem o frete de correio. Caso seja necessário o envio 
do mesmo, será cobrada separadamente a taxa de entrega. 
 
Entre em contato com nossa equipe para solicitá-lo através do e-mail:  
referencialcasa@gbcbrasil.org.br  
 
Guia Rápido 
O Guia Rápido da Certificação GBC Brasil Casa® é composto pelas principais informações 
contidas no Guia de Certificação, para guiar incialmente projetistas e proprietários à 
certificação. Ele está disponível para download gratuito pelo site do GBC Brasil, através do link: 
http://www.gbcbrasil.org.br/documentosDownload.php  
 
Projetos Registrados e Certificados 
Todos os projetos registrados e certificados pela ferramenta GBC Brasil Casa estão disponíveis 
no site do GBC Brasil e são atualizados mensalmente. 
",2045,"Guia de Certificação 
O Guia de Certificação GBC Brasil Casa é o documento oficial e completo com todas as 
diretrizes para a Certificação de residências unifamiliares. Este guia fornece informações 
suplementares sobre todos os requisitos para a certificação, incluindo critérios relacionados 
com o ganho de pontos por desempenho exemplar, a intenção por trás dos requisitos (pré-
requisitos e créditos) do sistema de classificação, bem como as estratégias sugeridas para 
implementar práticas de construção sustentável que irão satisfazer o atendimento da 
certificação. Além disso, esse guia identifica requisitos de documentação necessários para 
completar um pedido de certificação. Embora este guia forneça sugestões sobre possíveis 
estratégias para incorporar atributos específicos de projeto sustentável, tais sugestões não 
constituem em um inventário exaustivo das práticas aceitáveis para projeto e construção de 
edifícios sustentáveis. 
O Guia de Certificação está disponível para venda, conforme valores listados na tabela abaixo: 
TAXAS PARA GUIA CERTIFICAÇÃO GBC BRASIL CASA® 
 
Membros GBC Brasil 
Não-Membros GBC Brasil 
PDF (Versão online 
imprimível) 
R$200,00 
R$300,00 
Impresso e 
Encadernado 
R$380,00* 
R$500,00* 
 
* Os valores para o Guia impresso não incluem o frete de correio. Caso seja necessário o envio 
do mesmo, será cobrada separadamente a taxa de entrega. 
 
Entre em contato com nossa equipe para solicitá-lo através do e-mail: 
 
 
Guia Rápido 
O Guia Rápido da Certificação GBC Brasil Casa® é composto pelas principais informações 
contidas no Guia de Certificação, para guiar incialmente projetistas e proprietários à 
certificação. Ele está disponível para download gratuito pelo site do GBC Brasil, através do link: 
 
 
Projetos Registrados e Certificados 
Todos os projetos registrados e certificados pela ferramenta GBC Brasil Casa estão disponíveis 
no site do GBC Brasil e são atualizados mensalmente.",2045,1951
05_gbc_brasil_casa_guia.pdf,Guia Prático GBC Brasil Casa,GBC Brasil,certificacao,residencial_sustentavel,2019,vigente,guia técnico,boas práticas para residências sustentáveis,8," 
7 
 
No site também é possível encontrar informações sobre os projetos pilotos, que contribuíram 
para a criação dessa Certificação. Foram selecionados dentre mais de 30 projetos inscritos, por 
possuírem características diferentes entre si. Foram escolhidos projetos em distintas regiões 
brasileiras, com características climáticas, situações econômicas e sociais diferenciadas e 
tipologias construtivas das mais diversas, para que a comprovação da aplicabilidade pudesse 
ser mais abrangente.  
Requisitos Mínimos para a Certificação 
 
Os Requisitos Mínimos para a Certificação são as características ou condições mínimas que 
tornam o projeto elegível para se inscrever na certificação GBC Brasil Casa®. São eles:  
1. Ser uma Construção Permanente  
A Certificação GBC Brasil Casa® foi projetada para avaliar residências levando em consideração 
a relação das edificações com o seu entorno. Dessa forma, é fundamental que os projetos 
sejam estruturas permanentes. O projeto deve ser construído e operado como construção 
permanente, localizada em um terreno existente, e concebida para não se movimentar em 
qualquer ponto de sua vida útil.  
Estruturas móveis pré-fabricadas ou modulares, como containers, podem ser certificadas 
desde que sejam projetadas para serem fixas e permanentes.  
2. Definir limites razoáveis para o projeto  
A Certificação GBC Brasil Casa® foi projetada para avaliar todos os impactos ambientais 
associados à fase de projeto e obra de construções residenciais. Definir um limite de perímetro 
razoável para o projeto garante que o mesmo seja avaliado com precisão.  
O limite do projeto deve incluir todas as terras contíguas que estão associadas ao mesmo e 
suportam as atividades residenciais.  
Áreas de uso não residencial devem ser tratadas de forma completamente independente e 
devem ser excluídas do processo de Certificação. 
O limite do projeto não pode ser alterado ao logo do processo de Certificação para tirar 
vantagem do cumprimento de determinado pré-requisito ou crédito. O perímetro de atuação 
do projeto deve ser comunicado de forma clara e deve ser tratado com consistência ao longo 
do processo de Certificação.  
3. Cumprimento das leis ambientais  
O projeto que busca a Certificação GBC Brasil Casa® deve cumprir com todas as leis e 
regulamentos ambientais, federais, estaduais e locais vigentes para a construção da residência.  
Esta condição deve ser atendida a partir da data do registro do projeto e até a data em que a 
residência receber o certificado de conclusão do processo. A perda de licenças ou demais atos 
",2589,"No site também é possível encontrar informações sobre os projetos pilotos, que contribuíram 
para a criação dessa Certificação. Foram selecionados dentre mais de 30 projetos inscritos, por 
possuírem características diferentes entre si. Foram escolhidos projetos em distintas regiões 
brasileiras, com características climáticas, situações econômicas e sociais diferenciadas e 
tipologias construtivas das mais diversas, para que a comprovação da aplicabilidade pudesse 
ser mais abrangente. 
Requisitos Mínimos para a Certificação 
 
Os Requisitos Mínimos para a Certificação são as características ou condições mínimas que 
tornam o projeto elegível para se inscrever na certificação GBC Brasil Casa®. São eles: 
1. Ser uma Construção Permanente 
A Certificação GBC Brasil Casa® foi projetada para avaliar residências levando em consideração 
a relação das edificações com o seu entorno. Dessa forma, é fundamental que os projetos 
sejam estruturas permanentes. O projeto deve ser construído e operado como construção 
permanente, localizada em um terreno existente, e concebida para não se movimentar em 
qualquer ponto de sua vida útil. 
Estruturas móveis pré-fabricadas ou modulares, como containers, podem ser certificadas 
desde que sejam projetadas para serem fixas e permanentes. 
2. Definir limites razoáveis para o projeto 
A Certificação GBC Brasil Casa® foi projetada para avaliar todos os impactos ambientais 
associados à fase de projeto e obra de construções residenciais. Definir um limite de perímetro 
razoável para o projeto garante que o mesmo seja avaliado com precisão. 
O limite do projeto deve incluir todas as terras contíguas que estão associadas ao mesmo e 
suportam as atividades residenciais. 
Áreas de uso não residencial devem ser tratadas de forma completamente independente e 
devem ser excluídas do processo de Certificação. 
O limite do projeto não pode ser alterado ao logo do processo de Certificação para tirar 
vantagem do cumprimento de determinado pré-requisito ou crédito. O perímetro de atuação 
do projeto deve ser comunicado de forma clara e deve ser tratado com consistência ao longo 
do processo de Certificação. 
3. Cumprimento das leis ambientais 
O projeto que busca a Certificação GBC Brasil Casa® deve cumprir com todas as leis e 
regulamentos ambientais, federais, estaduais e locais vigentes para a construção da residência. 
Esta condição deve ser atendida a partir da data do registro do projeto e até a data em que a 
residência receber o certificado de conclusão do processo. A perda de licenças ou demais atos",2589,2569
05_gbc_brasil_casa_guia.pdf,Guia Prático GBC Brasil Casa,GBC Brasil,certificacao,residencial_sustentavel,2019,vigente,guia técnico,boas práticas para residências sustentáveis,9," 
8 
 
de competência do Poder Público pertinente as leis e regulamentos acima mencionados 
podem acarretar no cancelamento da certificação conquistada. 
 
Como Certificar seu Projeto 
 
Parabéns pela decisão de Certificar sua Residência!  
Você esta no caminho certo para o aumento do valor e integridade ambiental de seu projeto! 
Este Guia te ajudará a entender o processo de Certificação em detalhes. 
A Certificação GBC Brasil Casa envolve 4 passos principais: 
1. Registro 
2. Verificação 
3. Revisão 
4. Certificação 
1. Registro 
Logo no início do desenvolvimento do projeto, junte sua equipe de projeto e obra (incluindo 
proprietário, incorporador e outros) e faça uma análise prévia de todos os pré-requisitos e 
créditos da Certificação GBC Brasil Casa®. Sua equipe de trabalho ajudará a identificar os 
créditos que serão buscados na certificação, levantarão as dificuldades e soluções e 
entenderão os principais passos necessários para que o trabalho seja um sucesso.  
É fundamental que você verifique se o projeto atende todos os requisitos mínimos da 
certificação descritos nesse guia, sendo elegível para o processo de Certificação.  
Prazo para Registro: Ideal que seja logo no início do desenvolvimento do projeto, antes da 
conclusão dos projetos arquitetônicos e antes ainda do início da obra. Devido à existência de 
pré-requisitos obrigatórios relacionados a etapa de projeto e obra, um projeto pode ter o 
processo inviabilizado em função do não atendimento de algum pré-requisito por conta do 
início e evolução avançada da obra 
No site do GBC Brasil, você deve preencher o formulário de registro. Para registrar seu projeto 
acesse: www.gbcbrasil.org.br  
Após preenchimento das informações do formulário de registro, você receberá um e-mail de 
contato da nossa equipe, que enviará uma cópia do contrato de Certificação.  
A qualquer momento contate nossa equipe: referencialcasa@gbcbrasil.com.br  
",1930,"de competência do Poder Público pertinente as leis e regulamentos acima mencionados 
podem acarretar no cancelamento da certificação conquistada. 
 
Como Certificar seu Projeto 
 
Parabéns pela decisão de Certificar sua Residência! 
Você esta no caminho certo para o aumento do valor e integridade ambiental de seu projeto! 
Este Guia te ajudará a entender o processo de Certificação em detalhes. 
A Certificação GBC Brasil Casa envolve 4 passos principais: 
1. Registro 
2. Verificação 
3. Revisão 
4. Certificação 
1. Registro 
Logo no início do desenvolvimento do projeto, junte sua equipe de projeto e obra (incluindo 
proprietário, incorporador e outros) e faça uma análise prévia de todos os pré-requisitos e 
créditos da Certificação GBC Brasil Casa®. Sua equipe de trabalho ajudará a identificar os 
créditos que serão buscados na certificação, levantarão as dificuldades e soluções e 
entenderão os principais passos necessários para que o trabalho seja um sucesso. 
É fundamental que você verifique se o projeto atende todos os requisitos mínimos da 
certificação descritos nesse guia, sendo elegível para o processo de Certificação. 
Prazo para Registro: Ideal que seja logo no início do desenvolvimento do projeto, antes da 
conclusão dos projetos arquitetônicos e antes ainda do início da obra. Devido à existência de 
pré-requisitos obrigatórios relacionados a etapa de projeto e obra, um projeto pode ter o 
processo inviabilizado em função do não atendimento de algum pré-requisito por conta do 
início e evolução avançada da obra 
No site do GBC Brasil, você deve preencher o formulário de registro. Para registrar seu projeto 
acesse: 
Após preenchimento das informações do formulário de registro, você receberá um e-mail de 
contato da nossa equipe, que enviará uma cópia do contrato de Certificação. 
A qualquer momento contate nossa equipe:",1930,1861
05_gbc_brasil_casa_guia.pdf,Guia Prático GBC Brasil Casa,GBC Brasil,certificacao,residencial_sustentavel,2019,vigente,guia técnico,boas práticas para residências sustentáveis,10," 
9 
 
2. Verificação 
A fim de verificar se o projeto está caminhando corretamente e atendendo adequadamente 
determinadas diretrizes para o processo de certificação, você necessitará realizar visitas no 
local, visualizando o processo de projeto e obra. A verificação no canteiro envolve o trabalho 
com sua equipe de projeto e obra para promover visitas e traçar diretrizes ou sanar dúvidas 
quando necessário.  
Além das verificações in loco, a obra deve ser acompanhada e fotografada em todas as etapas. 
O consultor, arquiteto ou proprietário deve fazer este acompanhamento para a comprovação 
dos créditos e pré-requisitos posteriormente. Toda a documentação de suporte para 
comprovação de cada crédito e pré-requisito também deve ser separada conforme o 
andamento de cada item.  
A equipe de auditoria poderá realizar uma visita in loco na obra. Todos os custos referentes à 
eventual visita técnica estão incluídos nos valores indicados na tabela de custos da Certificação 
GBC Brasil Casa®. 
3. Revisão 
Após juntar toda a documentação de suporte e ter preenchido todos os formulários de 
atendimento de cada pré-requisito e crédito, você deve submeter todo o conjunto para 
revisão. A submissão desta documentação a princípio, será feita de forma eletrônica (via 
qualquer 
forma 
de 
compartilhamento 
online), 
pelo 
seguinte 
e-mail: 
referencialcasa@gbcbrasil.org.br  
É necessário entrar em contato com a equipe do GBC Brasil e informar sobre a data de envio 
da documentação para a auditoria com pelo menos 2 meses de antecedência.  
O prazo máximo para o envio da documentação para a auditoria é até 1 ano após a construção 
final.  
Sugerimos a organização de cada crédito a ser submetido, em pastas separadas, com todos os 
documentos de cada item copiados em cada pasta. Toda a documentação recebida será 
revisada por uma empresa de terceira parte, contratada e terceirizada pelo GBC Brasil. A 
organização só fará a ponte de recebimento da documentação por parte do administrador do 
projeto, e posterior envio para análise.  
Revisão de Projeto e Revisão de Obra:  
É possível enviar a documentação para a auditoria uma única vez para a revisão final de obra, 
ou em duas etapas: etapa de obra e etapa de projeto.  
O GBC Brasil responderá dentro de 25-30 dias úteis sobre o atendimento de cada item. Caso o 
projeto atenda a todos os pré-requisitos da etapa de projeto, será emitida uma certificação de 
Projeto, valorizando essa etapa conforme os critérios de sustentabilidade da Certificação.  
",2524,"2. Verificação 
A fim de verificar se o projeto está caminhando corretamente e atendendo adequadamente 
determinadas diretrizes para o processo de certificação, você necessitará realizar visitas no 
local, visualizando o processo de projeto e obra. A verificação no canteiro envolve o trabalho 
com sua equipe de projeto e obra para promover visitas e traçar diretrizes ou sanar dúvidas 
quando necessário. 
Além das verificações in loco, a obra deve ser acompanhada e fotografada em todas as etapas. 
O consultor, arquiteto ou proprietário deve fazer este acompanhamento para a comprovação 
dos créditos e pré-requisitos posteriormente. Toda a documentação de suporte para 
comprovação de cada crédito e pré-requisito também deve ser separada conforme o 
andamento de cada item. 
A equipe de auditoria poderá realizar uma visita in loco na obra. Todos os custos referentes à 
eventual visita técnica estão incluídos nos valores indicados na tabela de custos da Certificação 
GBC Brasil Casa®. 
3. Revisão 
Após juntar toda a documentação de suporte e ter preenchido todos os formulários de 
atendimento de cada pré-requisito e crédito, você deve submeter todo o conjunto para 
revisão. A submissão desta documentação a princípio, será feita de forma eletrônica (via 
qualquer 
forma 
de 
compartilhamento 
online), 
pelo 
seguinte 
e-mail: 
 
É necessário entrar em contato com a equipe do GBC Brasil e informar sobre a data de envio 
da documentação para a auditoria com pelo menos 2 meses de antecedência. 
O prazo máximo para o envio da documentação para a auditoria é até 1 ano após a construção 
final. 
Sugerimos a organização de cada crédito a ser submetido, em pastas separadas, com todos os 
documentos de cada item copiados em cada pasta. Toda a documentação recebida será 
revisada por uma empresa de terceira parte, contratada e terceirizada pelo GBC Brasil. A 
organização só fará a ponte de recebimento da documentação por parte do administrador do 
projeto, e posterior envio para análise. 
Revisão de Projeto e Revisão de Obra: 
É possível enviar a documentação para a auditoria uma única vez para a revisão final de obra, 
ou em duas etapas: etapa de obra e etapa de projeto. 
O GBC Brasil responderá dentro de 25-30 dias úteis sobre o atendimento de cada item. Caso o 
projeto atenda a todos os pré-requisitos da etapa de projeto, será emitida uma certificação de 
Projeto, valorizando essa etapa conforme os critérios de sustentabilidade da Certificação.",2524,2474
05_gbc_brasil_casa_guia.pdf,Guia Prático GBC Brasil Casa,GBC Brasil,certificacao,residencial_sustentavel,2019,vigente,guia técnico,boas práticas para residências sustentáveis,11," 
10 
 
Os créditos que não forem aprovados ou não forem enviados para esta primeira revisão ainda 
poderão buscar estes pontos na revisão de obra (final). 
Para iniciar o processo de revisão e auditoria final, a equipe deve enviar, após o término da 
obra, todos os formulários e documentos finais pelo e-mail: referencialcasa@gbcbrasil.org.br. 
O GBC Brasil responderá dentro de 25 a30 dias úteis, enviando um relatório com a indicação 
dos créditos e pré-requisitos que foram aprovados e os que foram recusados.  
Sua equipe pode aceitar o resultado final como definitivo ou submeter uma nova ou revisada 
documentação, para reavaliação, por meio de um Recurso. Caso deseje entregar a 
documentação em uma única etapa, a mesma deve ser entregue após o término da obra, 
conforme indicado acima, desconsiderando a etapa de projeto.  
A Certificação da etapa de projeto indicará apenas o ano do seu recebimento e não possuirá 
nenhuma indicação de nível. O nível será resultado da conclusão do processo de certificação, e 
verificação de todos os pré-requisitos e créditos de projeto e obra. 
Reavaliação ou Recurso:  
A fase de revisão final (obra) fornece uma rodada adicional de revisão (reavaliação via recurso) 
e permite que você e sua equipe submetam informação complementar e aperfeiçoada ou 
adicione novos créditos que não estavam previstos inicialmente no projeto.  
Para solicitar uma reavaliação ou recurso você possuirá o prazo de 15 dias úteis para enviar o 
formulário de recurso preenchido, bem como todas as informações e documentos extras por 
crédito para reavaliação. Esta reavaliação possui um limite de 1 (uma) revisão por crédito, 
conforme indicação de negação definitiva por parte do auditor.  
A nossa equipe retornará em até 15 dias úteis com a resposta e resultado do seu recurso.  
Cada reavaliação ou recurso custará o valor de R$ 540,00 por crédito ou pré-requisito, a serem 
pagos dentro de 7 dias corridos, após recebimento do boleto. 
Revisão Acelerada: 
Caso você possua um cronograma apertado para o recebimento da Certificação GBC Brasil 
Casa®, contate o GBC Brasil antes do envio dos documentos para revisão ter o prazo reduzido 
para 15 a 20 dias úteis.  
Seu pedido será avaliado pela nossa equipe e aprovado conforme disponibilidade. O custo 
para a revisão acelerada de todo o projeto é de R$3.000,00.  
Formulários da Certificação:  
Tabelas em Excel que ajudam no desenvolvimento de cada crédito e pré-requisito, indicando 
os documentos de suporte necessários para a comprovação dos mesmos. Estes formulários 
são disponibilizados pelo GBC Brasil, para todos os projetos inscritos na Certificação GBC Brasil 
Casa®. 
Documentação de Suporte:  
",2692,"Os créditos que não forem aprovados ou não forem enviados para esta primeira revisão ainda 
poderão buscar estes pontos na revisão de obra (final). 
Para iniciar o processo de revisão e auditoria final, a equipe deve enviar, após o término da 
obra, todos os formulários e documentos finais pelo e-mail: 
O GBC Brasil responderá dentro de 25 a30 dias úteis, enviando um relatório com a indicação 
dos créditos e pré-requisitos que foram aprovados e os que foram recusados. 
Sua equipe pode aceitar o resultado final como definitivo ou submeter uma nova ou revisada 
documentação, para reavaliação, por meio de um Recurso. Caso deseje entregar a 
documentação em uma única etapa, a mesma deve ser entregue após o término da obra, 
conforme indicado acima, desconsiderando a etapa de projeto. 
A Certificação da etapa de projeto indicará apenas o ano do seu recebimento e não possuirá 
nenhuma indicação de nível. O nível será resultado da conclusão do processo de certificação, e 
verificação de todos os pré-requisitos e créditos de projeto e obra. 
Reavaliação ou Recurso: 
A fase de revisão final (obra) fornece uma rodada adicional de revisão (reavaliação via recurso) 
e permite que você e sua equipe submetam informação complementar e aperfeiçoada ou 
adicione novos créditos que não estavam previstos inicialmente no projeto. 
Para solicitar uma reavaliação ou recurso você possuirá o prazo de 15 dias úteis para enviar o 
formulário de recurso preenchido, bem como todas as informações e documentos extras por 
crédito para reavaliação. Esta reavaliação possui um limite de 1 (uma) revisão por crédito, 
conforme indicação de negação definitiva por parte do auditor. 
A nossa equipe retornará em até 15 dias úteis com a resposta e resultado do seu recurso. 
Cada reavaliação ou recurso custará o valor de R$ 540,00 por crédito ou pré-requisito, a serem 
pagos dentro de 7 dias corridos, após recebimento do boleto. 
Revisão Acelerada: 
Caso você possua um cronograma apertado para o recebimento da Certificação GBC Brasil 
Casa®, contate o GBC Brasil antes do envio dos documentos para revisão ter o prazo reduzido 
para 15 a 20 dias úteis. 
Seu pedido será avaliado pela nossa equipe e aprovado conforme disponibilidade. O custo 
para a revisão acelerada de todo o projeto é de R$3.000,00. 
Formulários da Certificação: 
Tabelas em Excel que ajudam no desenvolvimento de cada crédito e pré-requisito, indicando 
os documentos de suporte necessários para a comprovação dos mesmos. Estes formulários 
são disponibilizados pelo GBC Brasil, para todos os projetos inscritos na Certificação GBC Brasil 
Casa®. 
Documentação de Suporte:",2692,2638
05_gbc_brasil_casa_guia.pdf,Guia Prático GBC Brasil Casa,GBC Brasil,certificacao,residencial_sustentavel,2019,vigente,guia técnico,boas práticas para residências sustentáveis,12," 
11 
 
É necessário enviar uma documentação de suporte que complemente a narrativa obrigatória 
dos Formulários da Certificação. Tudo o que for descrito no crédito (item 4 de cada pré-
requisito e crédito), deve ser comprovado por meio do envio destes documentos, sejam eles 
relatórios, imagens, textos, notas fiscais, fotos, ou qualquer outro tipo de comprovação.  
Todos os documentos de suporte e os formulários de cada crédito e pré-requisitos devem ser 
enviados de forma eletrônica (nunca impressa) e todos juntos com cada crédito referente. 
4. Certificação 
Este é o ultimo passo para no processo de revisão. 
Após a conclusão da revisão, a somatória de pontos que o projeto atingiu indicará um nível de 
Certificação final. Existem 4 níveis de Certificação: 
 
 
 
 
O Responsável pelo projeto receberá o anúncio da conclusão da Certificação com a pontuação 
obtida, juntamente com um certificado em PDF da certificação recebida. 
Após a conclusão, a residência pode publicar as informações referentes ao projeto e ao 
Certificado, incentivando assim outras residências a buscarem a mesma eficiência. 
Profissional Acreditado GBC Brasil Casa e Condomínio 
 
É o profissional que demonstrou possuir conhecimento específico na área de construção de 
residências e condomínios sustentáveis e seus impactos ambientais relacionados, bem como 
consultoria estratégica e gestão. Esta credencial é obtida por meio da realização de um curso 
especifico e aprovação em um teste de habilidades, realizado pelo GBC Brasil e demonstra 
uma diferenciação dentro de um mercado cada vez mais crescente e competitivo.  
Além disso, um projeto em busca da Certificação que conte com a participação de um 
profissional Acreditado Casa e Condomínio poderá ganhar um (1) ponto automaticamente no 
crédito de Inovação e Projeto. 
VERDE 
PRATA 
OURO 
PLATINA 
40-49 Pontos 
50-59 Pontos 
60-79 Pontos 
80+ Pontos 
",1902,"É necessário enviar uma documentação de suporte que complemente a narrativa obrigatória 
dos Formulários da Certificação. Tudo o que for descrito no crédito (item 4 de cada pré-
requisito e crédito), deve ser comprovado por meio do envio destes documentos, sejam eles 
relatórios, imagens, textos, notas fiscais, fotos, ou qualquer outro tipo de comprovação. 
Todos os documentos de suporte e os formulários de cada crédito e pré-requisitos devem ser 
enviados de forma eletrônica (nunca impressa) e todos juntos com cada crédito referente. 
4. Certificação 
Este é o ultimo passo para no processo de revisão. 
Após a conclusão da revisão, a somatória de pontos que o projeto atingiu indicará um nível de 
Certificação final. Existem 4 níveis de Certificação: 
 
 
 
 
O Responsável pelo projeto receberá o anúncio da conclusão da Certificação com a pontuação 
obtida, juntamente com um certificado em PDF da certificação recebida. 
Após a conclusão, a residência pode publicar as informações referentes ao projeto e ao 
Certificado, incentivando assim outras residências a buscarem a mesma eficiência. 
Profissional Acreditado GBC Brasil Casa e Condomínio 
 
É o profissional que demonstrou possuir conhecimento específico na área de construção de 
residências e condomínios sustentáveis e seus impactos ambientais relacionados, bem como 
consultoria estratégica e gestão. Esta credencial é obtida por meio da realização de um curso 
especifico e aprovação em um teste de habilidades, realizado pelo GBC Brasil e demonstra 
uma diferenciação dentro de um mercado cada vez mais crescente e competitivo. 
Além disso, um projeto em busca da Certificação que conte com a participação de um 
profissional Acreditado Casa e Condomínio poderá ganhar um (1) ponto automaticamente no 
crédito de Inovação e Projeto. 
VERDE 
PRATA 
OURO 
PLATINA 
40-49 Pontos 
50-59 Pontos 
60-79 Pontos 
80+ Pontos",1902,1890
05_gbc_brasil_casa_guia.pdf,Guia Prático GBC Brasil Casa,GBC Brasil,certificacao,residencial_sustentavel,2019,vigente,guia técnico,boas práticas para residências sustentáveis,13," 
12 
 
 
Este profissional pode ser arquiteto, engenheiro, administrador, construtor, entre outros, sem 
nenhuma restrição de qualificação profissional. Os cursos necessários para a realização da 
prova de Acreditação GBC Brasil Casa e Condomínios são: 
Sinergias entre os créditos 
 
Todos os créditos possuem sinergias entre si, ou seja, todos eles estão interligados com maior 
ou menor intensidade entre si. Estas sinergias podem ser positivas ou negativas, dependendo 
das ações que sua equipe escolher priorizar.  
Por exemplo, as escolha de implantar um telhado verde na cobertura de sua residência, pode 
influenciar o conforto térmico interno, a captação de água pluvial, o consumo energético, a 
biodiversidade local, entre outros itens. A escolha de determinado ar condicionado pode 
influenciar no consumo energético e na qualidade do ar interno da residência, entre outros 
diversos exemplos. 
É fundamental que todos os agentes envolvidos na construção de uma casa analisem as metas 
do projeto e simulem situações diversas para verificar qual a melhor situação sinérgica entre 
as estratégias escolhidas e o melhor custo-benefício das tecnologias a serem aplicadas no 
projeto. Não recomendamos as soluções “fast-project” (alusão ao termo fast-food), onde 
fornecedores realizam os projetos de viabilidade técnica de um determinado produto ou 
serviço, sem muitas vezes, analisar o projeto como um todo e todas as interferências positivas 
e negativas que este serviço pode resultar, dentro de todos os âmbitos da construção 
sustentável e das especificidades de cada projeto. 
Não recomendamos também o atendimento de todos os créditos da Certificação GBC Brasil 
Casa somente porque se deseja buscar um nível Platina, mas sim, no desenvolvimento de 
estudos de viabilidade técnica de cada crédito, sua facilidade de aplicação dentro da 
construção, bem como seu retorno financeiro e viabilidade econômica. 
Neste sentido, a consultoria estratégica ou o líder de projeto deve possuir especial atenção e 
controle dos itens da certificação, para que se desenvolva o projeto com maior desempenho 
técnico-ambiental. 
",2132,"Este profissional pode ser arquiteto, engenheiro, administrador, construtor, entre outros, sem 
nenhuma restrição de qualificação profissional. Os cursos necessários para a realização da 
prova de Acreditação GBC Brasil Casa e Condomínios são: 
Sinergias entre os créditos 
 
Todos os créditos possuem sinergias entre si, ou seja, todos eles estão interligados com maior 
ou menor intensidade entre si. Estas sinergias podem ser positivas ou negativas, dependendo 
das ações que sua equipe escolher priorizar. 
Por exemplo, as escolha de implantar um telhado verde na cobertura de sua residência, pode 
influenciar o conforto térmico interno, a captação de água pluvial, o consumo energético, a 
biodiversidade local, entre outros itens. A escolha de determinado ar condicionado pode 
influenciar no consumo energético e na qualidade do ar interno da residência, entre outros 
diversos exemplos. 
É fundamental que todos os agentes envolvidos na construção de uma casa analisem as metas 
do projeto e simulem situações diversas para verificar qual a melhor situação sinérgica entre 
as estratégias escolhidas e o melhor custo-benefício das tecnologias a serem aplicadas no 
projeto. Não recomendamos as soluções “fast-project” (alusão ao termo fast-food), onde 
fornecedores realizam os projetos de viabilidade técnica de um determinado produto ou 
serviço, sem muitas vezes, analisar o projeto como um todo e todas as interferências positivas 
e negativas que este serviço pode resultar, dentro de todos os âmbitos da construção 
sustentável e das especificidades de cada projeto. 
Não recomendamos também o atendimento de todos os créditos da Certificação GBC Brasil 
Casa somente porque se deseja buscar um nível Platina, mas sim, no desenvolvimento de 
estudos de viabilidade técnica de cada crédito, sua facilidade de aplicação dentro da 
construção, bem como seu retorno financeiro e viabilidade econômica. 
Neste sentido, a consultoria estratégica ou o líder de projeto deve possuir especial atenção e 
controle dos itens da certificação, para que se desenvolva o projeto com maior desempenho 
técnico-ambiental.",2132,2119
05_gbc_brasil_casa_guia.pdf,Guia Prático GBC Brasil Casa,GBC Brasil,certificacao,residencial_sustentavel,2019,vigente,guia técnico,boas práticas para residências sustentáveis,14," 
13 
 
Custos da Certificação 
 
A Certificação GBC Brasil Casa é um excepcional valor para seu investimento. 
Existe um valor de inscrição do projeto, que é pago logo após o registro, além de uma taxa de 
avaliação de projeto e outra taxa de auditoria de obra, com pagamento previsto para 30 e 60 
dias após o registro. 
O custo da Certificação é baseado na área construída do projeto, conforme tabela abaixo: 
 
Promova seu projeto 
 
Seu trabalho com a certificação é algo a ser celebrado e comunicado a todos. Alcançar a 
certificação lhe dá a oportunidade de compartilhar sua expertise, divulgar seu projeto, fotos, 
visão, e desempenham um papel fundamental na educação de outras equipes de projeto.  
O GBC Brasil incentiva que você divulgue e promova o seu projeto.  
Para isso, fornecemos um Guia de Relações Públicas para projetos com Certificação GBC 
Brasil® disponível para download em nosso website.  
Caso tenha interesse é possível encomendar placas e certificados extras. Veja mais detalhes 
sobre a pós-certificação no Guia.  
Para fazer o download do Guia, acesse o site do GBC Brasil.  
O GBC Brasil divulga os projetos registrados e certificados através de uma planilha disponível 
para download no website, onde dados do projeto são disponibilizados no intuito de educar, 
destacar as lideranças, compartilhar as melhores estratégias utilizadas, e fomentar o 
movimento das construções sustentáveis no Brasil.  
No momento da inscrição ou a qualquer momento, você pode optar pela confidencialidade do 
seu projeto. Todos os projetos confidenciais que receberem a certificação serão solicitados a 
fazer a transição para o status público. Nós respeitamos a sua privacidade, e se você optar por 
manter seu status do projeto “privado”, as informações de seu projeto não serão 
compartilhadas. 
área ≤ 300m²
área > 601m² área ≤ 300m²
área > 601m²
R$ 650,00
R$ 2.600,00
R$ 780,00
R$ 3.120,00
R$ 2.600,00
R$ 5.200,00
R$ 3.120,00
R$ 6.240,00
R$ 1.950,00
R$ 3.904,00
R$ 2.340,00
R$ 4.680,00
R$ 3.120,00
301m² ≤ área ≤ 600m²
Membros GBC Brasil
Não-Membros GBC Brasil
TAXAS GBC BRASIL CASA - UNIFAMILIAR
R$ 1.560,00
R$ 4.680,00
301m² ≤ área ≤ 600m²
R$ 1.300,00
R$ 3.900,00
R$ 2.600,00
Avaliação de Projeto
Área Total Construida
Taxa de Inscrição
Auditoria de Obra
",2278,"Custos da Certificação 
 
A Certificação GBC Brasil Casa é um excepcional valor para seu investimento. 
Existe um valor de inscrição do projeto, que é pago logo após o registro, além de uma taxa de 
avaliação de projeto e outra taxa de auditoria de obra, com pagamento previsto para 30 e 60 
dias após o registro. 
O custo da Certificação é baseado na área construída do projeto, conforme tabela abaixo: 
 
Promova seu projeto 
 
Seu trabalho com a certificação é algo a ser celebrado e comunicado a todos. Alcançar a 
certificação lhe dá a oportunidade de compartilhar sua expertise, divulgar seu projeto, fotos, 
visão, e desempenham um papel fundamental na educação de outras equipes de projeto. 
O GBC Brasil incentiva que você divulgue e promova o seu projeto. 
Para isso, fornecemos um Guia de Relações Públicas para projetos com Certificação GBC 
Brasil® disponível para download em nosso website. 
Caso tenha interesse é possível encomendar placas e certificados extras. Veja mais detalhes 
sobre a pós-certificação no Guia. 
Para fazer o download do Guia, acesse o site do GBC Brasil. 
O GBC Brasil divulga os projetos registrados e certificados através de uma planilha disponível 
para download no website, onde dados do projeto são disponibilizados no intuito de educar, 
destacar as lideranças, compartilhar as melhores estratégias utilizadas, e fomentar o 
movimento das construções sustentáveis no Brasil. 
No momento da inscrição ou a qualquer momento, você pode optar pela confidencialidade do 
seu projeto. Todos os projetos confidenciais que receberem a certificação serão solicitados a 
fazer a transição para o status público. Nós respeitamos a sua privacidade, e se você optar por 
manter seu status do projeto “privado”, as informações de seu projeto não serão 
compartilhadas. 
área ≤ 300m²
área > 601m² área ≤ 300m²
área > 601m²
R$ 650,00
R$ 2.600,00
R$ 780,00
R$ 3.120,00
R$ 2.600,00
R$ 5.200,00
R$ 3.120,00
R$ 6.240,00
R$ 1.950,00
R$ 3.904,00
R$ 2.340,00
R$ 4.680,00
R$ 3.120,00
301m² ≤ área ≤ 600m²
Membros GBC Brasil
Não-Membros GBC Brasil
TAXAS GBC BRASIL CASA - UNIFAMILIAR
R$ 1.560,00
R$ 4.680,00
301m² ≤ área ≤ 600m²
R$ 1.300,00
R$ 3.900,00
R$ 2.600,00
Avaliação de Projeto
Área Total Construida
Taxa de Inscrição
Auditoria de Obra",2278,2263
05_gbc_brasil_casa_guia.pdf,Guia Prático GBC Brasil Casa,GBC Brasil,certificacao,residencial_sustentavel,2019,vigente,guia técnico,boas práticas para residências sustentáveis,15," 
14 
 
Dúvidas sobre o processo de Certificação 
 
Para sanar qualquer dúvida referente ao processo de Certificação, entre em contato com 
nossa equipe: 
Dúvida gerais: referencialcasa@gbcbrasil.com.br 
Logo/marca: marketing@gbcbrasil.org.br  
Telefones: +55 (11) 4191-7805 / 4195-6267 / 2176-3399 
 
 
 
 
 
 
 
 
 
 
",320,"Dúvidas sobre o processo de Certificação 
 
Para sanar qualquer dúvida referente ao processo de Certificação, entre em contato com 
nossa equipe: 
Dúvida gerais: 
Logo/marca: 
Telefones: +55 (11) 4191-7805 / 4195-6267 / 2176-3399",320,229
06_procel_eficiencia_edificios_publicos.pdf,Guia de Eficiência Energética em Edifícios Públicos,PROCEL / Ministério de Minas e Energia,relatorio_tecnico,eficiencia_energetica,2025,vigente,guia técnico,eficiência energética em edificações públicas,4,"I 
 
 
 
 
Centro de Pesquisas de Energia Elétrica – CEPEL 
 
 
GUIA PARA 
EFICIÊNCIA ENERGÉTICA 
NAS EDIFICAÇÕES PÚBLICAS 
 
 
 
 
 
 
Rio de Janeiro 
2015 
 
",160,"I 
 
 
 
 
Centro de Pesquisas de Energia Elétrica – CEPEL 
 
 
GUIA PARA 
EFICIÊNCIA ENERGÉTICA 
NAS EDIFICAÇÕES PÚBLICAS 
 
 
 
 
 
 
Rio de Janeiro",160,150
06_procel_eficiencia_edificios_publicos.pdf,Guia de Eficiência Energética em Edifícios Públicos,PROCEL / Ministério de Minas e Energia,relatorio_tecnico,eficiencia_energetica,2025,vigente,guia técnico,eficiência energética em edificações públicas,5,"II 
 
Ministério de Minas e Energia – MME 
Eduardo Braga 
Ministro de Estado de Minas e Energia 
Edison Lobão 
Ministro de Estado de Minas e Energia (2008 – 2014) 
Márcio Pereira Zimmermann 
Secretário-Executivo 
Altino Ventura Filho 
Secretário de Planejamento e Desenvolvimento Energético – SPE 
 
Centro de Pesquisas de Energia Elétrica – CEPEL 
Albert Cordeiro Geber de Melo 
Diretor-Geral 
Roberto Pereira Caldas 
Diretor de Pesquisa, Desenvolvimento e Inovação 
 
Pontifícia Universidade Católica do Rio de Janeiro – PUC/RJ 
Pe. Josafá Carlos de Siqueira 
Reitor 
 
Universidade Federal de Santa Catarina – UFSC  
Profa. Roselane Neckel 
Reitora 
 
 
 
 
 
 
 
C397 
 
Centro de Pesquisas de Energia Elétrica - CEPEL 
Guia para eficientização energética nas edificações públicas Versão 1.0 
outubro 2014 / Centro de Pesquisas de Energia Elétrica – CEPEL; 
coordenador Ministério de Minas e Energia - MME ― Rio de Janeiro: CEPEL, 
2014. 
229 p.; il. 
 
 
ISBN 978-85-99714-09-6 
 
 
1. Eficiência energética. 2. Prédios públicos. I. Centro de Pesquisas de 
Energia Elétrica – CEPEL II. Ministério de Minas e Energia – MME III. Título 
 
CDU 621.31 
 
 
 
 
",1162,"II 
 
Ministério de Minas e Energia – MME 
Eduardo Braga 
Ministro de Estado de Minas e Energia 
Edison Lobão 
Ministro de Estado de Minas e Energia (2008 – 2014) 
Márcio Pereira Zimmermann 
Secretário-Executivo 
Altino Ventura Filho 
Secretário de Planejamento e Desenvolvimento Energético – SPE 
 
Centro de Pesquisas de Energia Elétrica – CEPEL 
Albert Cordeiro Geber de Melo 
Diretor-Geral 
Roberto Pereira Caldas 
Diretor de Pesquisa, Desenvolvimento e Inovação 
 
Pontifícia Universidade Católica do Rio de Janeiro – PUC/RJ 
Pe. Josafá Carlos de Siqueira 
Reitor 
 
Universidade Federal de Santa Catarina – UFSC 
Profa. Roselane Neckel 
Reitora 
 
 
 
 
 
 
 
C397 
 
Centro de Pesquisas de Energia Elétrica - CEPEL 
Guia para eficientização energética nas edificações públicas Versão 1.0 
outubro 2014 / Centro de Pesquisas de Energia Elétrica – CEPEL; 
coordenador Ministério de Minas e Energia - MME ― Rio de Janeiro: CEPEL, 
2014. 
229 p.; il. 
 
 
ISBN 978-85-99714-09-6 
 
 
1. Eficiência energética. 2. Prédios públicos. I. Centro de Pesquisas de 
Energia Elétrica – CEPEL II. Ministério de Minas e Energia – MME III. Título 
 
CDU 621.31",1162,1151
06_procel_eficiencia_edificios_publicos.pdf,Guia de Eficiência Energética em Edifícios Públicos,PROCEL / Ministério de Minas e Energia,relatorio_tecnico,eficiencia_energetica,2025,vigente,guia técnico,eficiência energética em edificações públicas,6,"III 
 
Coordenação: 
Marcelo Cruz (MME) 
Ary Vaz Pinto Junior (CEPEL) 
 
 
Autores: 
CENTRO DE PESQUISAS DE ENERGIA ELÉTRICA – CEPEL  
Aroldo José Viana Borba 
Ary Vaz Pinto Junior 
Fernando Rodrigues da Silva Junior  
João Carlos Rodrigues Aguiar 
Paulo da Silva Capella 
 
PONTIFÍCIA UNIVERSIDADE CATÓLICA DO RIO DE JANEIRO – PUC/RJ  
José Carlos de Souza Guedes  
Sergio Meirelles Pena 
Tyrone Dias de Oliveira 
 
UNIVERSIDADE FEDERAL DE SANTA CATARINA – UFSC  
Ana Paula Melo, Dra. Eng. Civil 
Roberto Lamberts, Ph.D. 
 
 
Colaboradores: 
Alvanir da Silva Carvalho - MME 
Andrea Cristina Andrade Santos Carvalho - MME 
Jorge Paglioli Jobim - MME 
Marcelo Cruz - MME 
Paula Roberta Moraes Baratella - MME 
Terêncio T. Brandão Junior - MME
Carlos Alexandre Príncipe Pires - MME 
 
 
Contato:
 
 
e-mail: cate@cepel.br  
 
 
 
",828,"III 
 
Coordenação: 
Marcelo Cruz (MME) 
Ary Vaz Pinto Junior (CEPEL) 
 
 
Autores: 
CENTRO DE PESQUISAS DE ENERGIA ELÉTRICA – CEPEL 
Aroldo José Viana Borba 
Ary Vaz Pinto Junior 
Fernando Rodrigues da Silva Junior 
João Carlos Rodrigues Aguiar 
Paulo da Silva Capella 
 
PONTIFÍCIA UNIVERSIDADE CATÓLICA DO RIO DE JANEIRO – PUC/RJ 
José Carlos de Souza Guedes 
Sergio Meirelles Pena 
Tyrone Dias de Oliveira 
 
UNIVERSIDADE FEDERAL DE SANTA CATARINA – UFSC 
Ana Paula Melo, Dra. Eng. Civil 
Roberto Lamberts, Ph.D. 
 
 
Colaboradores: 
Alvanir da Silva Carvalho - MME 
Andrea Cristina Andrade Santos Carvalho - MME 
Jorge Paglioli Jobim - MME 
Marcelo Cruz - MME 
Paula Roberta Moraes Baratella - MME 
Terêncio T. Brandão Junior - MME
Carlos Alexandre Príncipe Pires - MME 
 
 
Contato:
 
 
e-mail:",828,800
06_procel_eficiencia_edificios_publicos.pdf,Guia de Eficiência Energética em Edifícios Públicos,PROCEL / Ministério de Minas e Energia,relatorio_tecnico,eficiencia_energetica,2025,vigente,guia técnico,eficiência energética em edificações públicas,7,"IV 
 
Prefácio 
O Brasil possui, há pelo menos três décadas, programas de Eficiência Energética 
reconhecidos internacionalmente: o Programa Nacional de Conservação de 
Energia Elétrica (Procel), o Programa Nacional de Racionalização do Uso dos 
Derivados do Petróleo e do Gás Natural (Conpet) e o Programa Brasileiro de 
Etiquetagem (PBE), entre outros, além de políticas e planos específicos. O projeto 
Esplanada Sustentável insere-se nesse contexto e estimula que órgãos e 
instituições públicas federais adotem um novo modelo de gestão organizacional e 
de processos estruturado na implantação de ações voltadas ao uso racional de 
recursos naturais, promovendo a sustentabilidade ambiental e socioeconômica na 
Administração Pública Federal. 
O Projeto Esplanada Sustentável destaca a relevância e reforça a contribuição dos 
programas e políticas de eficiência energética no Brasil. Ainda, o Plano Nacional 
de Energia – PNE 2030 e os Planos Decenais de Energia – PDE estabelecem metas 
de conservação de energia elétrica a serem alcançadas dentro de seus respectivos 
horizontes e respaldaram a elaboração de premissas e diretrizes básicas propostas 
no Plano Nacional de Eficiência Energética – PNEf. Cada um desses instrumentos, 
leis, programas e ações integram-se e complementam-se a fim de alavancar a 
Eficiência Energética no contexto da Sustentabilidade em Edificações. 
 
Programa Brasileiro de Etiquetagem – PBE 
Em 1984, o Inmetro iniciou, juntamente com o Ministério de Minas e Energia, uma 
discussão sobre a conservação de energia, com a finalidade de contribuir para a 
racionalização no seu uso no país, informando os consumidores sobre a eficiência 
energética de cada produto, estimulando-os a fazer uma compra mais consciente. 
Esse esforço deu início ao Programa Brasileiro de Etiquetagem (PBE). 
O PBE promove a eficiência energética por meio de etiquetas informativas a respeito 
do desempenho de máquinas e equipamentos energéticos, sendo de adesão 
compulsória para alguns equipamentos a partir da Lei 10.295, publicada em outubro 
de 2001 (conhecida por “Lei de Eficiência Energética”). Há dezenas de equipamentos 
etiquetados como, por exemplo, refrigeradores, congeladores verticais e horizontais, 
máquinas de lavar roupa, condicionadores de ar, motores elétricos trifásicos, 
lâmpadas fluorescentes compactas, aquecedores de água de passagem, fogões e 
fornos domésticos a gás, entre outros. De 2006 a 2013, a etiquetagem de lâmpadas 
foi responsável por uma economia de cerca de R$ 23 bilhões. No tocante a 
Refrigeradores e Condicionadores de Ar, estima-se uma economia de R$ 6 bilhões, 
desde 2000. 
 
 
 
 
",2648,"IV 
 
Prefácio 
O Brasil possui, há pelo menos três décadas, programas de Eficiência Energética 
reconhecidos internacionalmente: o Programa Nacional de Conservação de 
Energia Elétrica (Procel), o Programa Nacional de Racionalização do Uso dos 
Derivados do Petróleo e do Gás Natural (Conpet) e o Programa Brasileiro de 
Etiquetagem (PBE), entre outros, além de políticas e planos específicos. O projeto 
Esplanada Sustentável insere-se nesse contexto e estimula que órgãos e 
instituições públicas federais adotem um novo modelo de gestão organizacional e 
de processos estruturado na implantação de ações voltadas ao uso racional de 
recursos naturais, promovendo a sustentabilidade ambiental e socioeconômica na 
Administração Pública Federal. 
O Projeto Esplanada Sustentável destaca a relevância e reforça a contribuição dos 
programas e políticas de eficiência energética no Brasil. Ainda, o Plano Nacional 
de Energia – PNE 2030 e os Planos Decenais de Energia – PDE estabelecem metas 
de conservação de energia elétrica a serem alcançadas dentro de seus respectivos 
horizontes e respaldaram a elaboração de premissas e diretrizes básicas propostas 
no Plano Nacional de Eficiência Energética – PNEf. Cada um desses instrumentos, 
leis, programas e ações integram-se e complementam-se a fim de alavancar a 
Eficiência Energética no contexto da Sustentabilidade em Edificações. 
 
Programa Brasileiro de Etiquetagem – PBE 
Em 1984, o Inmetro iniciou, juntamente com o Ministério de Minas e Energia, uma 
discussão sobre a conservação de energia, com a finalidade de contribuir para a 
racionalização no seu uso no país, informando os consumidores sobre a eficiência 
energética de cada produto, estimulando-os a fazer uma compra mais consciente. 
Esse esforço deu início ao Programa Brasileiro de Etiquetagem (PBE). 
O PBE promove a eficiência energética por meio de etiquetas informativas a respeito 
do desempenho de máquinas e equipamentos energéticos, sendo de adesão 
compulsória para alguns equipamentos a partir da Lei 10.295, publicada em outubro 
de 2001 (conhecida por “Lei de Eficiência Energética”). Há dezenas de equipamentos 
etiquetados como, por exemplo, refrigeradores, congeladores verticais e horizontais, 
máquinas de lavar roupa, condicionadores de ar, motores elétricos trifásicos, 
lâmpadas fluorescentes compactas, aquecedores de água de passagem, fogões e 
fornos domésticos a gás, entre outros. De 2006 a 2013, a etiquetagem de lâmpadas 
foi responsável por uma economia de cerca de R$ 23 bilhões. No tocante a 
Refrigeradores e Condicionadores de Ar, estima-se uma economia de R$ 6 bilhões, 
desde 2000.",2648,2638
06_procel_eficiencia_edificios_publicos.pdf,Guia de Eficiência Energética em Edifícios Públicos,PROCEL / Ministério de Minas e Energia,relatorio_tecnico,eficiencia_energetica,2025,vigente,guia técnico,eficiência energética em edificações públicas,8,"V 
 
Programa Nacional de Conservação de Energia Elétrica - Procel 
Criado em 1985, coordenado pelo MME e operacionalizado pela Eletrobrás, o Procel 
é constituído por diversos subprogramas, dentre os quais se destacam ações nas áreas 
de iluminação pública, industrial, saneamento, educação, edificações, prédios 
públicos, gestão energética municipal, informações, desenvolvimento tecnológico e 
divulgação. 
As ações de marketing, notadamente a etiquetagem, o Selo e o Prêmio Procel, são 
responsáveis por cerca de 90% dos resultados do Programa. Desde sua criação já 
foram investidos mais de R$ 1,4 bilhão, sendo o Programa responsável pela 
economia estimada de cerca de 70 TW∙h, equivalente ao suprimento de 35 milhões 
de residências durante um ano. 
Ao longo dos últimos dez anos, os programas de eficiência energética no Brasil 
cresceram, em média, 15% ao ano. Em 2003, o Programa Nacional de Conservação 
de Energia Elétrica – Procel foi responsável por uma economia de energia de 
1,82 TW∙h, chegando a 6,16 TW∙h, no ano de 2010 e 9,74 TW∙h em 2013. De 2003 
até o presente, os refrigeradores domésticos passaram a consumir cerca de 15% 
menos energia, enquanto que o número de categorias agraciados com o Selo Procel 
cresceu. 
 
Programa Nacional da Racionalização do Uso dos Derivados do Petróleo e do 
Gás Natural – Conpet 
Criado em 1991, coordenado pelo MME e operacionalizado pela Petrobras, o Conpet 
é constituído por vários subprogramas, dentre os quais se destacam ações na área de 
transporte de carga, passageiros e combustíveis, educação, marketing e premiação. 
Um destes programas, o EconomizAR, atende a 22 estados da Federação e possui 
mais de 5.000 empresas participantes, tendo promovido a economia de mais de 
1 bilhão de litros de diesel e evitado a emissão de cerca de 2,7 milhões de toneladas 
de CO2 e de 60 mil toneladas de material particulado desde sua criação. 
De 2003 a 2013, o Selo Conpet para fogões a gás, fornos e aquecedores de água 
promoveu uma economia de cerca de 6 milhões de metros cúbicos no consumo de 
GLP, o que representa 10 milhões de toneladas de CO2 evitado. Em 2012, foram 
incorporados critérios de eficiência energética no novo regime automotivo, 
permitindo que, hoje, 70% dos automóveis vendidos no Brasil possuam etiqueta de 
eficiência energética. Em junho de 2014, eram mais de 550 modelos, em 36 marcas 
diferentes. Até 2017, 100% da produção nacional deverá estar etiquetada. 
O uso do Selo Conpet está associado aos modelos que utilizam a Etiqueta Nacional 
de Conservação de Energia, que compara os automóveis semelhantes em suas 
categorias desde “A”, para mais eficientes, até “E”, para menos eficientes, e informa 
o consumo de combustível do veículo. Recebem o Selo Conpet aqueles modelos 
eficientes em suas categorias e também eficientes na comparação com todos os 
demais modelos participantes do programa. 
 
 
",2895,"V 
 
Programa Nacional de Conservação de Energia Elétrica - Procel 
Criado em 1985, coordenado pelo MME e operacionalizado pela Eletrobrás, o Procel 
é constituído por diversos subprogramas, dentre os quais se destacam ações nas áreas 
de iluminação pública, industrial, saneamento, educação, edificações, prédios 
públicos, gestão energética municipal, informações, desenvolvimento tecnológico e 
divulgação. 
As ações de marketing, notadamente a etiquetagem, o Selo e o Prêmio Procel, são 
responsáveis por cerca de 90% dos resultados do Programa. Desde sua criação já 
foram investidos mais de R$ 1,4 bilhão, sendo o Programa responsável pela 
economia estimada de cerca de 70 TW∙h, equivalente ao suprimento de 35 milhões 
de residências durante um ano. 
Ao longo dos últimos dez anos, os programas de eficiência energética no Brasil 
cresceram, em média, 15% ao ano. Em 2003, o Programa Nacional de Conservação 
de Energia Elétrica – Procel foi responsável por uma economia de energia de 
1,82 TW∙h, chegando a 6,16 TW∙h, no ano de 2010 e 9,74 TW∙h em 2013. De 2003 
até o presente, os refrigeradores domésticos passaram a consumir cerca de 15% 
menos energia, enquanto que o número de categorias agraciados com o Selo Procel 
cresceu. 
 
Programa Nacional da Racionalização do Uso dos Derivados do Petróleo e do 
Gás Natural – Conpet 
Criado em 1991, coordenado pelo MME e operacionalizado pela Petrobras, o Conpet 
é constituído por vários subprogramas, dentre os quais se destacam ações na área de 
transporte de carga, passageiros e combustíveis, educação, marketing e premiação. 
Um destes programas, o EconomizAR, atende a 22 estados da Federação e possui 
mais de 5.000 empresas participantes, tendo promovido a economia de mais de 
1 bilhão de litros de diesel e evitado a emissão de cerca de 2,7 milhões de toneladas 
de CO2 e de 60 mil toneladas de material particulado desde sua criação. 
De 2003 a 2013, o Selo Conpet para fogões a gás, fornos e aquecedores de água 
promoveu uma economia de cerca de 6 milhões de metros cúbicos no consumo de 
GLP, o que representa 10 milhões de toneladas de CO2 evitado. Em 2012, foram 
incorporados critérios de eficiência energética no novo regime automotivo, 
permitindo que, hoje, 70% dos automóveis vendidos no Brasil possuam etiqueta de 
eficiência energética. Em junho de 2014, eram mais de 550 modelos, em 36 marcas 
diferentes. Até 2017, 100% da produção nacional deverá estar etiquetada. 
O uso do Selo Conpet está associado aos modelos que utilizam a Etiqueta Nacional 
de Conservação de Energia, que compara os automóveis semelhantes em suas 
categorias desde “A”, para mais eficientes, até “E”, para menos eficientes, e informa 
o consumo de combustível do veículo. Recebem o Selo Conpet aqueles modelos 
eficientes em suas categorias e também eficientes na comparação com todos os 
demais modelos participantes do programa.",2895,2889
06_procel_eficiencia_edificios_publicos.pdf,Guia de Eficiência Energética em Edifícios Públicos,PROCEL / Ministério de Minas e Energia,relatorio_tecnico,eficiencia_energetica,2025,vigente,guia técnico,eficiência energética em edificações públicas,9,"VI 
 
Os Programas de EE das Concessionárias 
No Brasil, a Agência Nacional de Energia Elétrica - Aneel estabelece obrigações e 
encargos das Concessionárias de Energia Elétrica perante o poder concedente. Uma 
dessas obrigações consiste em aplicar anualmente o montante de no mínimo 0,5 % de 
sua receita operacional líquida, em ações que tenham por objetivo o combate ao 
desperdício de energia elétrica. 
Desde sua criação, os programas de eficiência energética totalizaram investimentos 
superiores a R$ 5,7 bilhões. Em 2013 o Programa foi responsável por uma economia 
de aproximadamente 9,1 TW∙h e uma retirada de ponta de 2,8 GW. 
Nesse período, foram realizados 3.219 projetos de eficiência energética, sendo 
substituídos mais de 800 mil refrigeradores antigos e obsoletos por modelos novos e 
eficientes. 
 
A Lei de Eficiência Energética 
A Lei nº 10.295, de 17 de outubro de 2001, dispõe sobre a Política Nacional de 
Conservação e Uso Racional de Energia, estabelecendo “níveis máximos de consumo 
específico de energia, ou mínimos de eficiência energética, de máquinas e aparelhos 
fabricados ou comercializados no País”. É a chamada “Lei de Eficiência Energética”. 
Em 19 de dezembro de 2001, o Decreto nº 4.059 veio a regulamentar a Lei, 
instituindo o CGIEE - Comitê Gestor de Indicadores e Níveis de Eficiência 
Energética, encarregado de operacionalizar o estabelecido pela lei. Estudo realizado 
em 2012 aponta que os equipamentos regulamentados e em regulamentação serão 
capazes de reduzir o consumo de energia elétrica em 14 TW∙h/ano em 2030 e a 
demanda de ponta em 9 GW. 
Em junho de 2012, iniciou-se a gradativa retirada das lâmpadas incandescentes 
ineficientes do mercado, a começar pelas de potência maior que 100 Watts. Os 
benefícios energéticos desta medida, nos próximos vinte anos, representarão cerca de 
10 TW∙h/ano, equivalendo à expansão de 2.433 MW na oferta, proporcionando uma 
economia de aproximadamente R$ 6 bilhões em custos de geração, transmissão e 
distribuição. A implementação destas medidas são parte do esforço do governo 
federal no sentido de promover a eficiência energética no Brasil, alinhando-se com as 
premissas e diretrizes do Plano Nacional de Eficiência Energética (PNEf) 
 
CGIEE: Comitê Gestor de Indicadores e Níveis de Eficiência Energética 
Instituído por meio do Decreto Nº 4.059/2001, o CGIEE tem por objetivo 
implementar o disposto na Lei de Eficiência Energética. Suas principais atribuições 
são: regulamentar os níveis máximos de consumo de energia ou mínimos de 
eficiência energética de aparelhos consumidores de energia, estabelecer Programas 
de Metas com indicação da evolução dos níveis a serem alcançados por cada 
equipamento regulamentado e constituir Comitês Técnicos para analisar matérias 
específicas. 
O processo de definição dos parâmetros necessários para a regulamentação dos 
equipamentos se fundamenta em metodologias e regulamentos específicos, estudos 
",2949,"VI 
 
Os Programas de EE das Concessionárias 
No Brasil, a Agência Nacional de Energia Elétrica - Aneel estabelece obrigações e 
encargos das Concessionárias de Energia Elétrica perante o poder concedente. Uma 
dessas obrigações consiste em aplicar anualmente o montante de no mínimo 0,5 % de 
sua receita operacional líquida, em ações que tenham por objetivo o combate ao 
desperdício de energia elétrica. 
Desde sua criação, os programas de eficiência energética totalizaram investimentos 
superiores a R$ 5,7 bilhões. Em 2013 o Programa foi responsável por uma economia 
de aproximadamente 9,1 TW∙h e uma retirada de ponta de 2,8 GW. 
Nesse período, foram realizados 3.219 projetos de eficiência energética, sendo 
substituídos mais de 800 mil refrigeradores antigos e obsoletos por modelos novos e 
eficientes. 
 
A Lei de Eficiência Energética 
A Lei nº 10.295, de 17 de outubro de 2001, dispõe sobre a Política Nacional de 
Conservação e Uso Racional de Energia, estabelecendo “níveis máximos de consumo 
específico de energia, ou mínimos de eficiência energética, de máquinas e aparelhos 
fabricados ou comercializados no País”. É a chamada “Lei de Eficiência Energética”. 
Em 19 de dezembro de 2001, o Decreto nº 4.059 veio a regulamentar a Lei, 
instituindo o CGIEE - Comitê Gestor de Indicadores e Níveis de Eficiência 
Energética, encarregado de operacionalizar o estabelecido pela lei. Estudo realizado 
em 2012 aponta que os equipamentos regulamentados e em regulamentação serão 
capazes de reduzir o consumo de energia elétrica em 14 TW∙h/ano em 2030 e a 
demanda de ponta em 9 GW. 
Em junho de 2012, iniciou-se a gradativa retirada das lâmpadas incandescentes 
ineficientes do mercado, a começar pelas de potência maior que 100 Watts. Os 
benefícios energéticos desta medida, nos próximos vinte anos, representarão cerca de 
10 TW∙h/ano, equivalendo à expansão de 2.433 MW na oferta, proporcionando uma 
economia de aproximadamente R$ 6 bilhões em custos de geração, transmissão e 
distribuição. A implementação destas medidas são parte do esforço do governo 
federal no sentido de promover a eficiência energética no Brasil, alinhando-se com as 
premissas e diretrizes do Plano Nacional de Eficiência Energética (PNEf) 
 
CGIEE: Comitê Gestor de Indicadores e Níveis de Eficiência Energética 
Instituído por meio do Decreto Nº 4.059/2001, o CGIEE tem por objetivo 
implementar o disposto na Lei de Eficiência Energética. Suas principais atribuições 
são: regulamentar os níveis máximos de consumo de energia ou mínimos de 
eficiência energética de aparelhos consumidores de energia, estabelecer Programas 
de Metas com indicação da evolução dos níveis a serem alcançados por cada 
equipamento regulamentado e constituir Comitês Técnicos para analisar matérias 
específicas. 
O processo de definição dos parâmetros necessários para a regulamentação dos 
equipamentos se fundamenta em metodologias e regulamentos específicos, estudos",2949,2947
06_procel_eficiencia_edificios_publicos.pdf,Guia de Eficiência Energética em Edifícios Públicos,PROCEL / Ministério de Minas e Energia,relatorio_tecnico,eficiencia_energetica,2025,vigente,guia técnico,eficiência energética em edificações públicas,10,"VII 
 
de impacto e priorização, critérios de avaliação de conformidade, e conta com 
laboratórios credenciados para ensaios e testes. Tanto a Lei quanto o Decreto 
estabelecem a obrigatoriedade de realização de audiências públicas para aprovação 
das regulamentações específicas. 
O CGIEE é composto pelo Ministério de Minas e Energia - MME, que o preside, 
Ministério de Desenvolvimento, Indústria e Comércio – MDIC, Ministério de 
Ciência, Tecnologia e Inovação - MCTI, Agência Nacional de Energia Elétrica – 
Aneel, Agência Nacional de Petróleo – ANP, por um representante de universidade 
brasileira e um cidadão brasileiro, ambos especialistas em matéria de energia. 
 
O Plano Nacional de Eficiência Energética 
Para fazer frente ao desafio de economizar 10% de energia no horizonte de 2030, o 
Plano Nacional Eficiência Energética (PNEf) objetiva alinhar os instrumentos de 
ação governamental, orientar a captação dos recursos, promover o aperfeiçoamento 
do marco legal e regulatório afeto ao assunto, constituir um mercado sustentável de 
Eficiência Energética e mobilizar a Sociedade brasileira no combate ao desperdício 
de energia, preservando recursos naturais.  
O MME tem a responsabilidade de coordenar as atividades de implantação do Plano, 
acionando ou promovendo negociação com outros órgãos do Governo Federal, 
Congresso 
Nacional, 
Estados, 
Municípios, 
Associações, 
Confederações, 
Universidades e instituições representativas. 
 
Obs.: Todos os dados citados no box acima foram fornecidos pelo Departamento de 
Desenvolvimento 
Energético, 
pertencente 
a 
Secretaria 
de 
Planejamento 
e 
Desenvolvimento Energético do MME. 
 
 
 
",1661,"VII 
 
de impacto e priorização, critérios de avaliação de conformidade, e conta com 
laboratórios credenciados para ensaios e testes. Tanto a Lei quanto o Decreto 
estabelecem a obrigatoriedade de realização de audiências públicas para aprovação 
das regulamentações específicas. 
O CGIEE é composto pelo Ministério de Minas e Energia - MME, que o preside, 
Ministério de Desenvolvimento, Indústria e Comércio – MDIC, Ministério de 
Ciência, Tecnologia e Inovação - MCTI, Agência Nacional de Energia Elétrica – 
Aneel, Agência Nacional de Petróleo – ANP, por um representante de universidade 
brasileira e um cidadão brasileiro, ambos especialistas em matéria de energia. 
 
O Plano Nacional de Eficiência Energética 
Para fazer frente ao desafio de economizar 10% de energia no horizonte de 2030, o 
Plano Nacional Eficiência Energética (PNEf) objetiva alinhar os instrumentos de 
ação governamental, orientar a captação dos recursos, promover o aperfeiçoamento 
do marco legal e regulatório afeto ao assunto, constituir um mercado sustentável de 
Eficiência Energética e mobilizar a Sociedade brasileira no combate ao desperdício 
de energia, preservando recursos naturais. 
O MME tem a responsabilidade de coordenar as atividades de implantação do Plano, 
acionando ou promovendo negociação com outros órgãos do Governo Federal, 
Congresso 
Nacional, 
Estados, 
Municípios, 
Associações, 
Confederações, 
Universidades e instituições representativas. 
 
Obs.: Todos os dados citados no box acima foram fornecidos pelo Departamento de 
Desenvolvimento 
Energético, 
pertencente 
a 
Secretaria 
de 
Planejamento 
e 
Desenvolvimento Energético do MME.",1661,1652
06_procel_eficiencia_edificios_publicos.pdf,Guia de Eficiência Energética em Edifícios Públicos,PROCEL / Ministério de Minas e Energia,relatorio_tecnico,eficiencia_energetica,2025,vigente,guia técnico,eficiência energética em edificações públicas,11,"VIII 
 
Apresentação 
O objetivo do presente manual é orientar os gestores de cada ministério na 
elaboração de editais para a realização de diagnósticos energéticos e para a 
implantação de medidas de eficiência propostas nestes diagnósticos. O manual 
fornece informações e sugestões de procedimentos técnicos visando a viabilizar o 
uso eficiente da energia elétrica no conjunto de edificações que compõem a 
Esplanada dos Ministérios, além de sugestões para elaboração de editais. 
O manual foi dividido em três partes e um anexo, cujos públicos-alvo são os 
seguintes: 
 As partes I, II e o anexo destinam-se aos gestores responsáveis pela área 
de manutenção predial de cada edificação (assume-se que tais gestores 
também são responsáveis pela gestão do consumo de energia elétrica); 
 A parte III destina-se aos gestores responsáveis pela elaboração dos 
editais para contratação dos serviços necessários para a eficientização 
energética da edificação. 
Abaixo, é brevemente descrito o conteúdo de cada parte do manual e do anexo. 
 
Parte I – Aspectos do uso da energia em edificações da Esplanada dos 
Ministérios 
Com o objetivo de permitir que o gestor tenha uma noção geral de como se 
encontra a edificação sob sua administração, foram realizadas visitas a quatro 
edificações em diferentes estágios de conservação e modernização, no que se 
refere ao uso da energia elétrica e às instalações prediais. 
As características dos prédios levantadas nas visitas (construtivas, da envoltória da 
edificação, operacional, perfis de ocupação etc.), confirmaram que há diferenças 
significativas na eficiência do uso da energia elétrica. Portanto, há espaço para a 
implementação de melhorias visando à redução do consumo. 
 
Parte II – Noções gerais de eficiência energética em edificações e seus 
sistemas 
Esta parte busca prover ao administrador os conceitos básicos da eficiência 
energética de cada um dos sistemas da edificação sob sua responsabilidade, 
incluindo a rede de distribuição interna de energia, a contratação de 
fornecimento de energia elétrica e o plano de medição e verificação, de acordo 
com o Protocolo Internacional de Medição e Verificação de Performance – PIMVP 
(após a implementação das medidas de eficientização). 
",2256,"VIII 
 
Apresentação 
O objetivo do presente manual é orientar os gestores de cada ministério na 
elaboração de editais para a realização de diagnósticos energéticos e para a 
implantação de medidas de eficiência propostas nestes diagnósticos. O manual 
fornece informações e sugestões de procedimentos técnicos visando a viabilizar o 
uso eficiente da energia elétrica no conjunto de edificações que compõem a 
Esplanada dos Ministérios, além de sugestões para elaboração de editais. 
O manual foi dividido em três partes e um anexo, cujos públicos-alvo são os 
seguintes: 
 As partes I, II e o anexo destinam-se aos gestores responsáveis pela área 
de manutenção predial de cada edificação (assume-se que tais gestores 
também são responsáveis pela gestão do consumo de energia elétrica); 
 A parte III destina-se aos gestores responsáveis pela elaboração dos 
editais para contratação dos serviços necessários para a eficientização 
energética da edificação. 
Abaixo, é brevemente descrito o conteúdo de cada parte do manual e do anexo. 
 
Parte I – Aspectos do uso da energia em edificações da Esplanada dos 
Ministérios 
Com o objetivo de permitir que o gestor tenha uma noção geral de como se 
encontra a edificação sob sua administração, foram realizadas visitas a quatro 
edificações em diferentes estágios de conservação e modernização, no que se 
refere ao uso da energia elétrica e às instalações prediais. 
As características dos prédios levantadas nas visitas (construtivas, da envoltória da 
edificação, operacional, perfis de ocupação etc.), confirmaram que há diferenças 
significativas na eficiência do uso da energia elétrica. Portanto, há espaço para a 
implementação de melhorias visando à redução do consumo. 
 
Parte II – Noções gerais de eficiência energética em edificações e seus 
sistemas 
Esta parte busca prover ao administrador os conceitos básicos da eficiência 
energética de cada um dos sistemas da edificação sob sua responsabilidade, 
incluindo a rede de distribuição interna de energia, a contratação de 
fornecimento de energia elétrica e o plano de medição e verificação, de acordo 
com o Protocolo Internacional de Medição e Verificação de Performance – PIMVP 
(após a implementação das medidas de eficientização).",2256,2254
06_procel_eficiencia_edificios_publicos.pdf,Guia de Eficiência Energética em Edifícios Públicos,PROCEL / Ministério de Minas e Energia,relatorio_tecnico,eficiencia_energetica,2025,vigente,guia técnico,eficiência energética em edificações públicas,12,"IX 
 
Para os subsistemas do prédio que mais influenciam o consumo de energia 
elétrica, foram descritos os conceitos básicos, os sistemas eficientes e as 
tecnologias disponíveis. 
Os subsistemas descritos são os seguintes: 
 Ar-condicionado; 
 Iluminação; 
 Envoltória e aspectos construtivos; 
 Aquecimento solar de água para prédios públicos; 
 Transporte vertical (elevadores); 
 Sistema de supervisão, controle e aquisição de dados. 
 
Parte III – Procedimentos para Contratações. 
O objetivo desta parte é dar sugestões aos gestores responsáveis pela elaboração 
dos editais para contratação dos serviços necessários para a eficientização 
energética da edificação, quais sejam: 
 Diagnóstico energético; 
 Elaboração de projeto básico; 
 Elaboração do projeto executivo; 
 Execução das obras; 
 Fiscalização e acompanhamento dos resultados. 
 
Na elaboração do manual buscou-se apresentar de forma didática, para cada 
sistema energético, as principais tecnologias disponíveis para torná-lo mais 
eficiente. Foram usadas, sempre que possível, as informações contidas nos 
diversos manuais, guias e informativos disponibilizados pelo Procel (Programa 
Nacional de Conservação de Energia Elétrica), criado pelos Ministérios de Minas e 
Energia e da Indústria e Comércio, e gerido por uma Secretaria-Executiva 
subordinada à Eletrobras. 
Com o objetivo de tornar o presente manual, que é um documento elaborado 
totalmente em formato eletrônico, o mais abrangente possível, minimizando a 
necessidade de consultas a outras fontes, todo o material disponibilizado pelo 
Procel pode ser acessado através de links ao longo do texto. 
 
",1649,"IX 
 
Para os subsistemas do prédio que mais influenciam o consumo de energia 
elétrica, foram descritos os conceitos básicos, os sistemas eficientes e as 
tecnologias disponíveis. 
Os subsistemas descritos são os seguintes: 
 Ar-condicionado; 
 Iluminação; 
 Envoltória e aspectos construtivos; 
 Aquecimento solar de água para prédios públicos; 
 Transporte vertical (elevadores); 
 Sistema de supervisão, controle e aquisição de dados. 
 
Parte III – Procedimentos para Contratações. 
O objetivo desta parte é dar sugestões aos gestores responsáveis pela elaboração 
dos editais para contratação dos serviços necessários para a eficientização 
energética da edificação, quais sejam: 
 Diagnóstico energético; 
 Elaboração de projeto básico; 
 Elaboração do projeto executivo; 
 Execução das obras; 
 Fiscalização e acompanhamento dos resultados. 
 
Na elaboração do manual buscou-se apresentar de forma didática, para cada 
sistema energético, as principais tecnologias disponíveis para torná-lo mais 
eficiente. Foram usadas, sempre que possível, as informações contidas nos 
diversos manuais, guias e informativos disponibilizados pelo Procel (Programa 
Nacional de Conservação de Energia Elétrica), criado pelos Ministérios de Minas e 
Energia e da Indústria e Comércio, e gerido por uma Secretaria-Executiva 
subordinada à Eletrobras. 
Com o objetivo de tornar o presente manual, que é um documento elaborado 
totalmente em formato eletrônico, o mais abrangente possível, minimizando a 
necessidade de consultas a outras fontes, todo o material disponibilizado pelo 
Procel pode ser acessado através de links ao longo do texto.",1649,1645
06_procel_eficiencia_edificios_publicos.pdf,Guia de Eficiência Energética em Edifícios Públicos,PROCEL / Ministério de Minas e Energia,relatorio_tecnico,eficiencia_energetica,2025,vigente,guia técnico,eficiência energética em edificações públicas,13,"X 
 
Anexo – Simulação Energética do Prédio do Ministério de Minas e Energia 
em Brasília – DF 
O anexo contém a simulação1 do desempenho energético do prédio do MME. O 
objetivo desta simulação é avaliar o potencial de transformar o prédio do MME, 
através da implantação das medidas de eficiência energética mais modernas 
comercialmente disponíveis, num edifício com o menor consumo de energia 
possível. Neste anexo, além da estimativa do potencial de economia de energia 
elétrica que poderia ser obtida a partir da implantação de cada medida de 
eficiência energética simulada, também foi feita a avaliação da viabilidade 
econômica de cada uma. 
 Etapa 01: Simulação da Situação Atual da Edificação 
 Etapa 02: Calibração do Modelo Computacional e Simulação das 
Alternativas de Revitalização Retrofit 
 Etapa 03: Verificação da Viabilidade de Implantação de Cada Alternativa 
de Retrofit 
 
 
 
                                                          
1 Simuladores do desempenho energético de edificações são ferramentas computacionais 
de auxílio à realização de diagnósticos energéticos. Os simuladores são alimentados com 
dados medidos na edificação cujo diagnóstico energético está sendo realizado, permitindo 
a avaliação da economia de energia que pode ser obtida para cada alternativa de 
intervenção proposta. 
 
",1336,"X 
 
Anexo – Simulação Energética do Prédio do Ministério de Minas e Energia 
em Brasília – DF 
O anexo contém a simulação1 do desempenho energético do prédio do MME. O 
objetivo desta simulação é avaliar o potencial de transformar o prédio do MME, 
através da implantação das medidas de eficiência energética mais modernas 
comercialmente disponíveis, num edifício com o menor consumo de energia 
possível. Neste anexo, além da estimativa do potencial de economia de energia 
elétrica que poderia ser obtida a partir da implantação de cada medida de 
eficiência energética simulada, também foi feita a avaliação da viabilidade 
econômica de cada uma. 
 Etapa 01: Simulação da Situação Atual da Edificação 
 Etapa 02: Calibração do Modelo Computacional e Simulação das 
Alternativas de Revitalização Retrofit 
 Etapa 03: Verificação da Viabilidade de Implantação de Cada Alternativa 
de Retrofit 
 
 
 
 
1 Simuladores do desempenho energético de edificações são ferramentas computacionais 
de auxílio à realização de diagnósticos energéticos. Os simuladores são alimentados com 
dados medidos na edificação cujo diagnóstico energético está sendo realizado, permitindo 
a avaliação da economia de energia que pode ser obtida para cada alternativa de 
intervenção proposta.",1336,1275
06_procel_eficiencia_edificios_publicos.pdf,Guia de Eficiência Energética em Edifícios Públicos,PROCEL / Ministério de Minas e Energia,relatorio_tecnico,eficiencia_energetica,2025,vigente,guia técnico,eficiência energética em edificações públicas,14,"XI 
 
Agradecimentos 
Nossos agradecimentos às instituições que contribuíram para o presente Manual: 
ao Ministério de Minas e Energia, pelas informações técnicas fornecidas, 
articulação com os demais ministérios e colaboração na edição do Manual; aos 
Ministérios do Planejamento, Orçamento e Gestão, do Meio Ambiente, da 
Previdência Social e à Advocacia-Geral da União, pela viabilização das visitas 
técnicas às suas instalações e fornecimento de dados e informações. 
 
 
",478,"XI 
 
Agradecimentos 
Nossos agradecimentos às instituições que contribuíram para o presente Manual: 
ao Ministério de Minas e Energia, pelas informações técnicas fornecidas, 
articulação com os demais ministérios e colaboração na edição do Manual; aos 
Ministérios do Planejamento, Orçamento e Gestão, do Meio Ambiente, da 
Previdência Social e à Advocacia-Geral da União, pela viabilização das visitas 
técnicas às suas instalações e fornecimento de dados e informações.",478,472
06_procel_eficiencia_edificios_publicos.pdf,Guia de Eficiência Energética em Edifícios Públicos,PROCEL / Ministério de Minas e Energia,relatorio_tecnico,eficiencia_energetica,2025,vigente,guia técnico,eficiência energética em edificações públicas,15,"XII 
 
Sumário 
Capa . ........................................................................................................................... I 
Coordenação, autores e colaboradores .................................................................... III 
Prefácio .................................................................................................................... IV 
Apresentação .......................................................................................................... VIII 
Agradecimentos ........................................................................................................ XI 
Sumário .................................................................................................................... XII 
Parte I – Aspectos do uso da energia em edificações da Esplanada dos Ministérios 1 
1 
Introdução ......................................................................................................... 1 
2 
Edificações visitadas .......................................................................................... 1 
2.1 
Ministério do Planejamento, Orçamento e Gestão – Bloco C ................... 3 
2.2 
Ministério do Meio Ambiente – Bloco B .................................................... 6 
2.3 
Bloco F – Ministério da Previdência Social ................................................ 9 
2.4 
Advocacia-Geral da União – AGU ............................................................. 11 
3 
Conclusão ........................................................................................................ 15 
Parte II – Noções gerais de eficiência energética em edificações e seus sistemas . 17 
1. 
Instalações Elétricas – Caracterização Administrativa – Contratação de 
fornecimento de energia elétrica ............................................................................ 17 
1.1 
Introdução ................................................................................................ 17 
1.2 
Legislação vigente .................................................................................... 17 
1.3 
Definições e Conceitos ............................................................................. 18 
1.4 
Grupos tarifários ...................................................................................... 19 
1.5 
Modalidade tarifária ................................................................................ 20 
1.5.1 
Estrutura Tarifária Convencional ........................................................ 20 
1.5.2 
Estrutura tarifária horossazonal verde .............................................. 21 
1.5.3 
Estrutura tarifária horossazonal azul ................................................. 22 
1.6 
A energia reativa e fator de potência ...................................................... 23 
1.7 
Reduzindo a conta de energia elétrica..................................................... 24 
1.8 
Fatura de energia elétrica ........................................................................ 24 
1.9 
Referências ............................................................................................... 25 
2. 
Aspectos energéticos – Instalações elétricas .................................................. 26 
2.1 
Introdução ................................................................................................ 26 
",3393,"XII 
 
Sumário 
Capa............................................................................................................................ I 
Coordenação, autores e colaboradores.................................................................... III 
Prefácio.................................................................................................................... IV 
Apresentação.......................................................................................................... VIII 
Agradecimentos........................................................................................................ XI 
Sumário.................................................................................................................... XII 
Parte I – Aspectos do uso da energia em edificações da Esplanada dos Ministérios 1 
 
Introdução......................................................................................................... 1 
 
Edificações visitadas.......................................................................................... 1 
2.1 
Ministério do Planejamento, Orçamento e Gestão – Bloco C................... 3 
2.2 
Ministério do Meio Ambiente – Bloco B.................................................... 6 
2.3 
Bloco F – Ministério da Previdência Social................................................ 9 
2.4 
Advocacia-Geral da União – AGU............................................................. 11 
 
Conclusão........................................................................................................ 15 
Parte II – Noções gerais de eficiência energética em edificações e seus sistemas. 17 
1. 
Instalações Elétricas – Caracterização Administrativa – Contratação de 
fornecimento de energia elétrica............................................................................ 17 
1.1 
Introdução................................................................................................ 17 
1.2 
Legislação vigente.................................................................................... 17 
1.3 
Definições e Conceitos............................................................................. 18 
1.4 
Grupos tarifários...................................................................................... 19 
1.5 
Modalidade tarifária................................................................................ 20 
1.5.1 
Estrutura Tarifária Convencional........................................................ 20 
1.5.2 
Estrutura tarifária horossazonal verde.............................................. 21 
1.5.3 
Estrutura tarifária horossazonal azul................................................. 22 
1.6 
A energia reativa e fator de potência...................................................... 23 
1.7 
Reduzindo a conta de energia elétrica..................................................... 24 
1.8 
Fatura de energia elétrica........................................................................ 24 
1.9 
Referências............................................................................................... 25 
2. 
Aspectos energéticos – Instalações elétricas.................................................. 26 
2.1 
Introdução................................................................................................ 26",3393,3359
06_procel_eficiencia_edificios_publicos.pdf,Guia de Eficiência Energética em Edifícios Públicos,PROCEL / Ministério de Minas e Energia,relatorio_tecnico,eficiencia_energetica,2025,vigente,guia técnico,eficiência energética em edificações públicas,16,"XIII 
 
2.2 
Equipamentos e materiais utilizados na distribuição .............................. 26 
2.2.1 
Transformador ................................................................................... 26 
2.2.2 
Cabos elétricos ................................................................................... 30 
2.2.3 
Dispositivos de proteção .................................................................... 34 
2.2.4 
Quadros de distribuição ..................................................................... 35 
2.2.5 
Capacitores ......................................................................................... 35 
2.3 
Equilíbrio de fases .................................................................................... 38 
2.4 
Referências ............................................................................................... 39 
3. 
Ar-condicionado .............................................................................................. 40 
3.1 
Porte dos sistemas e sua aplicabilidade: pequeno/médio porte; grande 
porte  ................................................................................................................. 40 
3.1.1 
Instalação de pequeno/médio porte ................................................. 40 
3.1.2 
Instalação de médio/grande porte .................................................... 42 
3.2 
Ciclo Frigorífico por Compressão ............................................................. 43 
3.3 
Parâmetros indicadores da eficiência de equipamentos de ar-
condicionado: COP, EER, kW/TR .......................................................................... 43 
3.3.1 
Coeficiente de Performance (COP) .................................................... 44 
3.3.2 
Energy Efficiency Rating – EER (Relação de Eficiência Energética) .... 44 
3.3.3 
Eficiência em kW/TR .......................................................................... 44 
3.4 
Indicadores de eficiência, aplicação, vantagens e 
desvantagens/limitações típicas (Tabela 3.1) ...................................................... 45 
3.5 
Parâmetros estabelecidos pelo Procel/Inmetro ...................................... 47 
3.6 
Tipologia de Sistemas de ar condicionado – distribuição de água e ar – 
equipamentos – arranjos ..................................................................................... 48 
3.6.1 
Sistema de expansão direta ............................................................... 48 
3.6.2 
Sistema de expansão indireta ............................................................ 48 
3.7 
Noções de carga térmica de uma edificação com vistas ao diagnóstico 
energético, projeto básico e executivo e atingimento às exigências de normas 51 
3.8 
Normas a serem atendidas em um projeto de sistemas de AC ............... 54 
3.9 
Referências ............................................................................................... 55 
4. 
Iluminação ....................................................................................................... 56 
4.1 
Conceitos Básicos de Projetos Luminotécnicos ....................................... 56 
",3166,"XIII 
 
2.2 
Equipamentos e materiais utilizados na distribuição.............................. 26 
2.2.1 
Transformador................................................................................... 26 
2.2.2 
Cabos elétricos................................................................................... 30 
2.2.3 
Dispositivos de proteção.................................................................... 34 
2.2.4 
Quadros de distribuição..................................................................... 35 
2.2.5 
Capacitores......................................................................................... 35 
2.3 
Equilíbrio de fases.................................................................................... 38 
2.4 
Referências............................................................................................... 39 
3. 
Ar-condicionado.............................................................................................. 40 
3.1 
Porte dos sistemas e sua aplicabilidade: pequeno/médio porte; grande 
porte................................................................................................................. 40 
3.1.1 
Instalação de pequeno/médio porte................................................. 40 
3.1.2 
Instalação de médio/grande porte.................................................... 42 
3.2 
Ciclo Frigorífico por Compressão............................................................. 43 
3.3 
Parâmetros indicadores da eficiência de equipamentos de ar-
condicionado: COP, EER, kW/TR.......................................................................... 43 
3.3.1 
Coeficiente de Performance (COP).................................................... 44 
3.3.2 
Energy Efficiency Rating – EER (Relação de Eficiência Energética).... 44 
3.3.3 
Eficiência em kW/TR.......................................................................... 44 
3.4 
Indicadores de eficiência, aplicação, vantagens e 
desvantagens/limitações típicas (Tabela 3.1)...................................................... 45 
3.5 
Parâmetros estabelecidos pelo Procel/Inmetro...................................... 47 
3.6 
Tipologia de Sistemas de ar condicionado – distribuição de água e ar – 
equipamentos – arranjos..................................................................................... 48 
3.6.1 
Sistema de expansão direta............................................................... 48 
3.6.2 
Sistema de expansão indireta............................................................ 48 
3.7 
Noções de carga térmica de uma edificação com vistas ao diagnóstico 
energético, projeto básico e executivo e atingimento às exigências de normas 51 
3.8 
Normas a serem atendidas em um projeto de sistemas de AC............... 54 
3.9 
Referências............................................................................................... 55 
4. 
Iluminação....................................................................................................... 56 
4.1 
Conceitos Básicos de Projetos Luminotécnicos....................................... 56",3166,3137
06_procel_eficiencia_edificios_publicos.pdf,Guia de Eficiência Energética em Edifícios Públicos,PROCEL / Ministério de Minas e Energia,relatorio_tecnico,eficiencia_energetica,2025,vigente,guia técnico,eficiência energética em edificações públicas,17,"XIV 
 
4.1.1 
Iluminação Natural ............................................................................. 56 
4.1.2 
Iluminação Artificial ........................................................................... 56 
4.2 
Especificações técnicas de equipamentos e tecnologias utilizadas em 
sistemas de iluminação ........................................................................................ 57 
4.2.1 
Lâmpadas ........................................................................................... 57 
4.2.2 
Luminárias .......................................................................................... 66 
4.2.3 
Reatores ............................................................................................. 71 
4.2.4 
Controle Digital de Sistemas de Iluminação – Sistemas Dali - Digital 
Addressable Lighting Interface ........................................................................ 73 
4.3 
Projeto luminotécnico .............................................................................. 75 
4.4 
Normas Técnicas Brasileiras para projetos luminotécnicos .................... 75 
4.5 
Economia nos sistemas de iluminação .................................................... 78 
4.5.1 
Estimativa de custos de energia ......................................................... 78 
4.5.2 
Potência Instalada de Iluminação ...................................................... 78 
4.5.3 
Horário de Funcionamento ................................................................ 79 
4.5.4 
Controles de Iluminação Automática ................................................. 79 
4.5.5 
Energia Consumida ............................................................................. 79 
4.5.6 
Ajustes para o Consumo de Energia no Sistema de Ar Condicionado 79 
4.5.7 
Tarifas para Fornecimento de Energia Elétrica .................................. 80 
4.5.8 
Outros Custos Operacionais ............................................................... 80 
4.6 
Requisitos básicos em projetos de sistemas de iluminação .................... 81 
4.6.1 
Iluminância ......................................................................................... 81 
4.6.2 
Uniformidade ..................................................................................... 81 
4.6.3 
Ofuscamento ...................................................................................... 81 
4.6.4 
Reprodução de cor ............................................................................. 81 
4.6.5 
Cintilação e efeito estroboscópico ..................................................... 82 
4.6.6 
Luz natural .......................................................................................... 82 
4.6.7 
Manutenção ....................................................................................... 82 
4.7 
Iluminação de emergência ....................................................................... 82 
",2963,"XIV 
 
4.1.1 
Iluminação Natural............................................................................. 56 
4.1.2 
Iluminação Artificial........................................................................... 56 
4.2 
Especificações técnicas de equipamentos e tecnologias utilizadas em 
sistemas de iluminação........................................................................................ 57 
4.2.1 
Lâmpadas........................................................................................... 57 
4.2.2 
Luminárias.......................................................................................... 66 
4.2.3 
Reatores............................................................................................. 71 
4.2.4 
Controle Digital de Sistemas de Iluminação – Sistemas Dali - Digital 
Addressable Lighting Interface........................................................................ 73 
4.3 
Projeto luminotécnico.............................................................................. 75 
4.4 
Normas Técnicas Brasileiras para projetos luminotécnicos.................... 75 
4.5 
Economia nos sistemas de iluminação.................................................... 78 
4.5.1 
Estimativa de custos de energia......................................................... 78 
4.5.2 
Potência Instalada de Iluminação...................................................... 78 
4.5.3 
Horário de Funcionamento................................................................ 79 
4.5.4 
Controles de Iluminação Automática................................................. 79 
4.5.5 
Energia Consumida............................................................................. 79 
4.5.6 
Ajustes para o Consumo de Energia no Sistema de Ar Condicionado 79 
4.5.7 
Tarifas para Fornecimento de Energia Elétrica.................................. 80 
4.5.8 
Outros Custos Operacionais............................................................... 80 
4.6 
Requisitos básicos em projetos de sistemas de iluminação.................... 81 
4.6.1 
Iluminância......................................................................................... 81 
4.6.2 
Uniformidade..................................................................................... 81 
4.6.3 
Ofuscamento...................................................................................... 81 
4.6.4 
Reprodução de cor............................................................................. 81 
4.6.5 
Cintilação e efeito estroboscópico..................................................... 82 
4.6.6 
Luz natural.......................................................................................... 82 
4.6.7 
Manutenção....................................................................................... 82 
4.7 
Iluminação de emergência....................................................................... 82",2963,2935
06_procel_eficiencia_edificios_publicos.pdf,Guia de Eficiência Energética em Edifícios Públicos,PROCEL / Ministério de Minas e Energia,relatorio_tecnico,eficiencia_energetica,2025,vigente,guia técnico,eficiência energética em edificações públicas,18,"XV 
 
4.8 
Iluminação de estações de trabalho com monitores VDT –Visual display 
terminals - também conhecido como monitores de vídeo) ................................ 83 
4.9 
Considerações sobre energia ................................................................... 83 
4.10 
Referências ............................................................................................... 84 
5. 
Envoltória e Aspectos Construtivos................................................................. 85 
5.1 
Envoltória ................................................................................................. 85 
5.2 
Aspectos construtivos .............................................................................. 85 
5.2.1 
Forma ................................................................................................. 85 
5.2.2 
Orientação da edificação.................................................................... 86 
5.2.3 
Zonas de climatização ou zonas térmicas .......................................... 86 
5.2.4 
Características de paredes e cobertura da edificação ....................... 86 
5.2.5 
Fechamentos ...................................................................................... 87 
5.2.6 
Fator solar .......................................................................................... 89 
5.3 
Localização: Zonas Bioclimáticas.............................................................. 90 
5.4 
Leitura adicional ....................................................................................... 90 
5.5 
Referências ............................................................................................... 91 
6. 
Aquecimento solar de água para prédios públicos ......................................... 92 
6.1 
Introdução ................................................................................................ 92 
6.2 
Fundamentos do Aquecimento Solar de Água – conceitos e definições . 92 
6.2.1 
Ângulos solares .................................................................................. 92 
6.2.2 
Radiação: Global, Difusa e Direta ....................................................... 93 
6.3 
Componentes de um sistema de aquecimento solar .............................. 93 
6.4 
Sistemas por Termossifão ........................................................................ 95 
6.5 
Sistemas de circulação forçada ................................................................ 96 
6.6 
Dimensionamento do sistema de aquecimento solar ............................. 97 
6.7 
Considerações Finais .............................................................................. 101 
6.7.1 
Instalação dos Coletores .................................................................. 101 
6.7.2 
Normas a serem consideradas ......................................................... 102 
6.7.3 
Leitura adicional ............................................................................... 102 
6.8 
Referências ............................................................................................. 103 
7. 
Transporte vertical (Elevadores) ................................................................... 104 
7.1 
Princípio básico de funcionamento ....................................................... 105 
",3329,"XV 
 
4.8 
Iluminação de estações de trabalho com monitores VDT –Visual display 
terminals - também conhecido como monitores de vídeo)................................ 83 
4.9 
Considerações sobre energia................................................................... 83 
4.10 
Referências............................................................................................... 84 
5. 
Envoltória e Aspectos Construtivos................................................................. 85 
5.1 
Envoltória................................................................................................. 85 
5.2 
Aspectos construtivos.............................................................................. 85 
5.2.1 
Forma................................................................................................. 85 
5.2.2 
Orientação da edificação.................................................................... 86 
5.2.3 
Zonas de climatização ou zonas térmicas.......................................... 86 
5.2.4 
Características de paredes e cobertura da edificação....................... 86 
5.2.5 
Fechamentos...................................................................................... 87 
5.2.6 
Fator solar.......................................................................................... 89 
5.3 
Localização: Zonas Bioclimáticas.............................................................. 90 
5.4 
Leitura adicional....................................................................................... 90 
5.5 
Referências............................................................................................... 91 
6. 
Aquecimento solar de água para prédios públicos......................................... 92 
6.1 
Introdução................................................................................................ 92 
6.2 
Fundamentos do Aquecimento Solar de Água – conceitos e definições. 92 
6.2.1 
Ângulos solares.................................................................................. 92 
6.2.2 
Radiação: Global, Difusa e Direta....................................................... 93 
6.3 
Componentes de um sistema de aquecimento solar.............................. 93 
6.4 
Sistemas por Termossifão........................................................................ 95 
6.5 
Sistemas de circulação forçada................................................................ 96 
6.6 
Dimensionamento do sistema de aquecimento solar............................. 97 
6.7 
Considerações Finais.............................................................................. 101 
6.7.1 
Instalação dos Coletores.................................................................. 101 
6.7.2 
Normas a serem consideradas......................................................... 102 
6.7.3 
Leitura adicional............................................................................... 102 
6.8 
Referências............................................................................................. 103 
7. 
Transporte vertical (Elevadores)................................................................... 104 
7.1 
Princípio básico de funcionamento....................................................... 105",3329,3299
06_procel_eficiencia_edificios_publicos.pdf,Guia de Eficiência Energética em Edifícios Públicos,PROCEL / Ministério de Minas e Energia,relatorio_tecnico,eficiencia_energetica,2025,vigente,guia técnico,eficiência energética em edificações públicas,19,"XVI 
 
7.2 
Cálculo do consumo ............................................................................... 106 
7.3 
Recomendações de economia de energia ............................................. 106 
7.4 
Conclusão ............................................................................................... 108 
8. 
Sistemas de supervisão, controle e aquisição de dados ............................... 109 
8.1 
Conceitos básicos ................................................................................... 109 
8.2 
Principais aplicações .............................................................................. 110 
8.3 
Principais funções .................................................................................. 111 
8.3.1 
Sinóticos ........................................................................................... 111 
8.3.2 
Alarmes ............................................................................................ 111 
8.4 
Relatórios ............................................................................................... 112 
8.5 
Gráficos Históricos ................................................................................. 112 
8.6 
Tipos de comunicação e protocolos ...................................................... 112 
8.6.1 
OPC (OLE for process control) .......................................................... 113 
8.6.2 
Sistema Cliente/Servidor .................................................................. 114 
8.6.3 
Sistema Web Server ......................................................................... 114 
8.7 
Confiabilidade e redundância ................................................................ 115 
8.8 
Componentes principais ........................................................................ 116 
8.8.1 
Banco de Dados ................................................................................ 116 
8.8.2 
Controlador de informações do processo (PIMS) ............................ 116 
8.9 
Aplicação: controladores de demanda .................................................. 117 
8.10 
Estimativa de custo ................................................................................ 118 
8.11 
Análise de Pontos de Função (APF) ........................................................ 119 
8.12 
Referências ............................................................................................. 121 
9. 
Plano de medição e verificação ..................................................................... 122 
9.1 
Introdução .............................................................................................. 122 
9.2 
Limites de Medição ................................................................................ 122 
9.3 
Períodos de medição.............................................................................. 122 
9.4 
Cálculo da economia .............................................................................. 123 
9.5 
Opções de medição para um Plano de M&V ......................................... 123 
9.6 
Seleção da melhor opção ....................................................................... 125 
9.7 
Referências ............................................................................................. 126 
10. Análise Econômica em Conservação de Energia ........................................... 127 
",3416,"XVI 
 
7.2 
Cálculo do consumo............................................................................... 106 
7.3 
Recomendações de economia de energia............................................. 106 
7.4 
Conclusão............................................................................................... 108 
8. 
Sistemas de supervisão, controle e aquisição de dados............................... 109 
8.1 
Conceitos básicos................................................................................... 109 
8.2 
Principais aplicações.............................................................................. 110 
8.3 
Principais funções.................................................................................. 111 
8.3.1 
Sinóticos........................................................................................... 111 
8.3.2 
Alarmes............................................................................................ 111 
8.4 
Relatórios............................................................................................... 112 
8.5 
Gráficos Históricos................................................................................. 112 
8.6 
Tipos de comunicação e protocolos...................................................... 112 
8.6.1 
OPC (OLE for process control).......................................................... 113 
8.6.2 
Sistema Cliente/Servidor.................................................................. 114 
8.6.3 
Sistema Web Server......................................................................... 114 
8.7 
Confiabilidade e redundância................................................................ 115 
8.8 
Componentes principais........................................................................ 116 
8.8.1 
Banco de Dados................................................................................ 116 
8.8.2 
Controlador de informações do processo (PIMS)............................ 116 
8.9 
Aplicação: controladores de demanda.................................................. 117 
8.10 
Estimativa de custo................................................................................ 118 
8.11 
Análise de Pontos de Função (APF)........................................................ 119 
8.12 
Referências............................................................................................. 121 
9. 
Plano de medição e verificação..................................................................... 122 
9.1 
Introdução.............................................................................................. 122 
9.2 
Limites de Medição................................................................................ 122 
9.3 
Períodos de medição.............................................................................. 122 
9.4 
Cálculo da economia.............................................................................. 123 
9.5 
Opções de medição para um Plano de M&V......................................... 123 
9.6 
Seleção da melhor opção....................................................................... 125 
9.7 
Referências............................................................................................. 126 
10. Análise Econômica em Conservação de Energia........................................... 127",3416,3383
06_procel_eficiencia_edificios_publicos.pdf,Guia de Eficiência Energética em Edifícios Públicos,PROCEL / Ministério de Minas e Energia,relatorio_tecnico,eficiencia_energetica,2025,vigente,guia técnico,eficiência energética em edificações públicas,20,"XVII 
 
Parte III – Procedimentos para Contratações ........................................................ 128 
1. 
Introdução ..................................................................................................... 128 
2. 
Formas de contratação ................................................................................. 128 
3. 
Características importantes e recomendações relativas às principais etapas129 
3.1 
Diagnóstico energético e projeto básico ............................................... 129 
3.2 
Projeto executivo ................................................................................... 134 
3.3 
Principais requisitos considerados nos projetos básicos e nos projetos 
executivos de obras e serviços........................................................................... 134 
3.4 
Execução das obras ................................................................................ 135 
4. 
Definições básicas ......................................................................................... 135 
Anexo  Simulação Energética do Prédio do Ministério de Minas e Energia em 
Brasília – DF ............................................................................................................ 139 
Sumário Executivo.................................................................................................. 140 
 
 
",1386,"XVII 
 
Parte III – Procedimentos para Contratações........................................................ 128 
1. 
Introdução..................................................................................................... 128 
2. 
Formas de contratação................................................................................. 128 
3. 
Características importantes e recomendações relativas às principais etapas129 
3.1 
Diagnóstico energético e projeto básico............................................... 129 
3.2 
Projeto executivo................................................................................... 134 
3.3 
Principais requisitos considerados nos projetos básicos e nos projetos 
executivos de obras e serviços........................................................................... 134 
3.4 
Execução das obras................................................................................ 135 
4. 
Definições básicas......................................................................................... 135 
Anexo Simulação Energética do Prédio do Ministério de Minas e Energia em 
Brasília – DF............................................................................................................ 139 
Sumário Executivo.................................................................................................. 140",1386,1371
06_procel_eficiencia_edificios_publicos.pdf,Guia de Eficiência Energética em Edifícios Públicos,PROCEL / Ministério de Minas e Energia,relatorio_tecnico,eficiencia_energetica,2025,vigente,guia técnico,eficiência energética em edificações públicas,21," 
1 
 
Parte I – Aspectos do uso da energia em edificações 
da Esplanada dos Ministérios 
1 Introdução 
Foram realizadas visitas a quatro prédios da Esplanada dos Ministérios. Tais visitas 
tiveram por objetivo levantar características das edificações de forma a permitir 
que o gestor público tivesse uma visão do estado das instalações elétricas e 
prediais sob sua responsabilidade em comparação com os demais da Esplanada 
dos Ministérios. 
Assim, buscou-se visitar instalações em diversos estados de conservação e 
modernização. 
Na visita técnica as edificações, foram verificadas as características relacionadas 
abaixo: 
 Características construtivas gerais – (tipologia, idade e localização da 
edificação, aspectos de tombamento que possam influenciar na alteração 
de fachadas, número de andares, área por andar, orientação de fachadas, 
etc.); 
 Características da envoltória da edificação - materiais construtivos dos 
principais elementos, quais sejam, paredes, lajes, telhados, esquadrias, 
tipos de vidros e elementos de proteção (brises, cortinas), etc; 
 Características operacionais e perfis de ocupação - descrição de “andar 
tipo”, sua utilização, horários de funcionamento, ligamento e 
desligamento dos principais sistemas, etc.; 
 Relação com o clima local - Região bioclimática em que se situa a 
edificação. 
 
2 Edificações visitadas 
Foram visitadas quatro edificações, sendo três blocos da Esplanada dos 
Ministérios, ou seja, o Bloco C, que abriga o Ministério do Planejamento, 
Orçamento e Gestão, o Bloco B, que abriga o Ministério do Meio Ambiente e o 
Bloco F, que abriga o Ministério da Previdência Social. 
A quarta edificação visitada abriga a Advocacia Geral da União – AGU e está 
localizada no Setor de Autarquias, Quadra 1, Bloco ""A"". 
Os três blocos visitados na Esplanada dos Ministérios apresentam diversas 
características comuns, dentre elas podemos destacar: 
 As edificações são tombadas, incluindo os prédios Anexos e as edificações 
principais são da década de 60 (inauguração de Brasília); 
",2047,"Parte I – Aspectos do uso da energia em edificações 
da Esplanada dos Ministérios 
1 Introdução 
Foram realizadas visitas a quatro prédios da Esplanada dos Ministérios. Tais visitas 
tiveram por objetivo levantar características das edificações de forma a permitir 
que o gestor público tivesse uma visão do estado das instalações elétricas e 
prediais sob sua responsabilidade em comparação com os demais da Esplanada 
dos Ministérios. 
Assim, buscou-se visitar instalações em diversos estados de conservação e 
modernização. 
Na visita técnica as edificações, foram verificadas as características relacionadas 
abaixo: 
 Características construtivas gerais – (tipologia, idade e localização da 
edificação, aspectos de tombamento que possam influenciar na alteração 
de fachadas, número de andares, área por andar, orientação de fachadas, 
etc.); 
 Características da envoltória da edificação - materiais construtivos dos 
principais elementos, quais sejam, paredes, lajes, telhados, esquadrias, 
tipos de vidros e elementos de proteção (brises, cortinas), etc; 
 Características operacionais e perfis de ocupação - descrição de “andar 
tipo”, sua utilização, horários de funcionamento, ligamento e 
desligamento dos principais sistemas, etc.; 
 Relação com o clima local - Região bioclimática em que se situa a 
edificação. 
 
2 Edificações visitadas 
Foram visitadas quatro edificações, sendo três blocos da Esplanada dos 
Ministérios, ou seja, o Bloco C, que abriga o Ministério do Planejamento, 
Orçamento e Gestão, o Bloco B, que abriga o Ministério do Meio Ambiente e o 
Bloco F, que abriga o Ministério da Previdência Social. 
A quarta edificação visitada abriga a Advocacia Geral da União – AGU e está 
localizada no Setor de Autarquias, Quadra 1, Bloco ""A"". 
Os três blocos visitados na Esplanada dos Ministérios apresentam diversas 
características comuns, dentre elas podemos destacar: 
 As edificações são tombadas, incluindo os prédios Anexos e as edificações 
principais são da década de 60 (inauguração de Brasília);",2047,2038
06_procel_eficiencia_edificios_publicos.pdf,Guia de Eficiência Energética em Edifícios Públicos,PROCEL / Ministério de Minas e Energia,relatorio_tecnico,eficiencia_energetica,2025,vigente,guia técnico,eficiência energética em edificações públicas,22," 
2 
 
 As garagens ficam localizadas no subsolo; 
 As edificações possuem 10 pavimentos e um subsolo; 
 A área total de cada uma das edificações é de aproximadamente 
26.000 m², sendo 20.200 m² dos edifícios sede e 26.000 dos edifícios 
anexos; 
 Na fachada oeste foram instalados brises metálicos e na fachada leste 
uma película prata espelhada; 
 Fazem uso de persiana vertical nas fachadas leste e oeste; 
 Na fachada oeste os vidros são pintados acima do brise com a finalidade 
de evitar a incidência solar; 
 As esquadrias das janelas são de ferro e os vidros são laminados incolores 
com 6 mm de espessura; 
 No geral, as divisões de salas são realizadas com divisórias do tipo piso-
teto (algumas cegas e outras com vidro transparente); 
 
Figura 1.1 – fachada típica - leste 
 
Figura 1.2 – fachada típica - oeste 
 
 
Figura 1.3 – interior típico – sala de 
 
reunião. 
Figura 1.4 – interior típico - corredor 
 
As subestações são de responsabilidade da concessionária de energia elétrica com 
tensão de entrada de 13.200 V e ficam localizadas no subsolo, junto aos painéis de 
distribuição de energia elétrica; 
 
",1136," As garagens ficam localizadas no subsolo; 
 As edificações possuem 10 pavimentos e um subsolo; 
 A área total de cada uma das edificações é de aproximadamente 
26.000 m², sendo 20.200 m² dos edifícios sede e 26.000 dos edifícios 
anexos; 
 Na fachada oeste foram instalados brises metálicos e na fachada leste 
uma película prata espelhada; 
 Fazem uso de persiana vertical nas fachadas leste e oeste; 
 Na fachada oeste os vidros são pintados acima do brise com a finalidade 
de evitar a incidência solar; 
 As esquadrias das janelas são de ferro e os vidros são laminados incolores 
com 6 mm de espessura; 
 No geral, as divisões de salas são realizadas com divisórias do tipo piso-
teto (algumas cegas e outras com vidro transparente); 
 
Figura 1.1 – fachada típica - leste 
 
Figura 1.2 – fachada típica - oeste 
 
 
Figura 1.3 – interior típico – sala de 
 
reunião. 
Figura 1.4 – interior típico - corredor 
 
As subestações são de responsabilidade da concessionária de energia elétrica com 
tensão de entrada de 13.200 V e ficam localizadas no subsolo, junto aos painéis de 
distribuição de energia elétrica;",1136,1125
06_procel_eficiencia_edificios_publicos.pdf,Guia de Eficiência Energética em Edifícios Públicos,PROCEL / Ministério de Minas e Energia,relatorio_tecnico,eficiencia_energetica,2025,vigente,guia técnico,eficiência energética em edificações públicas,23," 
3 
 
 
Figura 1.5 – acesso à subestação 
Figura 1.6 – equipamentos no interior  
 
da subestação 
 
Cada um dos prédios possui um único medidor de energia elétrica; 
Possuem banco de capacitores automático, para a correção do fator de potência, 
instalado no barramento geral, localizado no subsolo; 
Não possuem sistema supervisório de energia elétrica, nem medidores de energia 
elétrica para cada um dos sistemas (iluminação, climatização e informática). 
 
2.1 Ministério do Planejamento, Orçamento e Gestão – Bloco C 
a. Características construtivas gerais 
Não possui prédio anexo; 
A cobertura é de laje coberta por telha de cimento; 
 
b. Características operacionais e perfis de ocupação 
Cedem três pavimentos e meio para o Ministério de Desenvolvimento Social e 
Combate a Fome – MDS; 
O período de funcionamento é de 7 h às 20 h (maior carga de 8 h às 19 h); 
Para fins de faturamento de energia elétrica, estão enquadrados na tarifa horo 
sazonal verde; 
Existem oito elevadores (seis sociais, um de serviço e um privativo) e uma 
plataforma para deficiente físico para o deslocamento entre o subsolo e o térreo; 
O sistema de climatização é composto em sua maioria por aparelhos de ar 
condicionado tipo janela, alguns equipamentos split e algumas máquinas self; 
Possui um grupo motor gerador de 450 kVA, com sistema automático de 
acionamento – USCA, conectado a: iluminação de emergência, no-break, ar 
condicionado do CPD e elevadores sociais e privativo; 
",1478,"Figura 1.5 – acesso à subestação 
Figura 1.6 – equipamentos no interior 
 
da subestação 
 
Cada um dos prédios possui um único medidor de energia elétrica; 
Possuem banco de capacitores automático, para a correção do fator de potência, 
instalado no barramento geral, localizado no subsolo; 
Não possuem sistema supervisório de energia elétrica, nem medidores de energia 
elétrica para cada um dos sistemas (iluminação, climatização e informática). 
 
2.1 Ministério do Planejamento, Orçamento e Gestão – Bloco C 
a. Características construtivas gerais 
Não possui prédio anexo; 
A cobertura é de laje coberta por telha de cimento; 
 
b. Características operacionais e perfis de ocupação 
Cedem três pavimentos e meio para o Ministério de Desenvolvimento Social e 
Combate a Fome – MDS; 
O período de funcionamento é de 7 h às 20 h (maior carga de 8 h às 19 h); 
Para fins de faturamento de energia elétrica, estão enquadrados na tarifa horo 
sazonal verde; 
Existem oito elevadores (seis sociais, um de serviço e um privativo) e uma 
plataforma para deficiente físico para o deslocamento entre o subsolo e o térreo; 
O sistema de climatização é composto em sua maioria por aparelhos de ar 
condicionado tipo janela, alguns equipamentos split e algumas máquinas self; 
Possui um grupo motor gerador de 450 kVA, com sistema automático de 
acionamento – USCA, conectado a: iluminação de emergência, no-break, ar 
condicionado do CPD e elevadores sociais e privativo;",1478,1466
06_procel_eficiencia_edificios_publicos.pdf,Guia de Eficiência Energética em Edifícios Públicos,PROCEL / Ministério de Minas e Energia,relatorio_tecnico,eficiencia_energetica,2025,vigente,guia técnico,eficiência energética em edificações públicas,24," 
4 
 
 
 
Figura 1.7 – equipamentos do sistema de climatização 
 
O no-break supre somente as cargas do CPD; 
Em cada pavimento existe um estabilizador, no qual estão conectados os 
equipamentos de informática; 
 
 
Figura 1.8 – grupo motor gerador 
Figura 1.9 – estabilizador utilizado         
 
pelos equipamentos          
 
de informática 
 
A interligação entre os painéis localizados no subsolo e os quadros de distribuição 
nos pavimentos é realizada através de barramento blindado trifásico; 
Nos pavimentos a distribuição de energia elétrica é realizada através de quadros 
de distribuição localizados nos setores: norte, centro e sul; 
 
 
",652,"Figura 1.7 – equipamentos do sistema de climatização 
 
O no-break supre somente as cargas do CPD; 
Em cada pavimento existe um estabilizador, no qual estão conectados os 
equipamentos de informática; 
 
 
Figura 1.8 – grupo motor gerador 
Figura 1.9 – estabilizador utilizado 
 
pelos equipamentos 
 
de informática 
 
A interligação entre os painéis localizados no subsolo e os quadros de distribuição 
nos pavimentos é realizada através de barramento blindado trifásico; 
Nos pavimentos a distribuição de energia elétrica é realizada através de quadros 
de distribuição localizados nos setores: norte, centro e sul;",652,618
06_procel_eficiencia_edificios_publicos.pdf,Guia de Eficiência Energética em Edifícios Públicos,PROCEL / Ministério de Minas e Energia,relatorio_tecnico,eficiencia_energetica,2025,vigente,guia técnico,eficiência energética em edificações públicas,25," 
5 
 
 
 
Figura 1.10 – painéis de baixa tensão, 
 
barramento blindado, 
 
banco de capacitores e o 
 
medidor, instalados 
 
próximos a subestação 
Figura 1.11 – quadros de distribuição 
 
localizados  nos 
 
pavimentos 
 
O sistema de iluminação do Ministério do Planejamento, Orçamento e Gestão é 
constituído de luminárias eficientes de alumínio anodizado com aletas, e com 
aspecto de baixa eficiência energética, para uma ou duas lâmpadas fluorescentes 
tubulares de 32 W, apresentam algumas deformações possivelmente por serem 
luminárias com longo tempo de uso. Os corredores dos andares possuem 
sensores de presença e luminárias sinalizadoras de rota de fuga no sistema de 
iluminação de emergência.  
 
 
 
Figura 1.12 – equipamentos do sistema de iluminação do Ministério do   
 
Planejamento 
 
O sistema de iluminação do Ministério de Desenvolvimento Social e Combate a 
Fome passou por uma recente revitalização e é constituído de luminárias 
eficientes de alumínio anodizado com aletas compostas com quatro lâmpadas 
fluorescentes tubulares de T8 de 16 W. Os corredores dos andares também 
possuem sensores de presença e luminárias sinalizadoras de rota de fuga no 
sistema de iluminação de emergência; 
",1222,"Figura 1.10 – painéis de baixa tensão, 
 
barramento blindado, 
 
banco de capacitores e o 
 
medidor, instalados 
 
próximos a subestação 
Figura 1.11 – quadros de distribuição 
 
localizados nos 
 
pavimentos 
 
O sistema de iluminação do Ministério do Planejamento, Orçamento e Gestão é 
constituído de luminárias eficientes de alumínio anodizado com aletas, e com 
aspecto de baixa eficiência energética, para uma ou duas lâmpadas fluorescentes 
tubulares de 32 W, apresentam algumas deformações possivelmente por serem 
luminárias com longo tempo de uso. Os corredores dos andares possuem 
sensores de presença e luminárias sinalizadoras de rota de fuga no sistema de 
iluminação de emergência. 
 
 
 
Figura 1.12 – equipamentos do sistema de iluminação do Ministério do 
 
Planejamento 
 
O sistema de iluminação do Ministério de Desenvolvimento Social e Combate a 
Fome passou por uma recente revitalização e é constituído de luminárias 
eficientes de alumínio anodizado com aletas compostas com quatro lâmpadas 
fluorescentes tubulares de T8 de 16 W. Os corredores dos andares também 
possuem sensores de presença e luminárias sinalizadoras de rota de fuga no 
sistema de iluminação de emergência;",1222,1205
06_procel_eficiencia_edificios_publicos.pdf,Guia de Eficiência Energética em Edifícios Públicos,PROCEL / Ministério de Minas e Energia,relatorio_tecnico,eficiencia_energetica,2025,vigente,guia técnico,eficiência energética em edificações públicas,26," 
6 
 
 
 
 
Figura 1.13 – equipamentos do sistema de iluminação do Ministério de 
 
Desenvolvimento Social e Combate a Fome 
 
2.2 Ministério do Meio Ambiente – Bloco B 
a. Características construtivas gerais: 
A edificação não possui prédio anexo; 
A cobertura é de laje coberta por telha de cimento; 
 
b. Características operacionais e perfis de ocupação: 
A edificação é ocupada pelos Ministérios do Meio Ambiente (do 5o ao 9o 
pavimento) e da Cultura (do 1o ao 4o pavimento); 
Período de funcionamento de 8 h às 18 h; 
Pessoal fixo de aproximadamente 1800 pessoas e 200 visitantes por dia; 
A edificação possui cinco elevadores em operação (três sociais, um de serviço e 
um privativo) e três desativados; 
Para fins de faturamento de energia elétrica, estão enquadrados na tarifa horo 
sazonal azul; 
A climatização da edificação é realizada de modo eficiente através do sistema 
variable refrigerant flow (VRF). O sistema opera na parte da manhã (8 h às 12 h) e 
da tarde (14 h às 18 h). Após estes períodos são realizadas duas varreduras, a 
primeira às 19 h, quando ocorre o desligamento do sistema, permitindo que o 
usuário ative o sistema individualmente e, a segunda às 20 h, quando ocorre a 
desativação do sistema; 
Possui um sistema ininterrupto de energia elétrica composto por um grupo motor 
gerador de 180/168 kVA, com sistema automático de acionamento - USCA, e um 
no-break para as cargas da sala cofre; 
",1428,"Figura 1.13 – equipamentos do sistema de iluminação do Ministério de 
 
Desenvolvimento Social e Combate a Fome 
 
2.2 Ministério do Meio Ambiente – Bloco B 
a. Características construtivas gerais: 
A edificação não possui prédio anexo; 
A cobertura é de laje coberta por telha de cimento; 
 
b. Características operacionais e perfis de ocupação: 
A edificação é ocupada pelos Ministérios do Meio Ambiente (do 5o ao 9o 
pavimento) e da Cultura (do 1o ao 4o pavimento); 
Período de funcionamento de 8 h às 18 h; 
Pessoal fixo de aproximadamente 1800 pessoas e 200 visitantes por dia; 
A edificação possui cinco elevadores em operação (três sociais, um de serviço e 
um privativo) e três desativados; 
Para fins de faturamento de energia elétrica, estão enquadrados na tarifa horo 
sazonal azul; 
A climatização da edificação é realizada de modo eficiente através do sistema 
variable refrigerant flow (VRF). O sistema opera na parte da manhã (8 h às 12 h) e 
da tarde (14 h às 18 h). Após estes períodos são realizadas duas varreduras, a 
primeira às 19 h, quando ocorre o desligamento do sistema, permitindo que o 
usuário ative o sistema individualmente e, a segunda às 20 h, quando ocorre a 
desativação do sistema; 
Possui um sistema ininterrupto de energia elétrica composto por um grupo motor 
gerador de 180/168 kVA, com sistema automático de acionamento - USCA, e um 
no-break para as cargas da sala cofre;",1428,1413
06_procel_eficiencia_edificios_publicos.pdf,Guia de Eficiência Energética em Edifícios Públicos,PROCEL / Ministério de Minas e Energia,relatorio_tecnico,eficiencia_energetica,2025,vigente,guia técnico,eficiência energética em edificações públicas,27," 
7 
 
 
 
Figura 1.14 – equipamentos do 
 
sistema de climatização 
 
instalados na cobertura 
Figura 1.15 – grupo motor gerador 
 
Possuem dois estabilizadores por pavimento, conectados aos equipamentos de 
informática; 
A interligação entre os painéis localizados no subsolo e os quadros de distribuição 
nos pavimentos é realizada através de condutores de cobre; 
Nos pavimentos a distribuição de energia elétrica é realizada através de quadros 
de distribuição localizados nos setores: norte, centro e sul; 
 
 
Figura 1.16 – estabilizadores 
utilizados  pelos equipamentos de 
 
informática 
Figura 1.17 – cabos de cobre 
 
utilizados na interligação 
 
entre os painéis de baixa 
 
tensão e os quadros de 
 
distribuição 
 
O sistema de iluminação do Ministério do Meio Ambiente não tem um padrão; 
uma parte de suas instalações já passou por um processo de revitalização e possui 
luminárias eficientes de alumínio anodizado com aletas compostas com 4 
lâmpadas fluorescentes tubulares de 16 W, na parte ainda não revitalizada as 
tecnologias existentes são as luminárias com uma ou duas lâmpadas fluorescente 
tubulares de 32 W e de 40 W, faz-se uso, também, de luminárias com lâmpadas 
",1196,"Figura 1.14 – equipamentos do 
 
sistema de climatização 
 
instalados na cobertura 
Figura 1.15 – grupo motor gerador 
 
Possuem dois estabilizadores por pavimento, conectados aos equipamentos de 
informática; 
A interligação entre os painéis localizados no subsolo e os quadros de distribuição 
nos pavimentos é realizada através de condutores de cobre; 
Nos pavimentos a distribuição de energia elétrica é realizada através de quadros 
de distribuição localizados nos setores: norte, centro e sul; 
 
 
Figura 1.16 – estabilizadores 
utilizados pelos equipamentos de 
 
informática 
Figura 1.17 – cabos de cobre 
 
utilizados na interligação 
 
entre os painéis de baixa 
 
tensão e os quadros de 
 
distribuição 
 
O sistema de iluminação do Ministério do Meio Ambiente não tem um padrão; 
uma parte de suas instalações já passou por um processo de revitalização e possui 
luminárias eficientes de alumínio anodizado com aletas compostas com 4 
lâmpadas fluorescentes tubulares de 16 W, na parte ainda não revitalizada as 
tecnologias existentes são as luminárias com uma ou duas lâmpadas fluorescente 
tubulares de 32 W e de 40 W, faz-se uso, também, de luminárias com lâmpadas",1196,1182
06_procel_eficiencia_edificios_publicos.pdf,Guia de Eficiência Energética em Edifícios Públicos,PROCEL / Ministério de Minas e Energia,relatorio_tecnico,eficiencia_energetica,2025,vigente,guia técnico,eficiência energética em edificações públicas,28," 
8 
 
dicroicas e lâmpadas fluorescentes compactas. Não existe sistema de iluminação 
de emergência.  
 
 
 
Figura 1.18 – equipamentos do sistema de iluminação do Ministério do Meio 
 
Ambiente 
 
O sistema de iluminação do Ministério da Cultura é um sistema de iluminação 
misto; suas instalações aparentam já ter passadas por um processo de 
revitalização e faz uso de luminárias eficientes antigas e com aspecto de baixa 
eficiência energética, compostas, em sua maioria, com uma ou duas lâmpadas 
fluorescentes tubulares T8 de 32 W; porém, nota-se, ainda a existência de 
luminárias compostas com lâmpadas fluorescentes tubulares T12 de 40 W. Faz-se 
uso, também, de luminárias com lâmpadas dicroicas e refletores com lâmpadas 
halógenas. Não existem luminárias de sinalização de rota de fuga no sistema de 
iluminação de emergência.  
 
 
 
Figura 1.19 – equipamentos do sistema de iluminação do Ministério da Cultura 
",926,"dicroicas e lâmpadas fluorescentes compactas. Não existe sistema de iluminação 
de emergência. 
 
 
 
Figura 1.18 – equipamentos do sistema de iluminação do Ministério do Meio 
 
Ambiente 
 
O sistema de iluminação do Ministério da Cultura é um sistema de iluminação 
misto; suas instalações aparentam já ter passadas por um processo de 
revitalização e faz uso de luminárias eficientes antigas e com aspecto de baixa 
eficiência energética, compostas, em sua maioria, com uma ou duas lâmpadas 
fluorescentes tubulares T8 de 32 W; porém, nota-se, ainda a existência de 
luminárias compostas com lâmpadas fluorescentes tubulares T12 de 40 W. Faz-se 
uso, também, de luminárias com lâmpadas dicroicas e refletores com lâmpadas 
halógenas. Não existem luminárias de sinalização de rota de fuga no sistema de 
iluminação de emergência. 
 
 
 
Figura 1.19 – equipamentos do sistema de iluminação do Ministério da Cultura",926,915
06_procel_eficiencia_edificios_publicos.pdf,Guia de Eficiência Energética em Edifícios Públicos,PROCEL / Ministério de Minas e Energia,relatorio_tecnico,eficiencia_energetica,2025,vigente,guia técnico,eficiência energética em edificações públicas,29," 
9 
 
2.3 Bloco F – Ministério da Previdência Social 
a. 
Características construtivas gerais: 
A edificação possui prédio anexo; 
O prédio anexo é da década de 1980 e ocupa uma área de aproximadamente 
45.000 m2, sendo 25.000 m² do prédio anexo e 20.000 m² do edifício sede; 
A cobertura é de laje coberta por telha de fibrocimento no edifício sede e telhas 
metálicas no edifício anexo; 
O prédio anexo é constituído de dois blocos com cinco pavimentos cada um deles; 
A estrutura das esquadrias do prédio anexo é de alumínio e vidro fumê de 8 mm 
de espessura. 
 
 
 
Figura 1.20 – vista lateral do prédio 
 
Anexo 
Figura 1.21 – passarela utilizada para 
 
interligar o prédio sede e 
 
os anexos 
 
b. 
Características operacionais e perfis de ocupação: 
O período de funcionamento é de 07 h 30 min às 21 h; 
Trabalham no edifício sede e nos prédios anexos aproximadamente 3.000 
pessoas; 
O edifício sede é ocupado pelos Ministérios da Previdência Social (6° ao 9° andar) 
e do Trabalho e Emprego (sobreloja ao 5o andar). Nos prédios anexos, o Ministério 
da Previdência Social ocupa a Ala A e o Ministério do Trabalho e Emprego a Ala B; 
Para fins de faturamento de energia elétrica, estão enquadrados na tarifa horo 
sazonal verde; 
Nos prédios anexos a climatização é realizada através de ar condicionado central 
com controle individualizado (estão trocando o equipamento por sistema 
hidrônico). O sistema funciona de 8 h 30 min às 18 h. 
No prédio sede a climatização é realizada através de aparelhos de ar condicionado 
tipo janela e splits, nos seis primeiros pavimentos, e do sétimo em diante através 
de sistema hidrônico. 
",1641,"2.3 Bloco F – Ministério da Previdência Social 
a. 
Características construtivas gerais: 
A edificação possui prédio anexo; 
O prédio anexo é da década de 1980 e ocupa uma área de aproximadamente 
45.000 m2, sendo 25.000 m² do prédio anexo e 20.000 m² do edifício sede; 
A cobertura é de laje coberta por telha de fibrocimento no edifício sede e telhas 
metálicas no edifício anexo; 
O prédio anexo é constituído de dois blocos com cinco pavimentos cada um deles; 
A estrutura das esquadrias do prédio anexo é de alumínio e vidro fumê de 8 mm 
de espessura. 
 
 
 
Figura 1.20 – vista lateral do prédio 
 
Anexo 
Figura 1.21 – passarela utilizada para 
 
interligar o prédio sede e 
 
os anexos 
 
b. 
Características operacionais e perfis de ocupação: 
O período de funcionamento é de 07 h 30 min às 21 h; 
Trabalham no edifício sede e nos prédios anexos aproximadamente 3.000 
pessoas; 
O edifício sede é ocupado pelos Ministérios da Previdência Social (6° ao 9° andar) 
e do Trabalho e Emprego (sobreloja ao 5o andar). Nos prédios anexos, o Ministério 
da Previdência Social ocupa a Ala A e o Ministério do Trabalho e Emprego a Ala B; 
Para fins de faturamento de energia elétrica, estão enquadrados na tarifa horo 
sazonal verde; 
Nos prédios anexos a climatização é realizada através de ar condicionado central 
com controle individualizado (estão trocando o equipamento por sistema 
hidrônico). O sistema funciona de 8 h 30 min às 18 h. 
No prédio sede a climatização é realizada através de aparelhos de ar condicionado 
tipo janela e splits, nos seis primeiros pavimentos, e do sétimo em diante através 
de sistema hidrônico.",1641,1632
06_procel_eficiencia_edificios_publicos.pdf,Guia de Eficiência Energética em Edifícios Públicos,PROCEL / Ministério de Minas e Energia,relatorio_tecnico,eficiencia_energetica,2025,vigente,guia técnico,eficiência energética em edificações públicas,30," 
10 
 
 
 
 
Figura 1.22 – equipamento de 
 
climatização utilizado nos 
 
seis primeiros pavimentos 
 
do prédio sede 
Figura 1.23 – equipamento de 
 
climatização atual dos 
 
prédios dos anexos 
 
As edificações possuem dois sistemas ininterruptos de energia elétrica, um para 
os prédios anexos e outro para o prédio sede, que suprem toda a carga. No prédio 
sede estão instalados três geradores de 750 kVA e nos anexos dois geradores de 
1.137 kVA. 
No prédio sede o no-break supre os equipamentos de informática e do CPD. Nos 
prédios anexos o no-break supre somente os equipamentos de informática. 
A interligação entre os painéis localizados no subsolo e os quadros de distribuição 
nos pavimentos é realizada através de barramento blindado trifásico; 
Nos pavimentos a distribuição de energia elétrica é realizada através de quadros 
de distribuição localizados nos setores: norte, centro e sul; 
O sistema de iluminação do prédio do Ministério da Previdência Social e 
Ministério do Trabalho é um sistema de iluminação misto; percorrendo suas 
instalações observam-se luminárias eficientes com aspecto de baixa eficiência 
energética e luminárias ineficientes, compostas com uma ou duas lâmpadas 
fluorescentes tubulares T8 de 32 W e lâmpadas fluorescentes tubulares T12 de 
40 W, respectivamente. Faz-se uso, também de luminárias eficientes com 
lâmpadas fluorescentes compactas. O prédio principal conta com um moderno 
sistema de controle de iluminação com tecnologia DALI® (Digital Addressable 
Lighting Interface) da empresa LUTRON. O prédio anexo do Ministério da 
Previdência Social encontra-se em fase de projeto para implantação de luminárias 
com tecnologia LED, em substituição às luminárias fluorescentes tubulares 
existentes. 
 
",1756,"Figura 1.22 – equipamento de 
 
climatização utilizado nos 
 
seis primeiros pavimentos 
 
do prédio sede 
Figura 1.23 – equipamento de 
 
climatização atual dos 
 
prédios dos anexos 
 
As edificações possuem dois sistemas ininterruptos de energia elétrica, um para 
os prédios anexos e outro para o prédio sede, que suprem toda a carga. No prédio 
sede estão instalados três geradores de 750 kVA e nos anexos dois geradores de 
1.137 kVA. 
No prédio sede o no-break supre os equipamentos de informática e do CPD. Nos 
prédios anexos o no-break supre somente os equipamentos de informática. 
A interligação entre os painéis localizados no subsolo e os quadros de distribuição 
nos pavimentos é realizada através de barramento blindado trifásico; 
Nos pavimentos a distribuição de energia elétrica é realizada através de quadros 
de distribuição localizados nos setores: norte, centro e sul; 
O sistema de iluminação do prédio do Ministério da Previdência Social e 
Ministério do Trabalho é um sistema de iluminação misto; percorrendo suas 
instalações observam-se luminárias eficientes com aspecto de baixa eficiência 
energética e luminárias ineficientes, compostas com uma ou duas lâmpadas 
fluorescentes tubulares T8 de 32 W e lâmpadas fluorescentes tubulares T12 de 
40 W, respectivamente. Faz-se uso, também de luminárias eficientes com 
lâmpadas fluorescentes compactas. O prédio principal conta com um moderno 
sistema de controle de iluminação com tecnologia DALI® (Digital Addressable 
Lighting Interface) da empresa LUTRON. O prédio anexo do Ministério da 
Previdência Social encontra-se em fase de projeto para implantação de luminárias 
com tecnologia LED, em substituição às luminárias fluorescentes tubulares 
existentes.",1756,1738
06_procel_eficiencia_edificios_publicos.pdf,Guia de Eficiência Energética em Edifícios Públicos,PROCEL / Ministério de Minas e Energia,relatorio_tecnico,eficiencia_energetica,2025,vigente,guia técnico,eficiência energética em edificações públicas,31," 
11 
 
 
 
Figura 1.24 – equipamentos do sistema de iluminação do Ministério da 
 
Previdência Social 
 
 
 
Figura 1.25 – equipamentos do sistema de iluminação do Ministério do 
 
Trabalho 
 
2.4 Advocacia-Geral da União – AGU 
a. 
Características construtivas gerais 
A edificação tem aproximadamente três anos e não é tombada; 
A edificação é composta por dois blocos, cada um com 14 pavimentos e quatro 
níveis de garagem no subsolo; 
Ocupam uma área total de aproximadamente 34.000 m2, sendo 28.000 m2 de 
área útil; 
O prédio apresenta formato retangular com as duas maiores fachadas voltadas 
para oeste e leste; 
 
",624,"Figura 1.24 – equipamentos do sistema de iluminação do Ministério da 
 
Previdência Social 
 
 
 
Figura 1.25 – equipamentos do sistema de iluminação do Ministério do 
 
Trabalho 
 
2.4 Advocacia-Geral da União – AGU 
a. 
Características construtivas gerais 
A edificação tem aproximadamente três anos e não é tombada; 
A edificação é composta por dois blocos, cada um com 14 pavimentos e quatro 
níveis de garagem no subsolo; 
Ocupam uma área total de aproximadamente 34.000 m2, sendo 28.000 m2 de 
área útil; 
O prédio apresenta formato retangular com as duas maiores fachadas voltadas 
para oeste e leste;",624,608
06_procel_eficiencia_edificios_publicos.pdf,Guia de Eficiência Energética em Edifícios Públicos,PROCEL / Ministério de Minas e Energia,relatorio_tecnico,eficiencia_energetica,2025,vigente,guia técnico,eficiência energética em edificações públicas,32," 
12 
 
Figura 1.26 – vista da fachada lateral 
 
do prédio 
Figura 1.27 – vista da frente do 
 
prédio 
 
b. 
Características da envoltória da edificação 
A estrutura das esquadrias é de alumínio, com vidro duplo transparente e película 
espelhada; 
Fazem uso de cortina; 
A cobertura é de laje sem telha; 
 
 
 
Figura 1.28 – cortina e divisórias 
 
utilizadas 
Figura 1.29 – vista interna do prédio 
 
c. 
Características operacionais e perfis de ocupação 
A edificação possui oito elevadores em operação (seis sociais, um de serviço e um 
privativo); 
O prédio é alugado; 
O horário de funcionamento é das 08 h às 18 h; 
Pessoal fixo de aproximadamente 1400 pessoas e 100 visitantes por dia; 
A climatização é realizada através de quatro chillers de água gelada com 
acionamento manual. O horário de operação é das 08 h às 17 h 45 min; 
 
",843,"Figura 1.26 – vista da fachada lateral 
 
do prédio 
Figura 1.27 – vista da frente do 
 
prédio 
 
b. 
Características da envoltória da edificação 
A estrutura das esquadrias é de alumínio, com vidro duplo transparente e película 
espelhada; 
Fazem uso de cortina; 
A cobertura é de laje sem telha; 
 
 
 
Figura 1.28 – cortina e divisórias 
 
utilizadas 
Figura 1.29 – vista interna do prédio 
 
c. 
Características operacionais e perfis de ocupação 
A edificação possui oito elevadores em operação (seis sociais, um de serviço e um 
privativo); 
O prédio é alugado; 
O horário de funcionamento é das 08 h às 18 h; 
Pessoal fixo de aproximadamente 1400 pessoas e 100 visitantes por dia; 
A climatização é realizada através de quatro chillers de água gelada com 
acionamento manual. O horário de operação é das 08 h às 17 h 45 min;",843,831
06_procel_eficiencia_edificios_publicos.pdf,Guia de Eficiência Energética em Edifícios Públicos,PROCEL / Ministério de Minas e Energia,relatorio_tecnico,eficiencia_energetica,2025,vigente,guia técnico,eficiência energética em edificações públicas,33," 
13 
 
 
 
Figura 1.30 – fotos dos equipamentos do sistema de climatização instalados 
 
na cobertura 
 
Não possuem sistema supervisório de energia elétrica, nem medidores de energia 
elétrica para cada um dos sistemas (iluminação, climatização e informática); 
Cada pavimento possui um medidor de energia elétrica, totalizando 28 
equipamentos; 
A interligação entre os painéis localizados no subsolo e os quadros de distribuição 
nos pavimentos é realizada através de barramento blindado trifásico; 
Nos pavimentos, a distribuição de energia elétrica é realizada através de três 
quadros de distribuição (ar condicionado, iluminação e rede estabilizada); 
 
 
 
Figura 1.31 – saída do barramento 
 
blindado do painel de 
 
baixa tensão localizado 
 
próximo à subestação 
Figura 1.32 – conexão do 
 
barramento blindado 
 
aos medidores de 
energia elétrica 
 
A subestação é de responsabilidade da concessionária de energia elétrica com 
tensão de entrada de 13.200 V e fica localizada no subsolo, junto aos painéis de 
distribuição de energia elétrica; 
",1061,"Figura 1.30 – fotos dos equipamentos do sistema de climatização instalados 
 
na cobertura 
 
Não possuem sistema supervisório de energia elétrica, nem medidores de energia 
elétrica para cada um dos sistemas (iluminação, climatização e informática); 
Cada pavimento possui um medidor de energia elétrica, totalizando 28 
equipamentos; 
A interligação entre os painéis localizados no subsolo e os quadros de distribuição 
nos pavimentos é realizada através de barramento blindado trifásico; 
Nos pavimentos, a distribuição de energia elétrica é realizada através de três 
quadros de distribuição (ar condicionado, iluminação e rede estabilizada); 
 
 
 
Figura 1.31 – saída do barramento 
 
blindado do painel de 
 
baixa tensão localizado 
 
próximo à subestação 
Figura 1.32 – conexão do 
 
barramento blindado 
 
aos medidores de 
energia elétrica 
 
A subestação é de responsabilidade da concessionária de energia elétrica com 
tensão de entrada de 13.200 V e fica localizada no subsolo, junto aos painéis de 
distribuição de energia elétrica;",1061,1047
06_procel_eficiencia_edificios_publicos.pdf,Guia de Eficiência Energética em Edifícios Públicos,PROCEL / Ministério de Minas e Energia,relatorio_tecnico,eficiencia_energetica,2025,vigente,guia técnico,eficiência energética em edificações públicas,34," 
14 
 
Possui um sistema ininterrupto de energia elétrica composto por um grupo motor 
gerador de 380 kVA, com sistema automático de acionamento - USCA, conectado 
as cargas de emergência, elevadores, sistema de incêndio e iluminação de 
emergência; 
O no-break fica localizado no subsolo e supre todos os equipamentos de 
informática; 
 
 
Figura 1.33 – no-break utilizado pelos 
 
equipamentos de 
 
informática 
Figura 1.34 – grupo motor gerador 
 
utilizado para suprir 
 
cargas essencial 
 
O sistema de iluminação do prédio da Advocacia Geral da União é um sistema de 
iluminação novo; percorrendo suas instalações observam-se luminárias eficientes 
com aspecto de alta eficiência luminosa, compostas com duas lâmpadas 
fluorescentes tubulares T5 de 28 W, faz-se uso, também, de luminárias eficientes 
com lâmpadas fluorescentes compactas. No subsolo do prédio observam-se 
luminárias eficientes com lâmpadas fluorescentes tubulares T8 de 32 W. O prédio 
não é provido de sistema de iluminação de emergência. 
 
 
 
Figura 1.35 – equipamentos do sistema de iluminação do prédio da Advocacia 
 
Geral da União 
",1119,"Possui um sistema ininterrupto de energia elétrica composto por um grupo motor 
gerador de 380 kVA, com sistema automático de acionamento - USCA, conectado 
as cargas de emergência, elevadores, sistema de incêndio e iluminação de 
emergência; 
O no-break fica localizado no subsolo e supre todos os equipamentos de 
informática; 
 
 
Figura 1.33 – no-break utilizado pelos 
 
equipamentos de 
 
informática 
Figura 1.34 – grupo motor gerador 
 
utilizado para suprir 
 
cargas essencial 
 
O sistema de iluminação do prédio da Advocacia Geral da União é um sistema de 
iluminação novo; percorrendo suas instalações observam-se luminárias eficientes 
com aspecto de alta eficiência luminosa, compostas com duas lâmpadas 
fluorescentes tubulares T5 de 28 W, faz-se uso, também, de luminárias eficientes 
com lâmpadas fluorescentes compactas. No subsolo do prédio observam-se 
luminárias eficientes com lâmpadas fluorescentes tubulares T8 de 32 W. O prédio 
não é provido de sistema de iluminação de emergência. 
 
 
 
Figura 1.35 – equipamentos do sistema de iluminação do prédio da Advocacia 
 
Geral da União",1119,1109
06_procel_eficiencia_edificios_publicos.pdf,Guia de Eficiência Energética em Edifícios Públicos,PROCEL / Ministério de Minas e Energia,relatorio_tecnico,eficiencia_energetica,2025,vigente,guia técnico,eficiência energética em edificações públicas,35," 
15 
 
3 Conclusão 
De uma forma geral, é possível observar que todos os prédios visitados já 
possuem equipamentos e sistemas com a finalidade de reduzir o consumo de 
energia elétrica. 
Quanto à tarifa de energia elétrica, todos são classificados como Poder Público e 
são enquadrados em modalidades tarifárias distintas. Os Blocos C e F estão 
enquadrados na modalidade tarifária horossazonal verde, o Bloco B enquadrado 
na modalidade tarifária horossazonal azul e o prédio da Advocacia-Geral da União 
enquadrado na modalidade tarifária convencional monômia. 
No sistema de iluminação observa-se que existe uma diversificação do tipo de 
tecnologia utilizada. Enquanto alguns prédios (Ministério do Desenvolvimento 
Social e Combate a Fome e alguns ambientes do Ministério do meio ambiente e 
da Advocacia-Geral da União) utilizam lâmpadas muito eficientes (T8 de 16 W e T5 
de 28 W), outros fazem uso de tecnologias menos eficientes (lâmpadas 
fluorescentes tubulares de 32 W e, em alguns ambientes com lâmpadas de 40W). 
O prédio principal do Ministério da Previdência Social faz uso de um moderno 
sistema de controle de iluminação com tecnologia DALI®. (Digital Addressable 
Lighting Interface), que é mais eficiente que os demais, uma vez que este sistema 
faz uso de sensores de presença para o gerenciamento dos equipamentos de 
iluminação com o aproveitamento da luz natural disponível no ambiente. 
O sistema de climatização também é bastante diversificado. Os Blocos C e F fazem 
uso de mais de uma tecnologia (ar-condicionado de janela, splits, máquinas self – 
Bloco C e ar-condicionado de janela, splits e sistema hidrônico2 – Bloco F). O Bloco 
B utiliza uma tecnologia eficiente através do sistema variable refrigerant flow 
(VRF), sendo este o mais eficiente de todos. O sistema opera na parte da manhã 
(8 h às 12 h) e da tarde (14 h às 18 h). Na edificação da Advocacia-Geral da União 
a climatização é realizada através de chillers, localizados na cobertura do prédio. 
Todas as edificações possuem sistema ininterrupto de energia elétrica com grupos 
motor-gerador e no-breaks. Com exceção do Bloco F (Ministérios da Previdência 
Social e do Trabalho), onde todas as cargas estão conectadas ao grupo motor-
gerador, as demais edificações fazem uso de grupo motor gerador para suprir 
somente as cargas essenciais. Quanto ao uso de no-break, todos os equipamentos 
de informática do Bloco F e da Advocacia-Geral da União estão conectados a no-
breaks. Os Blocos B e C fazem uso de no-breaks somente para cargas essenciais 
(CPD e outras). 
                                                          
2 Sistema hidrônico: sistema composto por uma unidade resfriadora de líquido (chiller 
quente e frio) e fan-coils de ambiente com controle individual de temperatura. Cada 
ambiente possui condicionamento local e individual por fan-coils de instalação na parede, 
teto ou no forro. Além disso, tal sistema é ecologicamente correto, por utilizar água 
quente ou fria como condutor de fluido entre os equipamentos, ao invés  de CFC’s. 
",3057,"3 Conclusão 
De uma forma geral, é possível observar que todos os prédios visitados já 
possuem equipamentos e sistemas com a finalidade de reduzir o consumo de 
energia elétrica. 
Quanto à tarifa de energia elétrica, todos são classificados como Poder Público e 
são enquadrados em modalidades tarifárias distintas. Os Blocos C e F estão 
enquadrados na modalidade tarifária horossazonal verde, o Bloco B enquadrado 
na modalidade tarifária horossazonal azul e o prédio da Advocacia-Geral da União 
enquadrado na modalidade tarifária convencional monômia. 
No sistema de iluminação observa-se que existe uma diversificação do tipo de 
tecnologia utilizada. Enquanto alguns prédios (Ministério do Desenvolvimento 
Social e Combate a Fome e alguns ambientes do Ministério do meio ambiente e 
da Advocacia-Geral da União) utilizam lâmpadas muito eficientes (T8 de 16 W e T5 
de 28 W), outros fazem uso de tecnologias menos eficientes (lâmpadas 
fluorescentes tubulares de 32 W e, em alguns ambientes com lâmpadas de 40W). 
O prédio principal do Ministério da Previdência Social faz uso de um moderno 
sistema de controle de iluminação com tecnologia DALI®. (Digital Addressable 
Lighting Interface), que é mais eficiente que os demais, uma vez que este sistema 
faz uso de sensores de presença para o gerenciamento dos equipamentos de 
iluminação com o aproveitamento da luz natural disponível no ambiente. 
O sistema de climatização também é bastante diversificado. Os Blocos C e F fazem 
uso de mais de uma tecnologia (ar-condicionado de janela, splits, máquinas self – 
Bloco C e ar-condicionado de janela, splits e sistema hidrônico2 – Bloco F). O Bloco 
B utiliza uma tecnologia eficiente através do sistema variable refrigerant flow 
(VRF), sendo este o mais eficiente de todos. O sistema opera na parte da manhã 
(8 h às 12 h) e da tarde (14 h às 18 h). Na edificação da Advocacia-Geral da União 
a climatização é realizada através de chillers, localizados na cobertura do prédio. 
Todas as edificações possuem sistema ininterrupto de energia elétrica com grupos 
motor-gerador e no-breaks. Com exceção do Bloco F (Ministérios da Previdência 
Social e do Trabalho), onde todas as cargas estão conectadas ao grupo motor-
gerador, as demais edificações fazem uso de grupo motor gerador para suprir 
somente as cargas essenciais. Quanto ao uso de no-break, todos os equipamentos 
de informática do Bloco F e da Advocacia-Geral da União estão conectados a no-
breaks. Os Blocos B e C fazem uso de no-breaks somente para cargas essenciais 
(CPD e outras). 
 
2 Sistema hidrônico: sistema composto por uma unidade resfriadora de líquido (chiller 
quente e frio) e fan-coils de ambiente com controle individual de temperatura. Cada 
ambiente possui condicionamento local e individual por fan-coils de instalação na parede, 
teto ou no forro. Além disso, tal sistema é ecologicamente correto, por utilizar água 
quente ou fria como condutor de fluido entre os equipamentos, ao invés de CFC’s.",3057,2989
06_procel_eficiencia_edificios_publicos.pdf,Guia de Eficiência Energética em Edifícios Públicos,PROCEL / Ministério de Minas e Energia,relatorio_tecnico,eficiencia_energetica,2025,vigente,guia técnico,eficiência energética em edificações públicas,36," 
16 
 
Como pode ser observado existem diversas práticas adotadas nos diferentes 
prédios visitados. Há práticas eficientes e ineficientes sendo adotadas nos 
sistemas energéticos, havendo espaços para melhorias. 
No que se refere às instalações elétricas dos prédios visitados, as condições 
observadas de todos pareceram razoáveis, não comprometendo o desempenho 
energético do prédio com perdas significativas que poderiam ser causadas por 
conexões mal feitas etc. 
 
 
 
 
 
 
 
",485,"Como pode ser observado existem diversas práticas adotadas nos diferentes 
prédios visitados. Há práticas eficientes e ineficientes sendo adotadas nos 
sistemas energéticos, havendo espaços para melhorias. 
No que se refere às instalações elétricas dos prédios visitados, as condições 
observadas de todos pareceram razoáveis, não comprometendo o desempenho 
energético do prédio com perdas significativas que poderiam ser causadas por 
conexões mal feitas etc.",485,461
06_procel_eficiencia_edificios_publicos.pdf,Guia de Eficiência Energética em Edifícios Públicos,PROCEL / Ministério de Minas e Energia,relatorio_tecnico,eficiencia_energetica,2025,vigente,guia técnico,eficiência energética em edificações públicas,37,"17 
Parte II – Noções gerais de eficiência energética em 
edificações e seus sistemas3 
Esta parte busca prover o administrador da edificação dos conceitos básicos da 
eficiência energética de cada um de seus sistemas. Esta temática é também 
abordada no livro Conservação de Energia – Eficiência Energética de 
Equipamentos e Instalações e no Manual de Prédios Eficientes em Energia 
Elétrica. 
1. Instalações Elétricas–Caracterização Administrativa
– Contratação de fornecimento de energia elétrica
1.1 Introdução 
A compreensão da forma como é cobrada a energia elétrica e como são 
calculados os valores apresentados nas faturas de energia elétrica, emitidas 
mensalmente pelas concessionárias de energia elétrica, são fundamentais para a 
tomada de decisão em relação a projetos de eficiência energética. 
O Manual de Tarifação da Energia Elétrica, e o manual Energia Elétrica: Conceitos, 
Qualidade, Tarifação também abordam este tema. 
Através da análise das faturas de energia elétrica por um período de no mínimo 
vinte e quatro meses, das informações de consumo (kWh) e demanda kW, (esta 
última disponível somente para clientes que fazem uso da tarifa binômia), é 
possível estudar a relação entre hábitos e consumo de uma dada instalação: 
comercial, residencial ou industrial. 
O resultado obtido neste estudo é importante também para verificar se a relação 
contratual entre o cliente e a empresa concessionária está adequada e obter uma 
base de dados para comparação futura do consumo de energia elétrica. 
1.2 Legislação vigente 
A Resolução 414 da Aneel de 9 de setembro de 2010, que revoga a Resolução 456 
da Aneel de 29 de novembro de 2000, é o documento que estabelece, de forma 
atualizada e consolidada, as condições gerais de fornecimento de energia elétrica. 
3 Neste documento, as unidades de medida foram inseridas conforme disposto no Quadro 
Geral de Unidades de Medida adotado pelo Brasil, conforme descrito na Portaria nº 590, 
de 02 de dezembro de 2013. 
",1989,"Parte II – Noções gerais de eficiência energética em 
edificações e seus sistemas3 
Esta parte busca prover o administrador da edificação dos conceitos básicos da 
eficiência energética de cada um de seus sistemas. Esta temática é também 
abordada no livro Conservação de Energia – Eficiência Energética de 
Equipamentos e Instalações e no Manual de Prédios Eficientes em Energia 
Elétrica. 
1. Instalações Elétricas–Caracterização Administrativa
– Contratação de fornecimento de energia elétrica
1.1 Introdução 
A compreensão da forma como é cobrada a energia elétrica e como são 
calculados os valores apresentados nas faturas de energia elétrica, emitidas 
mensalmente pelas concessionárias de energia elétrica, são fundamentais para a 
tomada de decisão em relação a projetos de eficiência energética. 
O Manual de Tarifação da Energia Elétrica, e o manual Energia Elétrica: Conceitos, 
Qualidade, Tarifação também abordam este tema. 
Através da análise das faturas de energia elétrica por um período de no mínimo 
vinte e quatro meses, das informações de consumo (kWh) e demanda kW, (esta 
última disponível somente para clientes que fazem uso da tarifa binômia), é 
possível estudar a relação entre hábitos e consumo de uma dada instalação: 
comercial, residencial ou industrial. 
O resultado obtido neste estudo é importante também para verificar se a relação 
contratual entre o cliente e a empresa concessionária está adequada e obter uma 
base de dados para comparação futura do consumo de energia elétrica. 
1.2 Legislação vigente 
A Resolução 414 da Aneel de 9 de setembro de 2010, que revoga a Resolução 456 
da Aneel de 29 de novembro de 2000, é o documento que estabelece, de forma 
atualizada e consolidada, as condições gerais de fornecimento de energia elétrica. 
3 Neste documento, as unidades de medida foram inseridas conforme disposto no Quadro 
Geral de Unidades de Medida adotado pelo Brasil, conforme descrito na Portaria nº 590, 
de 02 de dezembro de 2013.",1989,1983
06_procel_eficiencia_edificios_publicos.pdf,Guia de Eficiência Energética em Edifícios Públicos,PROCEL / Ministério de Minas e Energia,relatorio_tecnico,eficiencia_energetica,2025,vigente,guia técnico,eficiência energética em edificações públicas,38,"18 
1.3 Definições e Conceitos 
Para a compreensão dos assuntos tratados neste Manual é necessário conhecer 
alguns conceitos e definições: 
Consumo de energia elétrica: quantidade de potência elétrica (kW) consumida 
em um intervalo de tempo, expresso em quilowatt-hora (kW∙h) ou em pacotes de 
1000 unidades (MW∙h). No caso de um equipamento elétrico o valor é obtido 
através do produto da potência do equipamento pelo seu período de utilização e, 
em uma instalação residencial, comercial ou industrial, através da soma do 
produto da demanda medida pelo período de integração. 
Demanda: média das potências elétricas ativas ou reativas, solicitadas ao sistema 
elétrico pela parcela da carga instalada em operação na unidade consumidora, 
durante um intervalo de tempo especificado. 
Demanda contratada: demanda de potência ativa a ser obrigatoriamente e 
continuamente disponibilizada pela concessionária, no ponto de entrega, 
conforme valor e período de vigência no contrato de fornecimento e que deverá 
ser integralmente paga, seja ou não utilizada durante o período de faturamento, 
expressa em quilowatts (kW). 
Demanda de ultrapassagem: parcela da demanda medida que excede o valor da 
demanda contratada, expressa em quilowatts (kW). 
Demanda faturável: valor da demanda de potência ativa, identificada de acordo 
com os critérios estabelecidos e considerada para fins de faturamento, com 
aplicação da respectiva tarifa, expressa em quilowatts (kW). 
Demanda medida: maior demanda de potência ativa, verificada por medição, 
integralizada no intervalo de 15 (quinze) minutos durante o período de 
faturamento, expressa em quilowatts (kW). 
Energia elétrica: de forma simplificada, é o produto da potência elétrica pelo 
intervalo de tempo de utilização de um equipamento ou de funcionamento de 
uma instalação (residencial, comercial, ou industrial). 
Fatura de energia elétrica: nota fiscal que apresenta a quantia total que deve ser 
paga pela prestação do serviço público de energia elétrica, referente a um 
período especificado, discriminando as parcelas correspondentes. 
Horário de ponta: é o período de 3 (três) horas consecutivas exceto sábados, 
domingos e feriados nacionais, definido pela concessionária, em função das 
características de seu sistema elétrico. Em algumas modalidades tarifárias, nesse 
horário a demanda e o consumo de energia elétrica têm preços mais elevados. 
Horário fora de ponta: corresponde às demais 21 horas do dia, que não sejam às 
referentes ao horário de ponta. 
",2520,"1.3 Definições e Conceitos 
Para a compreensão dos assuntos tratados neste Manual é necessário conhecer 
alguns conceitos e definições: 
Consumo de energia elétrica: quantidade de potência elétrica (kW) consumida 
em um intervalo de tempo, expresso em quilowatt-hora (kW∙h) ou em pacotes de 
1000 unidades (MW∙h). No caso de um equipamento elétrico o valor é obtido 
através do produto da potência do equipamento pelo seu período de utilização e, 
em uma instalação residencial, comercial ou industrial, através da soma do 
produto da demanda medida pelo período de integração. 
Demanda: média das potências elétricas ativas ou reativas, solicitadas ao sistema 
elétrico pela parcela da carga instalada em operação na unidade consumidora, 
durante um intervalo de tempo especificado. 
Demanda contratada: demanda de potência ativa a ser obrigatoriamente e 
continuamente disponibilizada pela concessionária, no ponto de entrega, 
conforme valor e período de vigência no contrato de fornecimento e que deverá 
ser integralmente paga, seja ou não utilizada durante o período de faturamento, 
expressa em quilowatts (kW). 
Demanda de ultrapassagem: parcela da demanda medida que excede o valor da 
demanda contratada, expressa em quilowatts (kW). 
Demanda faturável: valor da demanda de potência ativa, identificada de acordo 
com os critérios estabelecidos e considerada para fins de faturamento, com 
aplicação da respectiva tarifa, expressa em quilowatts (kW). 
Demanda medida: maior demanda de potência ativa, verificada por medição, 
integralizada no intervalo de 15 (quinze) minutos durante o período de 
faturamento, expressa em quilowatts (kW). 
Energia elétrica: de forma simplificada, é o produto da potência elétrica pelo 
intervalo de tempo de utilização de um equipamento ou de funcionamento de 
uma instalação (residencial, comercial, ou industrial). 
Fatura de energia elétrica: nota fiscal que apresenta a quantia total que deve ser 
paga pela prestação do serviço público de energia elétrica, referente a um 
período especificado, discriminando as parcelas correspondentes. 
Horário de ponta: é o período de 3 (três) horas consecutivas exceto sábados, 
domingos e feriados nacionais, definido pela concessionária, em função das 
características de seu sistema elétrico. Em algumas modalidades tarifárias, nesse 
horário a demanda e o consumo de energia elétrica têm preços mais elevados. 
Horário fora de ponta: corresponde às demais 21 horas do dia, que não sejam às 
referentes ao horário de ponta.",2520,2514
06_procel_eficiencia_edificios_publicos.pdf,Guia de Eficiência Energética em Edifícios Públicos,PROCEL / Ministério de Minas e Energia,relatorio_tecnico,eficiencia_energetica,2025,vigente,guia técnico,eficiência energética em edificações públicas,39,"19 
Período seco: período compreendido pelos meses de maio a novembro (7 meses). 
É, geralmente, um período com poucas chuvas. Em algumas modalidades, as 
tarifas deste período apresentam valores mais elevados. 
Período úmido: período compreendido pelos meses de dezembro a abril (5 
meses). É, geralmente, o período com mais chuvas. 
Potência: quantidade de energia elétrica solicitada na unidade de tempo. A 
potência vem escrita nos manuais dos aparelhos, sendo expressa em watts (W) ou 
quilowatts (kW), que corresponde a 1.000 watts. 
Tarifa: preço da unidade de energia elétrica (R$/MW∙h) e/ou da demanda de 
potência ativa (R$/kW). 
Tarifa binômia: conjunto de tarifas de fornecimento, constituído por preços 
aplicáveis ao consumo de energia elétrica ativa (kW∙h) e à demanda faturável 
(kW). Esta modalidade é aplicada aos consumidores do Grupo A. 
Tarifa monômia: tarifa de fornecimento de energia elétrica, constituída por 
preços aplicáveis unicamente ao consumo de energia elétrica ativa (kW∙h). Esta 
tarifa é aplicada aos consumidores do Grupo B (baixa tensão). 
1.4 Grupos tarifários 
No Brasil, as unidades consumidoras são classificadas em dois grupos tarifários: 
grupo A, que tem tarifa binômia e grupo B, que tem tarifa monômia. O 
agrupamento é definido, principalmente, em função do nível de tensão em que 
são atendidos e também, como consequência, em função da demanda (kW). 
Os consumidores atendidos em alta tensão, acima de 2.300 volts, como indústrias, 
shopping centers e alguns edifícios comerciais, são classificados no grupo A. 
Esse grupo é subdividido de acordo com a tensão de atendimento, como 
mostrado a seguir. 
 Subgrupo A1 - para o nível de tensão de 230 kV ou mais; 
 Subgrupo A2 - para o nível de tensão de 88 kV a 138 kV; 
 Subgrupo A3 - para o nível de tensão de 69 kV; 
 Subgrupo A3a - para o nível de tensão de 30 kV a 44 kV; 
 Subgrupo A4 - para o nível de tensão de 2,3 kV a 25 kV; 
 Subgrupo AS - tensão de fornecimento inferior a 2,3 kV, a partir de 
sistema subterrâneo de distribuição. 
Os poucos prédios públicos classificados no grupo A, em geral estão no subgrupo 
A4. 
As unidades consumidoras atendidas em tensão abaixo de 2.300 volts são 
classificadas no grupo B (baixa tensão). Em geral, estão nesta classe as 
residências, lojas, agências bancárias, pequenas oficinas, edifícios residenciais, 
",2363,"Período seco: período compreendido pelos meses de maio a novembro (7 meses). 
É, geralmente, um período com poucas chuvas. Em algumas modalidades, as 
tarifas deste período apresentam valores mais elevados. 
Período úmido: período compreendido pelos meses de dezembro a abril (5 
meses). É, geralmente, o período com mais chuvas. 
Potência: quantidade de energia elétrica solicitada na unidade de tempo. A 
potência vem escrita nos manuais dos aparelhos, sendo expressa em watts (W) ou 
quilowatts (kW), que corresponde a 1.000 watts. 
Tarifa: preço da unidade de energia elétrica (R$/MW∙h) e/ou da demanda de 
potência ativa (R$/kW). 
Tarifa binômia: conjunto de tarifas de fornecimento, constituído por preços 
aplicáveis ao consumo de energia elétrica ativa (kW∙h) e à demanda faturável 
(kW). Esta modalidade é aplicada aos consumidores do Grupo A. 
Tarifa monômia: tarifa de fornecimento de energia elétrica, constituída por 
preços aplicáveis unicamente ao consumo de energia elétrica ativa (kW∙h). Esta 
tarifa é aplicada aos consumidores do Grupo B (baixa tensão). 
1.4 Grupos tarifários 
No Brasil, as unidades consumidoras são classificadas em dois grupos tarifários: 
grupo A, que tem tarifa binômia e grupo B, que tem tarifa monômia. O 
agrupamento é definido, principalmente, em função do nível de tensão em que 
são atendidos e também, como consequência, em função da demanda (kW). 
Os consumidores atendidos em alta tensão, acima de 2.300 volts, como indústrias, 
shopping centers e alguns edifícios comerciais, são classificados no grupo A. 
Esse grupo é subdividido de acordo com a tensão de atendimento, como 
mostrado a seguir. 
 Subgrupo A1 - para o nível de tensão de 230 kV ou mais; 
 Subgrupo A2 - para o nível de tensão de 88 kV a 138 kV; 
 Subgrupo A3 - para o nível de tensão de 69 kV; 
 Subgrupo A3a - para o nível de tensão de 30 kV a 44 kV; 
 Subgrupo A4 - para o nível de tensão de 2,3 kV a 25 kV; 
 Subgrupo AS - tensão de fornecimento inferior a 2,3 kV, a partir de 
sistema subterrâneo de distribuição. 
Os poucos prédios públicos classificados no grupo A, em geral estão no subgrupo 
A4. 
As unidades consumidoras atendidas em tensão abaixo de 2.300 volts são 
classificadas no grupo B (baixa tensão). Em geral, estão nesta classe as 
residências, lojas, agências bancárias, pequenas oficinas, edifícios residenciais,",2363,2357
06_procel_eficiencia_edificios_publicos.pdf,Guia de Eficiência Energética em Edifícios Públicos,PROCEL / Ministério de Minas e Energia,relatorio_tecnico,eficiencia_energetica,2025,vigente,guia técnico,eficiência energética em edificações públicas,40,"20 
grande parte dos edifícios comerciais e a maioria dos prédios públicos federais, 
uma vez que, na sua maioria são atendidos nas tensões de 127 ou 220 volts. 
O grupo B é dividido em subgrupos, de acordo com a atividade do consumidor, 
conforme apresentados a seguir: 
 Subgrupo B1 – residencial e residencial baixa renda; 
 Subgrupo B2 – rural e cooperativa de eletrificação rural; 
 Subgrupo B3 – demais classes; 
 Subgrupo B4 – iluminação pública. 
1.5 Modalidade tarifária 
Define-se modalidade tarifária como sendo o conjunto de tarifas aplicáveis aos 
componentes de consumo de energia elétrica e/ou demanda de potência ativa, de 
acordo com a modalidade de fornecimento. 
No Brasil, as tarifas do grupo A são constituídas por três modalidades de 
fornecimento, relacionadas a seguir: 
 Estrutura tarifária convencional;  
 Estrutura tarifária horossazonal verde; ou, 
 Estrutura tarifária horossazonal azul.  
1.5.1 Estrutura Tarifária Convencional 
O enquadramento na estrutura tarifária convencional exige um contrato 
específico com a concessionária, no qual se pactua um único valor da demanda 
pretendida pelo consumidor (demanda contratada), independentemente da 
hora do dia (ponta ou fora de ponta) ou período do ano (seco ou úmido). 
Os consumidores do grupo A, subgrupos A3a, A4 ou AS, podem ser 
enquadrados na estrutura tarifária Convencional quando a demanda 
contratada for inferior a 300 kW. 
A fatura de energia elétrica desses consumidores é composta da soma de 
parcelas referentes ao consumo, demanda e, caso exista, demanda de 
ultrapassagem. 
A parcela de consumo (Pconsumo) é calculada multiplicando-se o consumo 
medido pela tarifa de consumo, conforme apresentado na expressão 1.1: 
Pconsumo = Tarifa de Consumo x Consumo Medido 
(1.1) 
A parcela de demanda (Pdemanda) é calculada multiplicando-se a tarifa de 
demanda pela demanda contratada ou pela demanda medida (a maior delas), 
caso esta não ultrapasse em 5% a demanda contratada, conforme apresentado 
na expressão 1.2: 
",2019,"grande parte dos edifícios comerciais e a maioria dos prédios públicos federais, 
uma vez que, na sua maioria são atendidos nas tensões de 127 ou 220 volts. 
O grupo B é dividido em subgrupos, de acordo com a atividade do consumidor, 
conforme apresentados a seguir: 
 Subgrupo B1 – residencial e residencial baixa renda; 
 Subgrupo B2 – rural e cooperativa de eletrificação rural; 
 Subgrupo B3 – demais classes; 
 Subgrupo B4 – iluminação pública. 
1.5 Modalidade tarifária 
Define-se modalidade tarifária como sendo o conjunto de tarifas aplicáveis aos 
componentes de consumo de energia elétrica e/ou demanda de potência ativa, de 
acordo com a modalidade de fornecimento. 
No Brasil, as tarifas do grupo A são constituídas por três modalidades de 
fornecimento, relacionadas a seguir: 
 Estrutura tarifária convencional; 
 Estrutura tarifária horossazonal verde; ou, 
 Estrutura tarifária horossazonal azul. 
1.5.1 Estrutura Tarifária Convencional 
O enquadramento na estrutura tarifária convencional exige um contrato 
específico com a concessionária, no qual se pactua um único valor da demanda 
pretendida pelo consumidor (demanda contratada), independentemente da 
hora do dia (ponta ou fora de ponta) ou período do ano (seco ou úmido). 
Os consumidores do grupo A, subgrupos A3a, A4 ou AS, podem ser 
enquadrados na estrutura tarifária Convencional quando a demanda 
contratada for inferior a 300 kW. 
A fatura de energia elétrica desses consumidores é composta da soma de 
parcelas referentes ao consumo, demanda e, caso exista, demanda de 
ultrapassagem. 
A parcela de consumo (Pconsumo) é calculada multiplicando-se o consumo 
medido pela tarifa de consumo, conforme apresentado na expressão 1.1: 
Pconsumo = Tarifa de Consumo x Consumo Medido 
(1.1) 
A parcela de demanda (Pdemanda) é calculada multiplicando-se a tarifa de 
demanda pela demanda contratada ou pela demanda medida (a maior delas), 
caso esta não ultrapasse em 5% a demanda contratada, conforme apresentado 
na expressão 1.2:",2019,2011
06_procel_eficiencia_edificios_publicos.pdf,Guia de Eficiência Energética em Edifícios Públicos,PROCEL / Ministério de Minas e Energia,relatorio_tecnico,eficiencia_energetica,2025,vigente,guia técnico,eficiência energética em edificações públicas,41,"21 
Pdemanda = Tarifa de Demanda x Demanda contratada 
(1.2) 
A parcela de ultrapassagem (Pultrapassagem) é cobrada apenas quando a demanda 
medida ultrapassa em mais de 5% a demanda contratada. Calcula-se 
multiplicando o valor da demanda medida que supera a demanda contratada 
pela tarifa de ultrapassagem (valor dobrado da tarifa de demanda contratada), 
conforme apresentado na expressão 1.3: 
PULTRAPASSAGEM = [Demanda Medida – Demanda contratada] x 2 x 
x Tarifa de Demanda 
(1.3) 
1.5.2 Estrutura tarifária horossazonal verde 
A opção de enquadramento na estrutura tarifária verde somente é possível 
para as unidades consumidoras do grupo A, subgrupos A3a, A4 e AS. 
Essa modalidade tarifária exige um contrato específico com a concessionária, 
no qual se pactua a demanda pretendida pelo consumidor (demanda 
contratada), independentemente da hora do dia (ponta ou fora de ponta) e do 
período do ano (período seco ou úmido). 
A fatura de energia elétrica desses consumidores é composta da soma de 
parcelas referentes ao consumo (na ponta e fora dela), demanda e 
ultrapassagem. 
A parcela de consumo (Pconsumo) é calculada através da expressão 1.4, 
observando-se, nas tarifas, o período do ano: 
Pconsumo = Tarifa de Consumo na ponta x Consumo Medido na Ponta +
+Tarifa de Consumo fora de Ponta x Consumo Medido fora de 
Ponta 
(1.4) 
No período seco (maio a novembro) as tarifas de consumo na ponta e fora de 
ponta são mais caras que no período úmido. 
A parcela de demanda (Pdemanda) é calculada multiplicando-se a tarifa de 
demanda pela demanda contratada ou pela demanda medida (a maior delas), 
caso esta não ultrapasse em mais de 5% a demanda contratada, conforme 
apresentado na expressão 1.5: 
Pdemanda = Tarifa de Demanda x Demanda contratada 
(1.5) 
",1775,"Pdemanda = Tarifa de Demanda x Demanda contratada 
(1.2) 
A parcela de ultrapassagem (Pultrapassagem) é cobrada apenas quando a demanda 
medida ultrapassa em mais de 5% a demanda contratada. Calcula-se 
multiplicando o valor da demanda medida que supera a demanda contratada 
pela tarifa de ultrapassagem (valor dobrado da tarifa de demanda contratada), 
conforme apresentado na expressão 1.3: 
PULTRAPASSAGEM = [Demanda Medida – Demanda contratada] x 2 x 
x Tarifa de Demanda 
(1.3) 
1.5.2 Estrutura tarifária horossazonal verde 
A opção de enquadramento na estrutura tarifária verde somente é possível 
para as unidades consumidoras do grupo A, subgrupos A3a, A4 e AS. 
Essa modalidade tarifária exige um contrato específico com a concessionária, 
no qual se pactua a demanda pretendida pelo consumidor (demanda 
contratada), independentemente da hora do dia (ponta ou fora de ponta) e do 
período do ano (período seco ou úmido). 
A fatura de energia elétrica desses consumidores é composta da soma de 
parcelas referentes ao consumo (na ponta e fora dela), demanda e 
ultrapassagem. 
A parcela de consumo (Pconsumo) é calculada através da expressão 1.4, 
observando-se, nas tarifas, o período do ano: 
Pconsumo = Tarifa de Consumo na ponta x Consumo Medido na Ponta +
+Tarifa de Consumo fora de Ponta x Consumo Medido fora de 
Ponta 
(1.4) 
No período seco (maio a novembro) as tarifas de consumo na ponta e fora de 
ponta são mais caras que no período úmido. 
A parcela de demanda (Pdemanda) é calculada multiplicando-se a tarifa de 
demanda pela demanda contratada ou pela demanda medida (a maior delas), 
caso esta não ultrapasse em mais de 5% a demanda contratada, conforme 
apresentado na expressão 1.5: 
Pdemanda = Tarifa de Demanda x Demanda contratada 
(1.5)",1775,1769
06_procel_eficiencia_edificios_publicos.pdf,Guia de Eficiência Energética em Edifícios Públicos,PROCEL / Ministério de Minas e Energia,relatorio_tecnico,eficiencia_energetica,2025,vigente,guia técnico,eficiência energética em edificações públicas,42,"22 
A tarifa de demanda é única, independente da hora do dia ou período do ano. 
A parcela de ultrapassagem (Pultrapassagem) é cobrada apenas quando a demanda 
medida ultrapassa em mais de 5% a demanda contratada. Calcula-se 
multiplicando o valor da demanda medida que supera a demanda contratada 
pela a tarifa de ultrapassagem (valor dobrado da tarifa de demanda 
contratada) , conforme apresentado na expressão 1.6: 
Pultrapassagem = [Demanda Medida – Demanda contratada] x 2 x Tarifa  de 
Demanda 
(1.6) 
1.5.3 Estrutura tarifária horossazonal azul 
Aos consumidores dos subgrupos A1, A2 ou A3, é obrigatório o 
enquadramento na estrutura tarifária horossazonal azul e opcional para os 
consumidores dos subgrupos A3a, A4 e AS. 
Essa modalidade tarifária exige um contrato específico com a concessionária, 
no qual se pactua tanto o valor da demanda pretendida pelo consumidor no 
horário de ponta (demanda contratada na ponta) quanto o valor pretendido 
nas horas fora de ponta (demanda contratada fora de ponta). 
A fatura de energia elétrica desses consumidores é composta pela soma de 
parcelas referentes ao consumo e demanda e, caso exista, ultrapassagem. Em 
todas as parcelas observa-se a diferenciação entre hora de ponta e hora fora 
de ponta. 
A parcela de consumo (Pconsumo) é calculada a partir da expressão 1.7, 
observando-se, nas tarifas, o período do ano: 
Pconsumo = Tarifa de Consumo na ponta x Consumo Medido na Ponta + 
+ Tarifa de Consumo  fora de Ponta x Consumo Medido 
fora de Ponta 
(1.7) 
As tarifas de consumo na ponta e fora de ponta são diferenciadas por período 
do ano, sendo mais caras no período seco (maio a novembro). 
A parcela de demanda (Pdemanda) é calculada somando-se o produto da tarifa de 
demanda na ponta pela demanda contratada na ponta (ou pela demanda 
medida na ponta, de acordo com as tolerâncias de ultrapassagem) ao produto 
da tarifa de demanda fora da ponta pela demanda contratada fora de ponta 
(ou pela demanda medida fora de ponta, de acordo com as tolerâncias de 
ultrapassagem), conforme apresentado na expressão 1.8: 
",2085,"A tarifa de demanda é única, independente da hora do dia ou período do ano. 
A parcela de ultrapassagem (Pultrapassagem) é cobrada apenas quando a demanda 
medida ultrapassa em mais de 5% a demanda contratada. Calcula-se 
multiplicando o valor da demanda medida que supera a demanda contratada 
pela a tarifa de ultrapassagem (valor dobrado da tarifa de demanda 
contratada), conforme apresentado na expressão 1.6: 
Pultrapassagem = [Demanda Medida – Demanda contratada] x 2 x Tarifa de 
Demanda 
(1.6) 
1.5.3 Estrutura tarifária horossazonal azul 
Aos consumidores dos subgrupos A1, A2 ou A3, é obrigatório o 
enquadramento na estrutura tarifária horossazonal azul e opcional para os 
consumidores dos subgrupos A3a, A4 e AS. 
Essa modalidade tarifária exige um contrato específico com a concessionária, 
no qual se pactua tanto o valor da demanda pretendida pelo consumidor no 
horário de ponta (demanda contratada na ponta) quanto o valor pretendido 
nas horas fora de ponta (demanda contratada fora de ponta). 
A fatura de energia elétrica desses consumidores é composta pela soma de 
parcelas referentes ao consumo e demanda e, caso exista, ultrapassagem. Em 
todas as parcelas observa-se a diferenciação entre hora de ponta e hora fora 
de ponta. 
A parcela de consumo (Pconsumo) é calculada a partir da expressão 1.7, 
observando-se, nas tarifas, o período do ano: 
Pconsumo = Tarifa de Consumo na ponta x Consumo Medido na Ponta + 
+ Tarifa de Consumo fora de Ponta x Consumo Medido 
fora de Ponta 
(1.7) 
As tarifas de consumo na ponta e fora de ponta são diferenciadas por período 
do ano, sendo mais caras no período seco (maio a novembro). 
A parcela de demanda (Pdemanda) é calculada somando-se o produto da tarifa de 
demanda na ponta pela demanda contratada na ponta (ou pela demanda 
medida na ponta, de acordo com as tolerâncias de ultrapassagem) ao produto 
da tarifa de demanda fora da ponta pela demanda contratada fora de ponta 
(ou pela demanda medida fora de ponta, de acordo com as tolerâncias de 
ultrapassagem), conforme apresentado na expressão 1.8:",2085,2076
06_procel_eficiencia_edificios_publicos.pdf,Guia de Eficiência Energética em Edifícios Públicos,PROCEL / Ministério de Minas e Energia,relatorio_tecnico,eficiencia_energetica,2025,vigente,guia técnico,eficiência energética em edificações públicas,43,"23 
Pdemanda = Tarifa de Demanda na Ponta x Demanda contratada na 
Ponta + Tarifa de Demanda fora de Ponta x Demanda
contratada fora de Ponta 
(1.8) 
As tarifas de demanda não são diferenciadas por período do ano. 
A parcela de ultrapassagem (Pultrapassagem) é cobrada apenas quando a demanda 
medida ultrapassa em mais de 5 % a demanda contratada. Calcula-se 
multiplicando o valor da demanda medida que supera a demanda contratada 
pela a tarifa de ultrapassagem (valor dobrado da tarifa de demanda 
contratada), conforme apresentado na expressão 1.9: 
Pultrapassagem= Tarifa de Demanda na Ponta x 2 x (Demanda Medida 
na Ponta – Demanda contratada na Ponta)+Tarifa de 
Demanda fora de Ponta x 2 x (Demanda Medida fora  
de Ponta - Demanda contratada fora de Ponta) 
(1.9) 
1.6 A energia reativa e fator de potência 
A energia elétrica é composta de duas parcelas distintas: energia reativa e energia 
ativa. A energia ativa é a energia que promove o funcionamento de equipamentos 
elétricos e eletrônicos, enquanto que a energia reativa é a responsável pela 
formação de campos magnéticos, necessários ao funcionamento de alguns 
aparelhos que possuem motor (geladeira, freezer, ventilador, máquinas de lavar, 
sistemas de climatização, escada rolante, etc.) ou indutor (reator eletromagnético 
utilizado nas luminárias com lâmpadas fluorescentes). 
A energia reativa, que é inerente ao processo de produção de energia elétrica, 
produz perdas por provocar aquecimento nos condutores. Ela circula entre a 
fonte e a carga, ocupando um “espaço” no sistema elétrico que poderia ser 
utilizado para fornecer mais energia ativa. A energia reativa tem como unidades 
de medida usuais o V∙A∙h e o kV∙A∙h (que corresponde a 1.000 V∙A∙h) e a potência 
reativa a unidade de V∙A ou kV∙A. 
O limite é indicado de forma indireta, através do parâmetro denominado fator de 
potência, que reflete a relação entre as energias ativa e reativa consumidas. De 
acordo com a Resolução Aneel 414 de 9 de setembro de 2010, as unidades 
consumidoras dos grupos A e B, devem ter um fator de potência não inferior a 
0,92 (capacitivo ou indutivo). 
Quando o fator de potência é inferior a 0,92, é cobrada a utilização de energia e 
demanda de potência reativa na fatura de energia elétrica, como consumo de 
energia reativa excedente e demanda reativa excedente. 
",2342,"Pdemanda = Tarifa de Demanda na Ponta x Demanda contratada na 
Ponta + Tarifa de Demanda fora de Ponta x Demanda
contratada fora de Ponta 
(1.8) 
As tarifas de demanda não são diferenciadas por período do ano. 
A parcela de ultrapassagem (Pultrapassagem) é cobrada apenas quando a demanda 
medida ultrapassa em mais de 5 % a demanda contratada. Calcula-se 
multiplicando o valor da demanda medida que supera a demanda contratada 
pela a tarifa de ultrapassagem (valor dobrado da tarifa de demanda 
contratada), conforme apresentado na expressão 1.9: 
Pultrapassagem= Tarifa de Demanda na Ponta x 2 x (Demanda Medida 
na Ponta – Demanda contratada na Ponta)+Tarifa de 
Demanda fora de Ponta x 2 x (Demanda Medida fora 
de Ponta - Demanda contratada fora de Ponta) 
(1.9) 
1.6 A energia reativa e fator de potência 
A energia elétrica é composta de duas parcelas distintas: energia reativa e energia 
ativa. A energia ativa é a energia que promove o funcionamento de equipamentos 
elétricos e eletrônicos, enquanto que a energia reativa é a responsável pela 
formação de campos magnéticos, necessários ao funcionamento de alguns 
aparelhos que possuem motor (geladeira, freezer, ventilador, máquinas de lavar, 
sistemas de climatização, escada rolante, etc.) ou indutor (reator eletromagnético 
utilizado nas luminárias com lâmpadas fluorescentes). 
A energia reativa, que é inerente ao processo de produção de energia elétrica, 
produz perdas por provocar aquecimento nos condutores. Ela circula entre a 
fonte e a carga, ocupando um “espaço” no sistema elétrico que poderia ser 
utilizado para fornecer mais energia ativa. A energia reativa tem como unidades 
de medida usuais o V∙A∙h e o kV∙A∙h (que corresponde a 1.000 V∙A∙h) e a potência 
reativa a unidade de V∙A ou kV∙A. 
O limite é indicado de forma indireta, através do parâmetro denominado fator de 
potência, que reflete a relação entre as energias ativa e reativa consumidas. De 
acordo com a Resolução Aneel 414 de 9 de setembro de 2010, as unidades 
consumidoras dos grupos A e B, devem ter um fator de potência não inferior a 
0,92 (capacitivo ou indutivo). 
Quando o fator de potência é inferior a 0,92, é cobrada a utilização de energia e 
demanda de potência reativa na fatura de energia elétrica, como consumo de 
energia reativa excedente e demanda reativa excedente.",2342,2335
06_procel_eficiencia_edificios_publicos.pdf,Guia de Eficiência Energética em Edifícios Públicos,PROCEL / Ministério de Minas e Energia,relatorio_tecnico,eficiencia_energetica,2025,vigente,guia técnico,eficiência energética em edificações públicas,44,"24 
A energia reativa capacitiva é medida em um período de 6 horas consecutivas a 
critério da distribuidora, entre 23 h 30 min e 06 h 30 min e a energia reativa 
indutiva no restante do dia. 
O valor cobrado, para cada uma das tarifas, está descrito a seguir: 
 Tarifa convencional 
Os consumidores do grupo A, tarifa convencional, pagam tanto o consumo de 
energia reativa quanto a demanda reativa. 
 Tarifa horossazonal verde 
Os consumidores do grupo A, tarifa verde, pagam o consumo de energia reativa 
na ponta e fora de ponta e a demanda reativa. 
 Tarifa horossazonal azul 
Os consumidores do grupo A, tarifa azul, pagam tanto o consumo de energia 
reativa quanto da demanda reativa, para as horas de ponta e horas fora de ponta. 
Existem fórmulas próprias para cálculo dos valores de energia elétrica reativa e 
demanda de potência reativa na Resolução Aneel 414 de 9 de setembro de 2010, 
porém apresentá-las e discuti-las foge aos objetivos deste Manual. 
1.7 Reduzindo a conta de energia elétrica 
A existência de alternativas de enquadramento tarifário permite alguns 
consumidores escolher o enquadramento e valor contratual de demanda que 
resultam em menor despesa com a energia elétrica. A decisão, porém, só deve ser 
tomada depois de adequada verificação dos padrões de consumo e demanda nos 
segmentos horários (ponta e fora de ponta). 
Além de revelar relações entre hábitos e consumo de energia elétrica, úteis ao se 
estabelecer rotinas de combate ao desperdício, a análise da fatura de energia 
elétrica é a base para a avaliação econômica dos projetos de eficiência energética. 
A análise pode ser dividida em duas partes: 
 Enquadramento tarifário e determinação do valor da demanda contratual; 
 Correção do fator de potência, caso haja necessidade. 
Embora uma análise completa exija certa experiência e conhecimento técnico, 
com um exemplo servindo de guia e algum treino, qualquer pessoa pode 
identificar as oportunidades de redução de despesas com a energia elétrica. 
1.8 Fatura de energia elétrica 
Um exemplo de uma fatura de energia elétrica pode ser visualizado no site 
www.ceb.com.br/index.php/conhecendo-sua-conta. No exemplo apresentado 
estão explicitados os itens que compõem uma fatura de energia elétrica. 
",2258,"A energia reativa capacitiva é medida em um período de 6 horas consecutivas a 
critério da distribuidora, entre 23 h 30 min e 06 h 30 min e a energia reativa 
indutiva no restante do dia. 
O valor cobrado, para cada uma das tarifas, está descrito a seguir: 
 Tarifa convencional 
Os consumidores do grupo A, tarifa convencional, pagam tanto o consumo de 
energia reativa quanto a demanda reativa. 
 Tarifa horossazonal verde 
Os consumidores do grupo A, tarifa verde, pagam o consumo de energia reativa 
na ponta e fora de ponta e a demanda reativa. 
 Tarifa horossazonal azul 
Os consumidores do grupo A, tarifa azul, pagam tanto o consumo de energia 
reativa quanto da demanda reativa, para as horas de ponta e horas fora de ponta. 
Existem fórmulas próprias para cálculo dos valores de energia elétrica reativa e 
demanda de potência reativa na Resolução Aneel 414 de 9 de setembro de 2010, 
porém apresentá-las e discuti-las foge aos objetivos deste Manual. 
1.7 Reduzindo a conta de energia elétrica 
A existência de alternativas de enquadramento tarifário permite alguns 
consumidores escolher o enquadramento e valor contratual de demanda que 
resultam em menor despesa com a energia elétrica. A decisão, porém, só deve ser 
tomada depois de adequada verificação dos padrões de consumo e demanda nos 
segmentos horários (ponta e fora de ponta). 
Além de revelar relações entre hábitos e consumo de energia elétrica, úteis ao se 
estabelecer rotinas de combate ao desperdício, a análise da fatura de energia 
elétrica é a base para a avaliação econômica dos projetos de eficiência energética. 
A análise pode ser dividida em duas partes: 
 Enquadramento tarifário e determinação do valor da demanda contratual; 
 Correção do fator de potência, caso haja necessidade. 
Embora uma análise completa exija certa experiência e conhecimento técnico, 
com um exemplo servindo de guia e algum treino, qualquer pessoa pode 
identificar as oportunidades de redução de despesas com a energia elétrica. 
1.8 Fatura de energia elétrica 
Um exemplo de uma fatura de energia elétrica pode ser visualizado no site 
 No exemplo apresentado 
estão explicitados os itens que compõem uma fatura de energia elétrica.",2258,2206
06_procel_eficiencia_edificios_publicos.pdf,Guia de Eficiência Energética em Edifícios Públicos,PROCEL / Ministério de Minas e Energia,relatorio_tecnico,eficiencia_energetica,2025,vigente,guia técnico,eficiência energética em edificações públicas,45,"25 
1.9 Referências 
1.
Resolução Normativa Nº 414,  de 9 de setembro de 2010 – Aneel.
2.
Conservação de Energia – Eficiência Energética de Equipamentos e
Instalações – Eletrobras/Procel Educação e Universidade Federal de
Itajuba – Unifei – 2006.
3.
Manual de Prédios Eficientes em Energia Elétrica – Eletrobras/Procel e
Ibam – 2002.
",334,"1.9 Referências 
1.
Resolução Normativa Nº 414, de 9 de setembro de 2010 – Aneel.
2.
Conservação de Energia – Eficiência Energética de Equipamentos e
Instalações – Eletrobras/Procel Educação e Universidade Federal de
Itajuba – Unifei – 2006.
3.
Manual de Prédios Eficientes em Energia Elétrica – Eletrobras/Procel e
Ibam – 2002.",334,328
06_procel_eficiencia_edificios_publicos.pdf,Guia de Eficiência Energética em Edifícios Públicos,PROCEL / Ministério de Minas e Energia,relatorio_tecnico,eficiencia_energetica,2025,vigente,guia técnico,eficiência energética em edificações públicas,46,"26 
2. Aspectos energéticos – Instalações elétricas
2.1 Introdução 
Uma instalação elétrica é composta por um sistema constituído de 
transformadores, cabos elétricos, disjuntores, chaves seccionadoras, chaves 
fusíveis, contactoras, barramentos e conectores. Todos estes componentes que 
formam a rede de distribuição possuem resistências elétricas, fazendo com que a 
corrente que circula por eles cause perdas de energia na forma de calor. 
Dentro do universo de perdas de energia em uma instalação elétrica, as perdas 
nos 
elementos 
de 
distribuição 
ocorrem, 
principalmente, 
por 
mau 
dimensionamento dos componentes, por acréscimo desordenado de cargas, por 
falhas no projeto, pelo estado precário das conexões e pela falta de um programa 
de manutenção preventiva. 
2.2 Equipamentos e materiais utilizados na distribuição 
A seguir são apresentados os principais equipamentos e materiais utilizados em 
um sistema de distribuição predial e suas características técnicas. 
2.2.1 Transformador 
O transformador é um equipamento que transfere energia elétrica do seu 
circuito primário para o secundário, mantendo a mesma frequência e 
normalmente variando os valores de corrente e de tensão. Nesta transferência 
ocorrem perdas que são decorrentes da construção do transformador (perdas 
no ferro) e da forma e regime de operação (perdas no cobre). 
Um transformador possui dois enrolamentos com as seguintes atribuições: o 
enrolamento do primário recebe a energia fornecida pela rede e o 
enrolamento do secundário, que repassa esta energia para o sistema de 
distribuição subtraindo as perdas. Nas figuras 2.1 e 2.2 são apresentados, 
respectivamente o circuito magnético simplificado e o diagrama de perdas de 
um transformador. 
Figura 2.1 – Foto e representação simplificada do circuito magnético de um 
transformador. 
",1836,"2. Aspectos energéticos – Instalações elétricas
2.1 Introdução 
Uma instalação elétrica é composta por um sistema constituído de 
transformadores, cabos elétricos, disjuntores, chaves seccionadoras, chaves 
fusíveis, contactoras, barramentos e conectores. Todos estes componentes que 
formam a rede de distribuição possuem resistências elétricas, fazendo com que a 
corrente que circula por eles cause perdas de energia na forma de calor. 
Dentro do universo de perdas de energia em uma instalação elétrica, as perdas 
nos 
elementos 
de 
distribuição 
ocorrem, 
principalmente, 
por 
mau 
dimensionamento dos componentes, por acréscimo desordenado de cargas, por 
falhas no projeto, pelo estado precário das conexões e pela falta de um programa 
de manutenção preventiva. 
2.2 Equipamentos e materiais utilizados na distribuição 
A seguir são apresentados os principais equipamentos e materiais utilizados em 
um sistema de distribuição predial e suas características técnicas. 
2.2.1 Transformador 
O transformador é um equipamento que transfere energia elétrica do seu 
circuito primário para o secundário, mantendo a mesma frequência e 
normalmente variando os valores de corrente e de tensão. Nesta transferência 
ocorrem perdas que são decorrentes da construção do transformador (perdas 
no ferro) e da forma e regime de operação (perdas no cobre). 
Um transformador possui dois enrolamentos com as seguintes atribuições: o 
enrolamento do primário recebe a energia fornecida pela rede e o 
enrolamento do secundário, que repassa esta energia para o sistema de 
distribuição subtraindo as perdas. Nas figuras 2.1 e 2.2 são apresentados, 
respectivamente o circuito magnético simplificado e o diagrama de perdas de 
um transformador. 
Figura 2.1 – Foto e representação simplificada do circuito magnético de um 
transformador.",1836,1830
06_procel_eficiencia_edificios_publicos.pdf,Guia de Eficiência Energética em Edifícios Públicos,PROCEL / Ministério de Minas e Energia,relatorio_tecnico,eficiencia_energetica,2025,vigente,guia técnico,eficiência energética em edificações públicas,47,"27 
Perdas no transformador 
São três os tipos de perdas associados aos transformadores: 
Perdas no ferro: As perdas relacionadas à construção dos transformadores são 
conhecidas como perdas no ferro e independem da carga que está sendo 
demandada ao transformador. Ocorrem sempre que o equipamento é ligado. 
Estas perdas são constantes e cada transformador tem a sua em função das 
características construtivas do equipamento. Os valores limites das perdas 
devem obedecer à norma ABNT NBR 5440-2011 (Transformadores para redes 
aéreas de distribuição – Requisitos) e estão apresentadas na tabela 2.1. 
Tabela 2.1 – Valores limites de perdas no ferro para transformadores 
com tensões máximas de 15 kV. 
Potência do 
transformador 
[kVA] 
Perdas 
no ferro 
[W] 
15 
85 
30 
150 
45 
195 
75 
295 
112,5 
390 
150 
485 
225 
650 
300 
810 
O desligamento do transformador nos períodos em que ele não esteja sendo 
solicitado seria uma forma de eliminar estas perdas, já que elas estão 
presentes a partir do momento em que ele é ligado. Em muitos casos, é 
possível tomar esta providência. Caso a unidade consumidora possua mais de 
Figura 2.2 – Diagrama de perdas de um transformador 
",1187,"Perdas no transformador 
São três os tipos de perdas associados aos transformadores: 
Perdas no ferro: As perdas relacionadas à construção dos transformadores são 
conhecidas como perdas no ferro e independem da carga que está sendo 
demandada ao transformador. Ocorrem sempre que o equipamento é ligado. 
Estas perdas são constantes e cada transformador tem a sua em função das 
características construtivas do equipamento. Os valores limites das perdas 
devem obedecer à norma ABNT NBR 5440-2011 (Transformadores para redes 
aéreas de distribuição – Requisitos) e estão apresentadas na tabela 2.1. 
Tabela 2.1 – Valores limites de perdas no ferro para transformadores 
com tensões máximas de 15 kV. 
Potência do 
transformador 
[kVA] 
Perdas 
no ferro 
[W] 
 
 
 
 
 
 
 
 
112,5 
 
 
 
 
 
 
 
O desligamento do transformador nos períodos em que ele não esteja sendo 
solicitado seria uma forma de eliminar estas perdas, já que elas estão 
presentes a partir do momento em que ele é ligado. Em muitos casos, é 
possível tomar esta providência. Caso a unidade consumidora possua mais de 
Figura 2.2 – Diagrama de perdas de um transformador",1187,1141
06_procel_eficiencia_edificios_publicos.pdf,Guia de Eficiência Energética em Edifícios Públicos,PROCEL / Ministério de Minas e Energia,relatorio_tecnico,eficiencia_energetica,2025,vigente,guia técnico,eficiência energética em edificações públicas,48,"28 
um transformador em suas instalações, pode-se concentrar as cargas de 
iluminação e outras que necessitam permanecer ligadas no período da noite e 
com isso desligar um transformador neste período. 
Como forma de avaliar o potencial de economia de energia com a eliminação 
desta perda, torna-se necessário verificar o valor da potência nominal dos 
transformadores existentes na instalação. Esta informação está contida em 
uma placa no equipamento. 
O potencial de economia pode ser obtido a partir da expressão 2.1: 
            (2.1) 
onde: 
E = potencial de economia de energia devido às perdas no ferro [kW∙h/mês]; 
P1 = perdas no ferro [W]; 
h = quantidade de horas mensais de desligamento do transformador [h/mês]. 
Perdas no cobre: As perdas referentes ao regime de operação dos 
transformadores são as perdas no cobre. Essas perdas são correspondentes à 
dissipação de energia por efeito Joule, que é estabelecida pelas correntes 
elétricas que circulam nos enrolamentos do transformador (primário e 
secundário) e dependem da solicitação de carga elétrica que o transformador 
está submetido. As perdas no cobre são proporcionais ao quadrado das 
correntes elétricas que circulam pelos enrolamentos. 
Consequentemente transformadores operando com sobrecargas estarão com 
perdas elevadas. O carregamento ideal para um transformador está na faixa de 
30 a 70 % de sua capacidade nominal. 
Desta forma, se existe mais de um transformador em uma instalação, deve-se 
dividir as cargas instaladas de forma uniforme entre eles, a fim de se 
estabelecer níveis de carregamento adequados para ambos. Da mesma forma, 
se uma instalação está operando com um transformador com carregamento 
acima de sua capacidade nominal ou perto dela é aconselhável a substituição 
por um de maior capacidade. 
Outra ação para se reduzir as perdas nos enrolamentos de um transformador é 
através do aumento do fator de potência do conjunto de cargas que o mesmo 
alimenta. A elevação do fator de potência reduz a componente indutiva da 
corrente, reduzindo o valor da corrente da carga. 
A redução das perdas no núcleo do transformador através do aumento do 
fator de potência pode ser obtida através da expressão 2.2: 
",2211,"um transformador em suas instalações, pode-se concentrar as cargas de 
iluminação e outras que necessitam permanecer ligadas no período da noite e 
com isso desligar um transformador neste período. 
Como forma de avaliar o potencial de economia de energia com a eliminação 
desta perda, torna-se necessário verificar o valor da potência nominal dos 
transformadores existentes na instalação. Esta informação está contida em 
uma placa no equipamento. 
O potencial de economia pode ser obtido a partir da expressão 2.1: 
 (2.1) 
onde: 
E = potencial de economia de energia devido às perdas no ferro [kW∙h/mês]; 
P1 = perdas no ferro [W]; 
h = quantidade de horas mensais de desligamento do transformador [h/mês]. 
Perdas no cobre: As perdas referentes ao regime de operação dos 
transformadores são as perdas no cobre. Essas perdas são correspondentes à 
dissipação de energia por efeito Joule, que é estabelecida pelas correntes 
elétricas que circulam nos enrolamentos do transformador (primário e 
secundário) e dependem da solicitação de carga elétrica que o transformador 
está submetido. As perdas no cobre são proporcionais ao quadrado das 
correntes elétricas que circulam pelos enrolamentos. 
Consequentemente transformadores operando com sobrecargas estarão com 
perdas elevadas. O carregamento ideal para um transformador está na faixa de 
30 a 70 % de sua capacidade nominal. 
Desta forma, se existe mais de um transformador em uma instalação, deve-se 
dividir as cargas instaladas de forma uniforme entre eles, a fim de se 
estabelecer níveis de carregamento adequados para ambos. Da mesma forma, 
se uma instalação está operando com um transformador com carregamento 
acima de sua capacidade nominal ou perto dela é aconselhável a substituição 
por um de maior capacidade. 
Outra ação para se reduzir as perdas nos enrolamentos de um transformador é 
através do aumento do fator de potência do conjunto de cargas que o mesmo 
alimenta. A elevação do fator de potência reduz a componente indutiva da 
corrente, reduzindo o valor da corrente da carga. 
A redução das perdas no núcleo do transformador através do aumento do 
fator de potência pode ser obtida através da expressão 2.2:",2211,2194
06_procel_eficiencia_edificios_publicos.pdf,Guia de Eficiência Energética em Edifícios Públicos,PROCEL / Ministério de Minas e Energia,relatorio_tecnico,eficiencia_energetica,2025,vigente,guia técnico,eficiência energética em edificações públicas,49,"29 
       
     
      
 
    (2.2) 
Onde cos ϕ1 é o fator de potência antes da correção e cos ϕ2 é o fator de 
potência depois da correção. 
Perdas em transformadores ligados em paralelo: Em uma instalação com 
transformadores operando em paralelo pode ocorrer outro tipo de perda que 
é ocasionada pela diferença na relação de transformação dos equipamentos. 
Neste tipo de ligação, quando a diferença na relação de transformação dos 
equipamentos for significativa, ocorre uma circulação de corrente entre os 
transformadores causando perdas. 
A utilização de transformadores ligados em paralelo é uma medida muito 
adotada em instalações. Os transformadores são ligados por um barramento 
no secundário. A fim de se evitar o surgimento de perdas por circulação de 
corrente entre os transformadores, devem-se tomar as seguintes precauções: 
 Utilizar transformadores com potências próximas, preferencialmente 
iguais para melhor aproveitamento das mesmas. 
 Utilizar transformadores com impedâncias internas iguais ou próximas. 
 Ajustar no mesmo valor a relação de transformação dos transformadores. 
Localização dos transformadores 
As correntes elevadas acarretam um transporte de energia muito oneroso, 
quer seja pela necessidade da utilização de condutores com seções maiores, 
quer seja pelas perdas por efeito Joule. Desta forma, é recomendável a 
instalação dos transformadores próximos aos centros de carga das instalações. 
Esta medida visa proporcionar uma redução no custo dos condutores e a 
redução das perdas de energia pela dissipação de calor nos mesmos. 
Transformador com núcleo de material amorfo 
Frente à necessidade de conservar energia e preservar o meio ambiente, 
transformadores com núcleo de material amorfo vêm substituindo os 
transformadores tradicionais (com núcleo de material ferromagnético), pois se 
caracterizam por apresentar menores perdas que os atuais. 
A substituição de transformadores com núcleos de materiais ferromagnéticos 
pode significar um potencial considerável de conservação de energia. É claro 
que aspectos econômicos devem ser levados em consideração antes de 
qualquer tentativa de substituição desses equipamentos. 
",2183,"(2.2) 
Onde cos ϕ1 é o fator de potência antes da correção e cos ϕ2 é o fator de 
potência depois da correção. 
Perdas em transformadores ligados em paralelo: Em uma instalação com 
transformadores operando em paralelo pode ocorrer outro tipo de perda que 
é ocasionada pela diferença na relação de transformação dos equipamentos. 
Neste tipo de ligação, quando a diferença na relação de transformação dos 
equipamentos for significativa, ocorre uma circulação de corrente entre os 
transformadores causando perdas. 
A utilização de transformadores ligados em paralelo é uma medida muito 
adotada em instalações. Os transformadores são ligados por um barramento 
no secundário. A fim de se evitar o surgimento de perdas por circulação de 
corrente entre os transformadores, devem-se tomar as seguintes precauções: 
 Utilizar transformadores com potências próximas, preferencialmente 
iguais para melhor aproveitamento das mesmas. 
 Utilizar transformadores com impedâncias internas iguais ou próximas. 
 Ajustar no mesmo valor a relação de transformação dos transformadores. 
Localização dos transformadores 
As correntes elevadas acarretam um transporte de energia muito oneroso, 
quer seja pela necessidade da utilização de condutores com seções maiores, 
quer seja pelas perdas por efeito Joule. Desta forma, é recomendável a 
instalação dos transformadores próximos aos centros de carga das instalações. 
Esta medida visa proporcionar uma redução no custo dos condutores e a 
redução das perdas de energia pela dissipação de calor nos mesmos. 
Transformador com núcleo de material amorfo 
Frente à necessidade de conservar energia e preservar o meio ambiente, 
transformadores com núcleo de material amorfo vêm substituindo os 
transformadores tradicionais (com núcleo de material ferromagnético), pois se 
caracterizam por apresentar menores perdas que os atuais. 
A substituição de transformadores com núcleos de materiais ferromagnéticos 
pode significar um potencial considerável de conservação de energia. É claro 
que aspectos econômicos devem ser levados em consideração antes de 
qualquer tentativa de substituição desses equipamentos.",2183,2150
06_procel_eficiencia_edificios_publicos.pdf,Guia de Eficiência Energética em Edifícios Públicos,PROCEL / Ministério de Minas e Energia,relatorio_tecnico,eficiencia_energetica,2025,vigente,guia técnico,eficiência energética em edificações públicas,50,"30 
A fim de reduzir as perdas associadas aos transformadores, é necessário estar 
atento para as seguintes recomendações: 
 Anotar os dados de placa dos transformadores existentes na instalação e 
criar uma planilha contendo a relação das cargas existentes, visando 
concentrar as cargas de tal forma que os transformadores selecionados 
tenham carregamento máximo de cerca de 85  % da sua capacidade 
nominal. 
 Nos casos de existência de mais de um transformador, criar uma planilha 
que contenha a relação das cargas que estão ligadas nos transformadores 
separadamente. 
Esta 
medida 
irá 
possibilitar 
uma 
análise 
de 
remanejamento de cargas entre eles. 
 Efetuar medição de corrente nas fases do transformador para verificação 
do carregamento com que ele está trabalhando. O equilíbrio no 
carregamento das fases do transformador reduz a corrente que flui pelo 
neutro, o que representa redução das perdas. 
 Caso seja possível, efetuar o monitoramento da instalação com a 
utilização de um analisador de energia por um período de 24 horas, a fim 
de verificar as variações de alguns parâmetros elétricos: tensão (V), 
corrente (A), potência ativa (kW) e fator de potência para possibilitar 
avaliações de desempenho e possibilidades de redução de custos e 
melhorias no funcionamento destes equipamentos. 
 Avaliar os valores do fator de potência em cada transformador e efetuar a 
correção dos mesmos quando necessário. Esta medida alivia o 
carregamento do transformador, além de diminuir as perdas. 
2.2.2 Cabos elétricos 
Os cabos elétricos são constituídos em sua maioria de cobre ou alumínio. O 
mais utilizado em instalações de baixa tensão e com a existência de isolamento 
é o de cobre. 
O correto dimensionamento dos cabos de energia deve considerar seis 
critérios: a seção mínima; a capacidade de condução de corrente; a queda de 
tensão; a proteção contra sobrecargas; a proteção contra curtos-circuitos e a 
proteção contra contatos indiretos (aplicável apenas quando se usam 
dispositivos a sobrecorrente na função de seccionamento automático). 
Desses seis critérios, são descritos a seguir os três principais a serem aplicados: 
seção mínima, capacidade de condução de corrente e queda de tensão. 
",2232,"A fim de reduzir as perdas associadas aos transformadores, é necessário estar 
atento para as seguintes recomendações: 
 Anotar os dados de placa dos transformadores existentes na instalação e 
criar uma planilha contendo a relação das cargas existentes, visando 
concentrar as cargas de tal forma que os transformadores selecionados 
tenham carregamento máximo de cerca de 85 % da sua capacidade 
nominal. 
 Nos casos de existência de mais de um transformador, criar uma planilha 
que contenha a relação das cargas que estão ligadas nos transformadores 
separadamente. 
Esta 
medida 
irá 
possibilitar 
uma 
análise 
de 
remanejamento de cargas entre eles. 
 Efetuar medição de corrente nas fases do transformador para verificação 
do carregamento com que ele está trabalhando. O equilíbrio no 
carregamento das fases do transformador reduz a corrente que flui pelo 
neutro, o que representa redução das perdas. 
 Caso seja possível, efetuar o monitoramento da instalação com a 
utilização de um analisador de energia por um período de 24 horas, a fim 
de verificar as variações de alguns parâmetros elétricos: tensão (V), 
corrente (A), potência ativa (kW) e fator de potência para possibilitar 
avaliações de desempenho e possibilidades de redução de custos e 
melhorias no funcionamento destes equipamentos. 
 Avaliar os valores do fator de potência em cada transformador e efetuar a 
correção dos mesmos quando necessário. Esta medida alivia o 
carregamento do transformador, além de diminuir as perdas. 
2.2.2 Cabos elétricos 
Os cabos elétricos são constituídos em sua maioria de cobre ou alumínio. O 
mais utilizado em instalações de baixa tensão e com a existência de isolamento 
é o de cobre. 
O correto dimensionamento dos cabos de energia deve considerar seis 
critérios: a seção mínima; a capacidade de condução de corrente; a queda de 
tensão; a proteção contra sobrecargas; a proteção contra curtos-circuitos e a 
proteção contra contatos indiretos (aplicável apenas quando se usam 
dispositivos a sobrecorrente na função de seccionamento automático). 
Desses seis critérios, são descritos a seguir os três principais a serem aplicados: 
seção mínima, capacidade de condução de corrente e queda de tensão.",2232,2225
06_procel_eficiencia_edificios_publicos.pdf,Guia de Eficiência Energética em Edifícios Públicos,PROCEL / Ministério de Minas e Energia,relatorio_tecnico,eficiencia_energetica,2025,vigente,guia técnico,eficiência energética em edificações públicas,51,"31 
Seção mínima 
A norma ABNT NBR 5410 (tabela 43, item 6.2.6) determina a seção mínima de 
cada condutor de acordo com a sua utilização. Na tabela 2.2 são apresentados 
os valores. 
Tabela 2.2 – Seção mínima dos condutores1) 
Capacidade de condução de corrente 
Este critério leva em conta a capacidade de conduzir a corrente, em condições 
normais, sem que o efeito térmico provoque danos aos condutores e 
respectivos isolamentos. 
O cálculo deste critério leva em consideração a corrente de projeto, o método 
de instalação e a aplicação dos fatores de correção. 
Este critério de dimensionamento é tratado na seção 6.2.5 da NBR 5410, que 
apresenta tabelas para determinar as seções dos condutores em função da 
capacidade de condução de corrente. 
Queda de tensão 
De acordo com a norma ABNT NBR 5410 (item 6.2.7, tabela 46), a queda de 
tensão em qualquer ponto da instalação, não deve ser superior aos valores 
apresentados abaixo, dados em relação ao valor da tensão nominal da 
instalação: 
 7 %, calculados a partir dos terminais secundários do transformador 
MT/BT, no caso de transformador de propriedade da unidade 
consumidora; 
 7 %, calculados a partir dos terminais secundários do transformador 
MT/BT da empresa distribuidora de eletricidade, quando o ponto de 
entrega for aí localizado; 
",1312,"Seção mínima 
A norma ABNT NBR 5410 (tabela 43, item 6.2.6) determina a seção mínima de 
cada condutor de acordo com a sua utilização. Na tabela 2.2 são apresentados 
os valores. 
Tabela 2.2 – Seção mínima dos condutores1) 
Capacidade de condução de corrente 
Este critério leva em conta a capacidade de conduzir a corrente, em condições 
normais, sem que o efeito térmico provoque danos aos condutores e 
respectivos isolamentos. 
O cálculo deste critério leva em consideração a corrente de projeto, o método 
de instalação e a aplicação dos fatores de correção. 
Este critério de dimensionamento é tratado na seção 6.2.5 da NBR 5410, que 
apresenta tabelas para determinar as seções dos condutores em função da 
capacidade de condução de corrente. 
Queda de tensão 
De acordo com a norma ABNT NBR 5410 (item 6.2.7, tabela 46), a queda de 
tensão em qualquer ponto da instalação, não deve ser superior aos valores 
apresentados abaixo, dados em relação ao valor da tensão nominal da 
instalação: 
 7 %, calculados a partir dos terminais secundários do transformador 
MT/BT, no caso de transformador de propriedade da unidade 
consumidora; 
 7 %, calculados a partir dos terminais secundários do transformador 
MT/BT da empresa distribuidora de eletricidade, quando o ponto de 
entrega for aí localizado;",1312,1306
06_procel_eficiencia_edificios_publicos.pdf,Guia de Eficiência Energética em Edifícios Públicos,PROCEL / Ministério de Minas e Energia,relatorio_tecnico,eficiencia_energetica,2025,vigente,guia técnico,eficiência energética em edificações públicas,52,"32 
 5 %, calculados a partir do ponto de entrega, nos demais casos de ponto 
de entrega com fornecimento em tensão secundária de distribuição; 
 7 %, calculados a partir dos terminais de saída do gerador, no caso de 
grupo gerador próprio. 
O cálculo da queda de tensão considera o tipo de circuito, o comprimento do 
alimentador, a corrente, a seção do condutor, o tipo de linha e o fator de 
potência da carga. 
Dimensionamento do condutor neutro 
O condutor neutro tem a sua seção dimensionada em função dos condutores 
fase. 
O condutor neutro deve possuir, no mínimo, a mesma seção que os 
condutores fase nos seguintes casos: 
 Em circuitos monofásicos e bifásicos; 
 Em circuitos trifásicos, quando a seção do condutor fase for igual ou 
inferior a 25 mm2. 
 Em circuitos trifásicos, quando for prevista a presença de harmônicas. 
Nos casos de circuitos trifásicos cujos condutores fase tenham seção superior a 
25 mm2 a seção do condutor neutro pode ser inferior à dos condutores fase 
quando as três condições seguintes forem simultaneamente atendidas: 
 O circuito for presumivelmente equilibrado, em serviço normal; 
 A corrente das fases não contiver uma taxa de terceira harmônica e 
múltiplos superior a 15 %; e 
 Quando o condutor neutro for protegido contra sobrecorrentes. 
Na tabela 2.3 são apresentadas as seções mínimas do condutor neutro. 
",1370," 5 %, calculados a partir do ponto de entrega, nos demais casos de ponto 
de entrega com fornecimento em tensão secundária de distribuição; 
 7 %, calculados a partir dos terminais de saída do gerador, no caso de 
grupo gerador próprio. 
O cálculo da queda de tensão considera o tipo de circuito, o comprimento do 
alimentador, a corrente, a seção do condutor, o tipo de linha e o fator de 
potência da carga. 
Dimensionamento do condutor neutro 
O condutor neutro tem a sua seção dimensionada em função dos condutores 
fase. 
O condutor neutro deve possuir, no mínimo, a mesma seção que os 
condutores fase nos seguintes casos: 
 Em circuitos monofásicos e bifásicos; 
 Em circuitos trifásicos, quando a seção do condutor fase for igual ou 
inferior a 25 mm2. 
 Em circuitos trifásicos, quando for prevista a presença de harmônicas. 
Nos casos de circuitos trifásicos cujos condutores fase tenham seção superior a 
25 mm2 a seção do condutor neutro pode ser inferior à dos condutores fase 
quando as três condições seguintes forem simultaneamente atendidas: 
 O circuito for presumivelmente equilibrado, em serviço normal; 
 A corrente das fases não contiver uma taxa de terceira harmônica e 
múltiplos superior a 15 %; e 
 Quando o condutor neutro for protegido contra sobrecorrentes. 
Na tabela 2.3 são apresentadas as seções mínimas do condutor neutro.",1370,1364
06_procel_eficiencia_edificios_publicos.pdf,Guia de Eficiência Energética em Edifícios Públicos,PROCEL / Ministério de Minas e Energia,relatorio_tecnico,eficiencia_energetica,2025,vigente,guia técnico,eficiência energética em edificações públicas,53,"33 
Tabela 2.3 – Seção reduzida do condutor neutro. 
Cabe ressaltar que o correto dimensionamento leva em consideração a 
distribuição das cargas em vários circuitos de forma uniforme entre as fases. 
Uma instalação com cabos subdimensionados apresentará aquecimento nos 
circuitos, acarretando um desperdício de energia, além do risco de acidentes 
por incêndios. Assim, ao se adicionar novos equipamentos, torna-se necessária 
uma revisão na instalação a fim de verificar a capacidade de condução de 
corrente dos cabos e se os sistemas de proteção dos circuitos irão suportar 
esse acréscimo. 
Deve-se evitar a utilização de cabos condutores de origem duvidosa, pois 
muitas das vezes esta economia pode resultar em prejuízos futuros. Devem ser 
utilizados cabos de marcas conhecidas em cuja qualidade se possa confiar e 
que tenham o “Símbolo de Identificação do Sistema Brasileiro de Certificação” 
colocado no produto e na sua embalagem, que deverá estar acompanhada do 
nome ou marca do Organismo de Certificação de Produto (OCP) credenciado 
pelo Inmetro. A utilização de materiais de baixa qualidade pode provocar o 
envelhecimento acelerado da isolação, dando origem a fugas de corrente e 
curtos-circuitos, causando desperdício de energia e riscos de acidentes. 
As ligações, conexões e emendas de condutores devem ser realizadas com 
extremo cuidado. Esse procedimento visa a eficiência, no sentido de garantir 
um excelente contato entre as partes componentes e distâncias seguras entre 
os condutores e desses com as partes condutoras de eletricidade. Além disso, 
essa prática minimiza as perdas elétricas (por geração de calor, o chamado por 
“efeito Joule”). No que se refere à segurança, no caso particular das emendas, 
é fundamental atentar para o uso de materiais isolantes apropriados, tais 
como fitas isolantes específicas para essa finalidade, por exemplo. Além disso, 
nunca devem ser utilizados outros recursos, tais como fitas adesivas comuns, 
fitas crepe, esparadrapos etc. 
",2005,"Tabela 2.3 – Seção reduzida do condutor neutro. 
Cabe ressaltar que o correto dimensionamento leva em consideração a 
distribuição das cargas em vários circuitos de forma uniforme entre as fases. 
Uma instalação com cabos subdimensionados apresentará aquecimento nos 
circuitos, acarretando um desperdício de energia, além do risco de acidentes 
por incêndios. Assim, ao se adicionar novos equipamentos, torna-se necessária 
uma revisão na instalação a fim de verificar a capacidade de condução de 
corrente dos cabos e se os sistemas de proteção dos circuitos irão suportar 
esse acréscimo. 
Deve-se evitar a utilização de cabos condutores de origem duvidosa, pois 
muitas das vezes esta economia pode resultar em prejuízos futuros. Devem ser 
utilizados cabos de marcas conhecidas em cuja qualidade se possa confiar e 
que tenham o “Símbolo de Identificação do Sistema Brasileiro de Certificação” 
colocado no produto e na sua embalagem, que deverá estar acompanhada do 
nome ou marca do Organismo de Certificação de Produto (OCP) credenciado 
pelo Inmetro. A utilização de materiais de baixa qualidade pode provocar o 
envelhecimento acelerado da isolação, dando origem a fugas de corrente e 
curtos-circuitos, causando desperdício de energia e riscos de acidentes. 
As ligações, conexões e emendas de condutores devem ser realizadas com 
extremo cuidado. Esse procedimento visa a eficiência, no sentido de garantir 
um excelente contato entre as partes componentes e distâncias seguras entre 
os condutores e desses com as partes condutoras de eletricidade. Além disso, 
essa prática minimiza as perdas elétricas (por geração de calor, o chamado por 
“efeito Joule”). No que se refere à segurança, no caso particular das emendas, 
é fundamental atentar para o uso de materiais isolantes apropriados, tais 
como fitas isolantes específicas para essa finalidade, por exemplo. Além disso, 
nunca devem ser utilizados outros recursos, tais como fitas adesivas comuns, 
fitas crepe, esparadrapos etc.",2005,1999
06_procel_eficiencia_edificios_publicos.pdf,Guia de Eficiência Energética em Edifícios Públicos,PROCEL / Ministério de Minas e Energia,relatorio_tecnico,eficiencia_energetica,2025,vigente,guia técnico,eficiência energética em edificações públicas,54,"34 
2.2.3 Dispositivos de proteção 
Os dispositivos de proteção utilizados em uma instalação elétrica são o 
disjuntor de baixa tensão, fabricado em caixa moldada e o dispositivo a 
corrente diferencial-residual (dispositivo DR). Estes equipamentos ficam 
instalados no interior de um quadro de distribuição de energia elétrica e têm 
por finalidade interromper a passagem de corrente no condutor, ao comando 
do operador ou automaticamente, quando percorridos por valores de corrente 
superiores à sua capacidade nominal.  
Disjuntores 
O disjuntor de baixa tensão opera quando por ele circula uma corrente maior 
que a nominal, provocada por uma sobrecarga ou um curto-circuito. A 
operação por sobrecarga ocorrerá devido a uma ação mecânica de lâminas 
bimetálicas, que dispostas em série como o circuito, se curvam fazendo com 
que o disjuntor desarme. Esta ação térmica interrompe correntes de pequena 
intensidade, porém acima do valor nominal, e de longa duração. O rearme do 
disjuntor depois da operação só pode ser realizado depois do esfriamento das 
lâminas bimetálicas. A operação por curto-circuito é resultante do campo 
magnético produzido pela corrente passante sobre as placas ferromagnéticas 
dispostas em posições adequadas. 
Dispositivos a corrente diferencial-residual 
Os dispositivos a corrente diferencial-residual (dispositivos DR) são utilizados 
para a proteção de pessoas e animais contra choque elétrico. O seu princípio 
de funcionamento está baseado na soma fasorial das corrente que percorrem 
os condutores energizados de um circuito em um determinado ponto da 
instalação. Quando a corrente diferencial-residual (IDR) ultrapassar um valor 
preestabelecido o dispositivo interromperá o circuito. 
A norma ABNT NBR 5410 – Instalações Elétricas de Baixa Tensão obriga a 
utilização de dispositivo diferencial-residual de alta sensibilidade (corrente 
diferencial-residual nominal igual ou inferior a 30 mA) como proteção adicional 
as tomadas de corrente até 32 A, nas seguintes situações: 
 Circuitos que sirvam a pontos de utilização situados em locais contendo 
chuveiro ou banheira; 
 Circuitos que alimentem tomadas de corrente situadas em áreas externas 
à edificação; 
 Circuitos de tomadas de corrente situadas em áreas internas que possam 
vir a alimentar equipamentos no exterior; 
 Circuitos que, em locais de habitação, sirvam a pontos de utilização 
situados em cozinhas, copas-cozinhas, lavanderias, áreas de serviço, 
garagens e demais dependências internas molhadas em uso normal ou 
",2536,"2.2.3 Dispositivos de proteção 
Os dispositivos de proteção utilizados em uma instalação elétrica são o 
disjuntor de baixa tensão, fabricado em caixa moldada e o dispositivo a 
corrente diferencial-residual (dispositivo DR). Estes equipamentos ficam 
instalados no interior de um quadro de distribuição de energia elétrica e têm 
por finalidade interromper a passagem de corrente no condutor, ao comando 
do operador ou automaticamente, quando percorridos por valores de corrente 
superiores à sua capacidade nominal. 
Disjuntores 
O disjuntor de baixa tensão opera quando por ele circula uma corrente maior 
que a nominal, provocada por uma sobrecarga ou um curto-circuito. A 
operação por sobrecarga ocorrerá devido a uma ação mecânica de lâminas 
bimetálicas, que dispostas em série como o circuito, se curvam fazendo com 
que o disjuntor desarme. Esta ação térmica interrompe correntes de pequena 
intensidade, porém acima do valor nominal, e de longa duração. O rearme do 
disjuntor depois da operação só pode ser realizado depois do esfriamento das 
lâminas bimetálicas. A operação por curto-circuito é resultante do campo 
magnético produzido pela corrente passante sobre as placas ferromagnéticas 
dispostas em posições adequadas. 
Dispositivos a corrente diferencial-residual 
Os dispositivos a corrente diferencial-residual (dispositivos DR) são utilizados 
para a proteção de pessoas e animais contra choque elétrico. O seu princípio 
de funcionamento está baseado na soma fasorial das corrente que percorrem 
os condutores energizados de um circuito em um determinado ponto da 
instalação. Quando a corrente diferencial-residual (IDR) ultrapassar um valor 
preestabelecido o dispositivo interromperá o circuito. 
A norma ABNT NBR 5410 – Instalações Elétricas de Baixa Tensão obriga a 
utilização de dispositivo diferencial-residual de alta sensibilidade (corrente 
diferencial-residual nominal igual ou inferior a 30 mA) como proteção adicional 
as tomadas de corrente até 32 A, nas seguintes situações: 
 Circuitos que sirvam a pontos de utilização situados em locais contendo 
chuveiro ou banheira; 
 Circuitos que alimentem tomadas de corrente situadas em áreas externas 
à edificação; 
 Circuitos de tomadas de corrente situadas em áreas internas que possam 
vir a alimentar equipamentos no exterior; 
 Circuitos que, em locais de habitação, sirvam a pontos de utilização 
situados em cozinhas, copas-cozinhas, lavanderias, áreas de serviço, 
garagens e demais dependências internas molhadas em uso normal ou",2536,2529
06_procel_eficiencia_edificios_publicos.pdf,Guia de Eficiência Energética em Edifícios Públicos,PROCEL / Ministério de Minas e Energia,relatorio_tecnico,eficiencia_energetica,2025,vigente,guia técnico,eficiência energética em edificações públicas,55,"35 
sujeitas a lavagens, exceção para pontos que alimentem aparelhos de 
iluminação posicionados a uma altura igual ou superior a 2,5 m; 
 Circuitos que, em edificações não residenciais, sirvam a pontos de tomada 
situados em cozinhas, copas-cozinhas, lavanderias, áreas de serviço, 
garagens e, no geral, em áreas internas molhadas em uso normal ou 
sujeitas à lavagem. 
Quando o risco de desligamento de congeladores por atuação intempestiva da 
proteção, associado à hipótese de ausência prolongada de pessoas, significar 
perdas e/ou consequências sanitárias relevantes, recomenda-se que as 
tomadas de corrente previstas para a alimentação de tais equipamentos sejam 
protegidas por dispositivo DR com característica de alta imunidade a 
perturbações transitórias, que o próprio circuito de alimentação do congelador 
seja, sempre que possível, independente e que, caso exista outro dispositivo 
DR a montante do que tem alta imunidade, seja garantida seletividade entre os 
dispositivos. Alternativamente, ao invés de dispositivo DR, a tomada destinada 
ao congelador pode ser protegida por separação elétrica individual, 
recomendando-se que também aí o circuito seja independente e que caso haja 
dispositivo DR a montante, este seja de um tipo imune a perturbações 
transitórias. 
2.2.4 Quadros de distribuição 
Os quadros de distribuição são os pontos onde a energia elétrica é distribuída 
para as cargas. Quanto a sua fabricação podem ser de PVC ou metálicos e sua 
instalação pode ser aparente ou embutida na parede. No interior dos quadros 
de distribuição ficam instalados os dispositivos de proteção e cinco barras de 
cobre. Uma para o condutor neutro, outra para o condutor terra e as três 
barras dos condutores fase (barramento trifásico). 
A existência de quadros antigos com sistemas de proteção inadequados e 
ultrapassados, com cabos com emendas mal feitas, falta de elementos de 
proteção e conexões frouxas, proporciona a ocorrência de perdas pela 
formação de pontos quentes. Estas perdas se dão na forma de efeito Joule e 
muitas das vezes podem causar acidentes, apresentando riscos de segurança 
ao patrimônio e às pessoas. 
2.2.5 Capacitores 
A aplicação dos capacitores em instalações elétricas de pequeno e médio porte 
tem sido um fator importante para cumprimento do limite mínimo de fator de 
potência estabelecido pela legislação em vigor (Resolução Normativa nº 414 da 
Aneel de 9 de setembro de 2010), que é de 0,92. Sua instalação representa 
uma fonte geradora de energia reativa localizada, suprindo parte da demanda 
de potência reativa requerida pelos equipamentos que possuem bobinas, tais 
",2637,"sujeitas a lavagens, exceção para pontos que alimentem aparelhos de 
iluminação posicionados a uma altura igual ou superior a 2,5 m; 
 Circuitos que, em edificações não residenciais, sirvam a pontos de tomada 
situados em cozinhas, copas-cozinhas, lavanderias, áreas de serviço, 
garagens e, no geral, em áreas internas molhadas em uso normal ou 
sujeitas à lavagem. 
Quando o risco de desligamento de congeladores por atuação intempestiva da 
proteção, associado à hipótese de ausência prolongada de pessoas, significar 
perdas e/ou consequências sanitárias relevantes, recomenda-se que as 
tomadas de corrente previstas para a alimentação de tais equipamentos sejam 
protegidas por dispositivo DR com característica de alta imunidade a 
perturbações transitórias, que o próprio circuito de alimentação do congelador 
seja, sempre que possível, independente e que, caso exista outro dispositivo 
DR a montante do que tem alta imunidade, seja garantida seletividade entre os 
dispositivos. Alternativamente, ao invés de dispositivo DR, a tomada destinada 
ao congelador pode ser protegida por separação elétrica individual, 
recomendando-se que também aí o circuito seja independente e que caso haja 
dispositivo DR a montante, este seja de um tipo imune a perturbações 
transitórias. 
2.2.4 Quadros de distribuição 
Os quadros de distribuição são os pontos onde a energia elétrica é distribuída 
para as cargas. Quanto a sua fabricação podem ser de PVC ou metálicos e sua 
instalação pode ser aparente ou embutida na parede. No interior dos quadros 
de distribuição ficam instalados os dispositivos de proteção e cinco barras de 
cobre. Uma para o condutor neutro, outra para o condutor terra e as três 
barras dos condutores fase (barramento trifásico). 
A existência de quadros antigos com sistemas de proteção inadequados e 
ultrapassados, com cabos com emendas mal feitas, falta de elementos de 
proteção e conexões frouxas, proporciona a ocorrência de perdas pela 
formação de pontos quentes. Estas perdas se dão na forma de efeito Joule e 
muitas das vezes podem causar acidentes, apresentando riscos de segurança 
ao patrimônio e às pessoas. 
2.2.5 Capacitores 
A aplicação dos capacitores em instalações elétricas de pequeno e médio porte 
tem sido um fator importante para cumprimento do limite mínimo de fator de 
potência estabelecido pela legislação em vigor (Resolução Normativa nº 414 da 
Aneel de 9 de setembro de 2010), que é de 0,92. Sua instalação representa 
uma fonte geradora de energia reativa localizada, suprindo parte da demanda 
de potência reativa requerida pelos equipamentos que possuem bobinas, tais",2637,2631
06_procel_eficiencia_edificios_publicos.pdf,Guia de Eficiência Energética em Edifícios Públicos,PROCEL / Ministério de Minas e Energia,relatorio_tecnico,eficiencia_energetica,2025,vigente,guia técnico,eficiência energética em edificações públicas,56,"36 
como motores de indução, reatores, transformadores etc. Este tipo de carga 
apresenta um fator de potência reativo indutivo. 
Fator de potência: O fator de potência indica qual porcentagem da potência 
aparente total fornecida (kV∙A) é efetivamente utilizada como potência ativa 
(kW). 
Dessa forma, o fator de potência é a razão entre a potência ativa (kW) e a 
potência aparente (kV∙A), sendo obtido a partir da expressão 2.3: 
   
  
        (2.3) 
O fator de potência mostra o grau de eficiência do uso dos sistemas elétricos. 
Valores altos de fator de potência (próximos de 1,0) indicam uso eficiente da 
energia 
elétrica, 
enquanto 
valores 
baixos 
evidenciam 
seu 
mau 
aproveitamento, além de representarem sobrecarga em todo sistema elétrico 
tanto do consumidor como da concessionária. 
Os sistemas elétricos que operam com excesso de reativos (potência reativa) 
comprometem desnecessariamente a componente ativa, que representa a 
potência ativa do sistema, ou seja, aquela necessária à realização de trabalho. 
Nesta situação, torna-se necessário tomar medidas para a diminuição da 
potência reativa, para melhorar o sistema elétrico, possibilitando um aumento 
de potência ativa, sem a ampliação da capacidade dos equipamentos e 
circuitos elétricos. 
Equipamentos elétricos como os motores, além de consumirem energia ativa, 
solicitam também energia reativa, necessária para criar o fluxo magnético que 
o seu funcionamento exige. Com a relação entre estes dois valores, determina-
se o fator de potência médio indutivo (FP) num determinado período. 
A potência ativa medida em kW é a que realiza o trabalho efetivamente, 
gerando calor, luz, movimento etc. A potência reativa medida em kV∙A é 
necessária para criar e manter o campo eletromagnético necessário para o 
funcionamento das cargas indutivas (que possuem bobinas). 
As principais causas do baixo fator de potência são: 
 Motores operando em vazio ou superdimensionados; 
 Transformadores operando em vazio ou com pequenas cargas; 
 Nível de tensão acima da nominal; 
 Reatores de lâmpadas de descarga com FP baixo; 
 Grande quantidade de motores de pequena potência. 
Os baixos valores de fator de potência provocam um aumento na corrente 
total que circula nos circuitos da unidade consumidora e nas redes de 
distribuição das concessionárias, sobrecarregando as linhas de distribuição, 
",2379,"como motores de indução, reatores, transformadores etc. Este tipo de carga 
apresenta um fator de potência reativo indutivo. 
Fator de potência: O fator de potência indica qual porcentagem da potência 
aparente total fornecida (kV∙A) é efetivamente utilizada como potência ativa 
(kW). 
Dessa forma, o fator de potência é a razão entre a potência ativa (kW) e a 
potência aparente (kV∙A), sendo obtido a partir da expressão 2.3: 
 
 
 (2.3) 
O fator de potência mostra o grau de eficiência do uso dos sistemas elétricos. 
Valores altos de fator de potência (próximos de 1,0) indicam uso eficiente da 
energia 
elétrica, 
enquanto 
valores 
baixos 
evidenciam 
seu 
mau 
aproveitamento, além de representarem sobrecarga em todo sistema elétrico 
tanto do consumidor como da concessionária. 
Os sistemas elétricos que operam com excesso de reativos (potência reativa) 
comprometem desnecessariamente a componente ativa, que representa a 
potência ativa do sistema, ou seja, aquela necessária à realização de trabalho. 
Nesta situação, torna-se necessário tomar medidas para a diminuição da 
potência reativa, para melhorar o sistema elétrico, possibilitando um aumento 
de potência ativa, sem a ampliação da capacidade dos equipamentos e 
circuitos elétricos. 
Equipamentos elétricos como os motores, além de consumirem energia ativa, 
solicitam também energia reativa, necessária para criar o fluxo magnético que 
o seu funcionamento exige. Com a relação entre estes dois valores, determina-
se o fator de potência médio indutivo (FP) num determinado período. 
A potência ativa medida em kW é a que realiza o trabalho efetivamente, 
gerando calor, luz, movimento etc. A potência reativa medida em kV∙A é 
necessária para criar e manter o campo eletromagnético necessário para o 
funcionamento das cargas indutivas (que possuem bobinas). 
As principais causas do baixo fator de potência são: 
 Motores operando em vazio ou superdimensionados; 
 Transformadores operando em vazio ou com pequenas cargas; 
 Nível de tensão acima da nominal; 
 Reatores de lâmpadas de descarga com FP baixo; 
 Grande quantidade de motores de pequena potência. 
Os baixos valores de fator de potência provocam um aumento na corrente 
total que circula nos circuitos da unidade consumidora e nas redes de 
distribuição das concessionárias, sobrecarregando as linhas de distribuição,",2379,2363
06_procel_eficiencia_edificios_publicos.pdf,Guia de Eficiência Energética em Edifícios Públicos,PROCEL / Ministério de Minas e Energia,relatorio_tecnico,eficiencia_energetica,2025,vigente,guia técnico,eficiência energética em edificações públicas,57,"37 
transmissão e subestações, prejudicando a estabilidade e ocupando espaço 
nos sistemas elétricos. 
Com o aumento da corrente circulante, crescem as perdas na forma de calor, 
uma vez que elas são proporcionais ao quadrado da corrente total circulante. 
Desta forma, como o baixo fator de potência provoca o aumento da corrente, 
estabelece-se uma relação com aumento das perdas provocado pela elevação 
da temperatura nos condutores e equipamentos. Este aumento da corrente 
provoca uma queda na tensão, podendo provocar sobrecargas em elementos 
da rede de distribuição, levando até em alguns casos a interrupções no 
fornecimento da energia. Nas instalações consumidoras, as quedas de tensão 
podem provocar diminuição da intensidade luminosa das lâmpadas e um 
aumento nas correntes dos motores. 
Para a correção do fator de potência são utilizados grupos de capacitores. Sua 
instalação representa uma fonte geradora de energia reativa localizada, 
suprindo parte da demanda de potência reativa requerida pelos equipamentos 
que possuem bobinas, tais como motores de indução, reatores, 
transformadores etc. 
No Brasil, a Agência Nacional de Energia Elétrica - Aneel estabelece que o fator 
de potência, para as unidades consumidoras dos grupos A e B, deve ser 
superior a 0,92 capacitivo durante 6 horas consecutivas, compreendida, a 
critério da distribuibora, entre 23 h 30 min e 06 h 30 min, e 0,92 indutivo 
durante as outras 18 horas do dia. Esse limite é determinado pelo Artigo nº 95 
da Resolução Normativa da Aneel nº 414 de 09 de setembro de 2010. Aos 
montantes de energia elétrica e demanda de potência reativos que excederem 
o limite permitido serão cobrados valores adicionais ao faturamento regular.
Correção do fator de potência: A correção do fator de potência de uma 
instalação pode ser realizada através de capacitores ou de motores síncronos. 
Optando pelo uso de capacitores, estes podem ser fixos ou banco de 
capacitores automático. Quanto à instalação do equipamento, esta pode ser: 
próxima às cargas, no quadro geral de distribuição, na entrada de energia ou 
junto a um grupo de cargas indutivas. 
a.
Instalação de banco de capacitores junto às cargas indutivas
Neste tipo de instalação a circulação da energia reativa fica restrita a estes 
equipamentos. 
Desta forma, o capacitor passa a fornecer a energia reativa necessária ao seu 
funcionamento e eles deixam de solicitá-la da rede. Assim, os reativos são 
gerados somente onde são necessários, melhorando o nível de tensão na 
instalação, diminuindo a carga nos circuitos de alimentação dos equipamentos 
e reduzindo as perdas por aumento de corrente da instalação. Convém 
",2668,"transmissão e subestações, prejudicando a estabilidade e ocupando espaço 
nos sistemas elétricos. 
Com o aumento da corrente circulante, crescem as perdas na forma de calor, 
uma vez que elas são proporcionais ao quadrado da corrente total circulante. 
Desta forma, como o baixo fator de potência provoca o aumento da corrente, 
estabelece-se uma relação com aumento das perdas provocado pela elevação 
da temperatura nos condutores e equipamentos. Este aumento da corrente 
provoca uma queda na tensão, podendo provocar sobrecargas em elementos 
da rede de distribuição, levando até em alguns casos a interrupções no 
fornecimento da energia. Nas instalações consumidoras, as quedas de tensão 
podem provocar diminuição da intensidade luminosa das lâmpadas e um 
aumento nas correntes dos motores. 
Para a correção do fator de potência são utilizados grupos de capacitores. Sua 
instalação representa uma fonte geradora de energia reativa localizada, 
suprindo parte da demanda de potência reativa requerida pelos equipamentos 
que possuem bobinas, tais como motores de indução, reatores, 
transformadores etc. 
No Brasil, a Agência Nacional de Energia Elétrica - Aneel estabelece que o fator 
de potência, para as unidades consumidoras dos grupos A e B, deve ser 
superior a 0,92 capacitivo durante 6 horas consecutivas, compreendida, a 
critério da distribuibora, entre 23 h 30 min e 06 h 30 min, e 0,92 indutivo 
durante as outras 18 horas do dia. Esse limite é determinado pelo Artigo nº 95 
da Resolução Normativa da Aneel nº 414 de 09 de setembro de 2010. Aos 
montantes de energia elétrica e demanda de potência reativos que excederem 
o limite permitido serão cobrados valores adicionais ao faturamento regular.
Correção do fator de potência: A correção do fator de potência de uma 
instalação pode ser realizada através de capacitores ou de motores síncronos. 
Optando pelo uso de capacitores, estes podem ser fixos ou banco de 
capacitores automático. Quanto à instalação do equipamento, esta pode ser: 
próxima às cargas, no quadro geral de distribuição, na entrada de energia ou 
junto a um grupo de cargas indutivas. 
a.
Instalação de banco de capacitores junto às cargas indutivas
Neste tipo de instalação a circulação da energia reativa fica restrita a estes 
equipamentos. 
Desta forma, o capacitor passa a fornecer a energia reativa necessária ao seu 
funcionamento e eles deixam de solicitá-la da rede. Assim, os reativos são 
gerados somente onde são necessários, melhorando o nível de tensão na 
instalação, diminuindo a carga nos circuitos de alimentação dos equipamentos 
e reduzindo as perdas por aumento de corrente da instalação. Convém",2668,2662
06_procel_eficiencia_edificios_publicos.pdf,Guia de Eficiência Energética em Edifícios Públicos,PROCEL / Ministério de Minas e Energia,relatorio_tecnico,eficiencia_energetica,2025,vigente,guia técnico,eficiência energética em edificações públicas,58,"38 
lembrar que a compra de muitos capacitores de pequena potência implica um 
custo mais elevado do que a compra de um capacitor de potência maior. Em 
geral, neste tipo de instalação são usados capacitores fixos. 
b.
Instalação de bancos de capacitores junto ao quadro geral de
distribuição
Os capacitores são colocados no circuito geral da instalação na saída do 
transformador, ou no quadro geral se esta for de baixa tensão. O principal 
ponto crítico deste tipo de solução é que a rede de distribuição interna de 
alimentação dos equipamentos não será aliviada no transporte dos reativos. 
Neste tipo de instalação, podem ser utilizados tanto capacitores fixos quanto 
banco de capacitores automático. 
c.
Instalação de bancos de capacitores na entrada da energia em alta
tensão
Este tipo de solução é o mais utilizado por instalações que possuam uma 
subestação principal e outras secundárias, uma vez que ao corrigir o fator de 
potência pelo lado de alta, os transformadores e toda linha de distribuição 
dentro da unidade consumidora ainda permaneceriam sobrecarregados pela 
utilização da energia reativa. 
d.
Instalação de bancos de capacitores junto a grupos de cargas indutivas
O banco de capacitores é instalado de forma a suprir a necessidade de energia 
reativa de um grupo de equipamentos pertencentes a determinado setor. A 
potência necessária total será menor que no caso da compensação individual, 
além de o custo do capacitor de maior potência também ser mais baixo. Neste 
tipo de instalação, podem ser utilizados tanto capacitores fixos quanto banco 
de capacitores automático. 
A decisão da opção a ser utilizada para a correção do fator de potência 
(capacitores fixos ou banco de capacitores automático) deve levar em conta 
aspectos econômicos e técnicos. 
2.3 Equilíbrio de fases 
A correta divisão dos circuitos de uma instalação elétrica permite que se eliminem 
as perdas por aquecimento em condutores sobrecarregados. Desta forma, 
recomenda-se que a divisão seja feita da forma que as fases possuam cargas 
compatíveis com a capacidade dos condutores e sistemas de proteção e que a 
carga seja distribuída de forma a manter as fases equilibradas. 
",2184,"lembrar que a compra de muitos capacitores de pequena potência implica um 
custo mais elevado do que a compra de um capacitor de potência maior. Em 
geral, neste tipo de instalação são usados capacitores fixos. 
b.
Instalação de bancos de capacitores junto ao quadro geral de
distribuição
Os capacitores são colocados no circuito geral da instalação na saída do 
transformador, ou no quadro geral se esta for de baixa tensão. O principal 
ponto crítico deste tipo de solução é que a rede de distribuição interna de 
alimentação dos equipamentos não será aliviada no transporte dos reativos. 
Neste tipo de instalação, podem ser utilizados tanto capacitores fixos quanto 
banco de capacitores automático. 
c.
Instalação de bancos de capacitores na entrada da energia em alta
tensão
Este tipo de solução é o mais utilizado por instalações que possuam uma 
subestação principal e outras secundárias, uma vez que ao corrigir o fator de 
potência pelo lado de alta, os transformadores e toda linha de distribuição 
dentro da unidade consumidora ainda permaneceriam sobrecarregados pela 
utilização da energia reativa. 
d.
Instalação de bancos de capacitores junto a grupos de cargas indutivas
O banco de capacitores é instalado de forma a suprir a necessidade de energia 
reativa de um grupo de equipamentos pertencentes a determinado setor. A 
potência necessária total será menor que no caso da compensação individual, 
além de o custo do capacitor de maior potência também ser mais baixo. Neste 
tipo de instalação, podem ser utilizados tanto capacitores fixos quanto banco 
de capacitores automático. 
A decisão da opção a ser utilizada para a correção do fator de potência 
(capacitores fixos ou banco de capacitores automático) deve levar em conta 
aspectos econômicos e técnicos. 
2.3 Equilíbrio de fases 
A correta divisão dos circuitos de uma instalação elétrica permite que se eliminem 
as perdas por aquecimento em condutores sobrecarregados. Desta forma, 
recomenda-se que a divisão seja feita da forma que as fases possuam cargas 
compatíveis com a capacidade dos condutores e sistemas de proteção e que a 
carga seja distribuída de forma a manter as fases equilibradas.",2184,2178
06_procel_eficiencia_edificios_publicos.pdf,Guia de Eficiência Energética em Edifícios Públicos,PROCEL / Ministério de Minas e Energia,relatorio_tecnico,eficiencia_energetica,2025,vigente,guia técnico,eficiência energética em edificações públicas,59,"39 
2.4 Referências 
1.
ABNT NBR 5440:2011 – Transformadores para redes aéreas de
distribuição – Requisitos.
2.
ABNT NBR 5410:2004 – Instalações Elétricas de baixa Tensão.
3.
Resolução Normativa Nº 414,  de 9 de setembro de 2010 – Aneel.
4.
Manual de Prédios Eficientes em Energia Elétrica – Eletrobras/Procel e
Ibam – 2002.
",325,"2.4 Referências 
1.
ABNT NBR 5440:2011 – Transformadores para redes aéreas de
distribuição – Requisitos.
2.
ABNT NBR 5410:2004 – Instalações Elétricas de baixa Tensão.
3.
Resolução Normativa Nº 414, de 9 de setembro de 2010 – Aneel.
4.
Manual de Prédios Eficientes em Energia Elétrica – Eletrobras/Procel e
Ibam – 2002.",325,319
06_procel_eficiencia_edificios_publicos.pdf,Guia de Eficiência Energética em Edifícios Públicos,PROCEL / Ministério de Minas e Energia,relatorio_tecnico,eficiencia_energetica,2025,vigente,guia técnico,eficiência energética em edificações públicas,60,"40 
3. Ar-condicionado
Este capítulo se destina a fornecer conceitos básicos ao gestor em relação a 
sistemas de ar-condicionado (AC), com respeito às tecnologias disponíveis no 
mercado local, tipologia dos equipamentos, suas aplicabilidades com respeito ao 
porte das instalações, principais componentes de um ciclo frigorífico por 
compressão, conceitos de eficiência dos equipamentos (performance), eficiências 
típicas, carga térmica de uma edificação e requisitos para seu cálculo (parâmetros 
de projeto, programas computacionais, etc.) e normas aplicáveis. Estes conceitos 
fornecerão ao gestor, elementos básicos para avaliar o Diagnóstico Energético e 
seus desdobramentos (economias, Projeto Básico, Projeto Executivo, etc.). 
3.1 Porte dos sistemas e sua aplicabilidade: pequeno/médio 
porte; grande porte 
Uma forma de classificar a instalação de condicionamento de ar é quanto ao seu 
“porte”, ou seja, sua capacidade, que pode ser expressa em Toneladas de 
Refrigeração - TR (1 TR equivale a 12000 BTU/h). 
3.1.1 Instalação de pequeno/médio porte 
Instalações de até 100 TR são consideradas de pequeno ou médio porte. A 
instalação pode consistir no uso de um ou mais condicionadores unitários, tipo 
“janela”, conforme mostrado na figura 3.1, ou do tipo split, conforme 
mostrado na figura 3.2. Pode ainda consistir num sistema um pouco mais 
complexo, 
constituído 
de 
condicionadores 
tipo 
self-
contained (compacto), podendo compor, ou não, rede de dutos para 
distribuição do ar e componentes conexos, conforme mostrado na figura 3.3.  
Figura 3.1 – Condicionador unitário tipo “janela”
",1609,"3. Ar-condicionado
Este capítulo se destina a fornecer conceitos básicos ao gestor em relação a 
sistemas de ar-condicionado (AC), com respeito às tecnologias disponíveis no 
mercado local, tipologia dos equipamentos, suas aplicabilidades com respeito ao 
porte das instalações, principais componentes de um ciclo frigorífico por 
compressão, conceitos de eficiência dos equipamentos (performance), eficiências 
típicas, carga térmica de uma edificação e requisitos para seu cálculo (parâmetros 
de projeto, programas computacionais, etc.) e normas aplicáveis. Estes conceitos 
fornecerão ao gestor, elementos básicos para avaliar o Diagnóstico Energético e 
seus desdobramentos (economias, Projeto Básico, Projeto Executivo, etc.). 
3.1 Porte dos sistemas e sua aplicabilidade: pequeno/médio 
porte; grande porte 
Uma forma de classificar a instalação de condicionamento de ar é quanto ao seu 
“porte”, ou seja, sua capacidade, que pode ser expressa em Toneladas de 
Refrigeração - TR (1 TR equivale a 12000 BTU/h). 
3.1.1 Instalação de pequeno/médio porte 
Instalações de até 100 TR são consideradas de pequeno ou médio porte. A 
instalação pode consistir no uso de um ou mais condicionadores unitários, tipo 
“janela”, conforme mostrado na figura 3.1, ou do tipo split, conforme 
mostrado na figura 3.2. Pode ainda consistir num sistema um pouco mais 
complexo, 
constituído 
de 
condicionadores 
tipo 
self-
contained (compacto), podendo compor, ou não, rede de dutos para 
distribuição do ar e componentes conexos, conforme mostrado na figura 3.3. 
Figura 3.1 – Condicionador unitário tipo “janela”",1609,1603
06_procel_eficiencia_edificios_publicos.pdf,Guia de Eficiência Energética em Edifícios Públicos,PROCEL / Ministério de Minas e Energia,relatorio_tecnico,eficiencia_energetica,2025,vigente,guia técnico,eficiência energética em edificações públicas,62,"42 
Figura 3.3 – Instalação de condicionadores tipo self-contained (condensação a 
água) 
3.1.2 Instalação de médio/grande porte 
Instalações acima de 100 TR podem assumir diversas configurações, mas a 
título de ilustração, vamos apresentar os constituintes de um sistema típico de 
água gelada (expansão indireta), conforme mostrado nas figuras 3.4-A e 3.4-B. 
Torre de
resfriamento
Bomba de água
de condensação
Circuito da torre
de resfriamento
Resfriador
Trocador de calor
Circuito de água
gelada
Bomba de água
gelada
Figura 3.4-A – Sistema de “água gelada” (expansão indireta) – Equipamentos da 
Central de Água Gelada (CAG) 
",631,"Figura 3.3 – Instalação de condicionadores tipo self-contained (condensação a 
água) 
3.1.2 Instalação de médio/grande porte 
Instalações acima de 100 TR podem assumir diversas configurações, mas a 
título de ilustração, vamos apresentar os constituintes de um sistema típico de 
água gelada (expansão indireta), conforme mostrado nas figuras 3.4-A e 3.4-B. 
Torre de
resfriamento
Bomba de água
de condensação
Circuito da torre
de resfriamento
Resfriador
Trocador de calor
Circuito de água
gelada
Bomba de água
gelada
Figura 3.4-A – Sistema de “água gelada” (expansão indireta) – Equipamentos da 
Central de Água Gelada (CAG)",631,625
06_procel_eficiencia_edificios_publicos.pdf,Guia de Eficiência Energética em Edifícios Públicos,PROCEL / Ministério de Minas e Energia,relatorio_tecnico,eficiencia_energetica,2025,vigente,guia técnico,eficiência energética em edificações públicas,63,"43 
Figura 3.4-B – Sistema típico de Água Gelada (expansão indireta) e climatizador 
tipo fan-coil 
3.2 Ciclo Frigorífico por Compressão 
A evolução do fluido refrigerante, num ciclo fechado, e os principais componentes 
de um ciclo a compressão são mostrados na figura 3.5. 
Figura 3.5 – Ciclo frigorífico por compressão – Principais componentes 
3.3 Parâmetros indicadores da eficiência de equipamentos de 
ar-condicionado: COP, EER, kW/TR 
A eficiência dos equipamentos de ar-condicionado (AC), baseados nos ciclos por 
compressão, pode ser expressa de formas diversas dependendo da fonte dos 
dados (internet, literatura especializada, catálogos de fabricantes, normas 
técnicas). O indicador de eficiência relaciona o consumo de energia elétrica 
necessário para gerar o “frio” requerido (ou vice-versa). Esse indicador serve para 
orientar o projetista ou o consumidor quanto à forma econômica de seleção do 
equipamento. 
",929,"Figura 3.4-B – Sistema típico de Água Gelada (expansão indireta) e climatizador 
tipo fan-coil 
3.2 Ciclo Frigorífico por Compressão 
A evolução do fluido refrigerante, num ciclo fechado, e os principais componentes 
de um ciclo a compressão são mostrados na figura 3.5. 
Figura 3.5 – Ciclo frigorífico por compressão – Principais componentes 
3.3 Parâmetros indicadores da eficiência de equipamentos de 
ar-condicionado: COP, EER, kW/TR 
A eficiência dos equipamentos de ar-condicionado (AC), baseados nos ciclos por 
compressão, pode ser expressa de formas diversas dependendo da fonte dos 
dados (internet, literatura especializada, catálogos de fabricantes, normas 
técnicas). O indicador de eficiência relaciona o consumo de energia elétrica 
necessário para gerar o “frio” requerido (ou vice-versa). Esse indicador serve para 
orientar o projetista ou o consumidor quanto à forma econômica de seleção do 
equipamento.",929,923
06_procel_eficiencia_edificios_publicos.pdf,Guia de Eficiência Energética em Edifícios Públicos,PROCEL / Ministério de Minas e Energia,relatorio_tecnico,eficiencia_energetica,2025,vigente,guia técnico,eficiência energética em edificações públicas,64,"44 
3.3.1 Coeficiente de Performance (COP) 
Este é um índice importante para avaliar o desempenho (eficiência) de um 
equipamento de climatização/refrigeração (selfs, chillers, etc.). Ele nos dá um 
valor que relaciona a capacidade de remoção de calor de um equipamento 
(potência útil ou Efeito Frigorífico) à potência requerida pelo compressor. Ele é 
adimensional e quanto maior o COP, melhor o rendimento do equipamento.  
Observe-se que é um índice maior que um, sendo dado pela expressão 3.1: 
DEMANDADA
POTÊNCIA
ÚTIL
POTÊNCIA
COP 
(3.1) 
3.3.2 Energy Efficiency Rating – EER (Relação de Eficiência 
Energética) 
Esse é outro parâmetro usado para indicar a eficiência de uma máquina 
frigorífica, relacionando o Efeito Frigorífico (EF) produzido e o trabalho de 
compressão (w) realizado, sendo dado pela expressão 3.2: 
W
h
BTU
w
EF
EER
/


(3.2) 
3.3.3 Eficiência em kW/TR 
Um forma bastante usual de indicar a eficiência de um equipamento 
frigorífico, principalmente de grande porte, é em kW/TR, sendo a TR (Tonelada 
de Refrigeração) equivalente a 12.000 BTU/h. Nesse caso, relaciona-se o 
trabalho de compressão (em kW), com o efeito frigorífico (em TR), sendo dado 
pela expressão 3.3.  
)
(
)
(
/
TR
kW
EF
w
TR
kW


(3.3) 
Existe uma correlação entre o indicador de eficiência EER e a eficiência 
expressa em kW/TR, conforme mostrado nas expressões 3.4 e 3.5: 
TR
kW
COP
53
,3

(3.4) 
EER
TR
kW
12
/

(3.5) 
",1429,"3.3.1 Coeficiente de Performance (COP) 
Este é um índice importante para avaliar o desempenho (eficiência) de um 
equipamento de climatização/refrigeração (selfs, chillers, etc.). Ele nos dá um 
valor que relaciona a capacidade de remoção de calor de um equipamento 
(potência útil ou Efeito Frigorífico) à potência requerida pelo compressor. Ele é 
adimensional e quanto maior o COP, melhor o rendimento do equipamento. 
Observe-se que é um índice maior que um, sendo dado pela expressão 3.1: 
DEMANDADA
POTÊNCIA
ÚTIL
POTÊNCIA
COP 
(3.1) 
3.3.2 Energy Efficiency Rating – EER (Relação de Eficiência 
Energética) 
Esse é outro parâmetro usado para indicar a eficiência de uma máquina 
frigorífica, relacionando o Efeito Frigorífico (EF) produzido e o trabalho de 
compressão (w) realizado, sendo dado pela expressão 3.2: 
W
h
BTU
w
EF
EER
/


(3.2) 
3.3.3 Eficiência em kW/TR 
Um forma bastante usual de indicar a eficiência de um equipamento 
frigorífico, principalmente de grande porte, é em kW/TR, sendo a TR (Tonelada 
de Refrigeração) equivalente a 12.000 BTU/h. Nesse caso, relaciona-se o 
trabalho de compressão (em kW), com o efeito frigorífico (em TR), sendo dado 
pela expressão 3.3. 
)
(
)
(
/
TR
kW
EF
w
TR
kW


(3.3) 
Existe uma correlação entre o indicador de eficiência EER e a eficiência 
expressa em kW/TR, conforme mostrado nas expressões 3.4 e 3.5: 
TR
kW
COP
53,3

(3.4) 
EER
TR
kW
 
/

(3.5)",1429,1419
06_procel_eficiencia_edificios_publicos.pdf,Guia de Eficiência Energética em Edifícios Públicos,PROCEL / Ministério de Minas e Energia,relatorio_tecnico,eficiencia_energetica,2025,vigente,guia técnico,eficiência energética em edificações públicas,65,"45 
3.4 Indicadores de eficiência, aplicação, vantagens e desvantagens/limitações típicas (Tabela 3.1) 
Tabela 3.1 – Indicadores de eficiência, aplicação, vantagens e desvantagens/limitações típicas, por tipologia de equipamentos. 
EFICIÊNCIA 
EQUIPAMENTO 
COP* 
(W/W) 
kW/TR* 
APLICAÇÃO (TAMANHO DA 
INSTALAÇÃO) 
VANTAGENS 
DESVANTAGENS/LIMITAÇÕES 
≥2,82 
≤1,25 
PEQUENA - MÉDIA 
-menor custo inicial (investimento); 
-instalação simples; 
-manutenção: é requerida mão de obra 
menos especializada; 
- relativo controle sobre a temperatura 
de conforto (do ar) nas áreas cobertas; 
-aparelhos “eletrônicos” permitem 
ajuste mais preciso de temperatura; 
-interfere na fachada do prédio; 
-requer ponto de drenagem para bandeja 
de condensado (externa); 
-pouco ou nenhum controle sobre vazão 
de ar de renovação (ventilação), podendo 
ter uso limitado a 36000 BTU/h para área 
delimitada - Ver Norma; 
- maior nível de ruído no ambiente; 
- aparelhos “mecânicos” não permitem 
ajuste preciso de temperatura; 
≥3,2 
≤1,10 
PEQUENA - MÉDIA 
-menor custo inicial (investimento); 
-instalação simples; 
-manutenção: é requerida mão de obra 
menos especializada; 
- relativo controle sobre a temperatura 
de conforto (do ar) nas áreas cobertas; 
-funcionamento silencioso; 
- interfere na fachada do prédio (unidade 
externa); 
- requer ponto de drenagem para 
bandeja de condensado (unidade 
interna); 
- pouco ou nenhum controle sobre vazão 
de ar de renovação (ventilação); 
- pode requerer caixa ventiladora auxiliar 
com filtragem. Ver Norma; 
3,53 
2,71 
1,0 (Cond.-
água) 
1,3 (Cond.-
ar) 
PEQUENA - MÉDIA 
-médio custo inicial (investimento); 
-manutenção: mão de obra 
medianamente especializada; 
-instalação de média complexidade, 
podendo ser instalada no recinto (sem 
dutos) ou em sala de máquinas (com 
dutos para distribuição de ar, 
interferindo durante a obra); 
- requer tomada de ar de ventilação 
(renovação);  
- para condensação a água, requer torre 
de resfriamento (cobertura ou térreo), 
bomba, tubulações, etc. 
- para condensação a ar, requer tomar de 
ar externo; 
Condicionador 
de ar unitário 
tipo “janela” 
(CUJ) 
Condicionador 
de ar tipo split 
Condicionador 
de ar tipo self
@água/ar 
",2217,"3.4 Indicadores de eficiência, aplicação, vantagens e desvantagens/limitações típicas (Tabela 3.1) 
Tabela 3.1 – Indicadores de eficiência, aplicação, vantagens e desvantagens/limitações típicas, por tipologia de equipamentos. 
EFICIÊNCIA 
EQUIPAMENTO 
COP* 
(W/W) 
kW/TR* 
APLICAÇÃO (TAMANHO DA 
INSTALAÇÃO) 
VANTAGENS 
DESVANTAGENS/LIMITAÇÕES 
≥2,82 
≤1,25 
PEQUENA - MÉDIA 
-menor custo inicial (investimento); 
-instalação simples; 
-manutenção: é requerida mão de obra 
menos especializada; 
- relativo controle sobre a temperatura 
de conforto (do ar) nas áreas cobertas; 
-aparelhos “eletrônicos” permitem 
ajuste mais preciso de temperatura; 
-interfere na fachada do prédio; 
-requer ponto de drenagem para bandeja 
de condensado (externa); 
-pouco ou nenhum controle sobre vazão 
de ar de renovação (ventilação), podendo 
ter uso limitado a 36000 BTU/h para área 
delimitada - Ver Norma; 
- maior nível de ruído no ambiente; 
- aparelhos “mecânicos” não permitem 
ajuste preciso de temperatura; 
≥3,2 
≤1,10 
PEQUENA - MÉDIA 
-menor custo inicial (investimento); 
-instalação simples; 
-manutenção: é requerida mão de obra 
menos especializada; 
- relativo controle sobre a temperatura 
de conforto (do ar) nas áreas cobertas; 
-funcionamento silencioso; 
- interfere na fachada do prédio (unidade 
externa); 
- requer ponto de drenagem para 
bandeja de condensado (unidade 
interna); 
- pouco ou nenhum controle sobre vazão 
de ar de renovação (ventilação); 
- pode requerer caixa ventiladora auxiliar 
com filtragem. Ver Norma; 
3,53 
2,71 
1,0 (Cond.-
água) 
1,3 (Cond.-
ar) 
PEQUENA - MÉDIA 
-médio custo inicial (investimento); 
-manutenção: mão de obra 
medianamente especializada; 
-instalação de média complexidade, 
podendo ser instalada no recinto (sem 
dutos) ou em sala de máquinas (com 
dutos para distribuição de ar, 
interferindo durante a obra); 
- requer tomada de ar de ventilação 
(renovação); 
- para condensação a água, requer torre 
de resfriamento (cobertura ou térreo), 
bomba, tubulações, etc. 
- para condensação a ar, requer tomar de 
ar externo; 
Condicionador 
de ar unitário 
tipo “janela” 
(CUJ) 
Condicionador 
de ar tipo split 
Condicionador 
de ar tipo self
@água/ar",2217,2210
06_procel_eficiencia_edificios_publicos.pdf,Guia de Eficiência Energética em Edifícios Públicos,PROCEL / Ministério de Minas e Energia,relatorio_tecnico,eficiencia_energetica,2025,vigente,guia técnico,eficiência energética em edificações públicas,66,"46 
EFICIÊNCIA/ 
EQUIPAMENTO 
COP* 
(W/W) 
kW/TR* 
APLICAÇÃO ( TAMANHO  DA 
INSTALAÇÃO) 
VANTAGENS 
DESVANTAGENS/LIMITAÇÕES 
6,3 
0,56 
MÉDIA-GRANDE 
- maiores eficiências térmicas com maior 
economia no consumo energético; 
- manutenção: mão de obra bastante 
especializada, porém com baixa 
interferência no ambiente de trabalho 
(atuando na CAG e salas de máquinas 
dos pavimentos). Ver Fig. 6 e 9; 
- condições de conforto (térmico e 
acústico) podendo ser melhor 
controlada; 
- gestão energética e de parâmetros 
exequível por sistema  computacional 
-altos custos de investimentos; 
-requer mão de obra altamente 
especializada; 
- sistemas associados complexos para 
distribuição de água e ar (Ver Figs. 6,7,8,9 
e11); 
-instrumentação e controle 
relativamente complexa; 
- requer local para instalação da CAG e 
Salas de máquinas dos fan coils, nos 
pavimentos- Ver Figs. 6,7,8,9 e11;  
- a distribuição de água gelada requer 
“prumada” de tubulação e distribuição 
nos andares. 
3,4 
1,1 
MÉDIA-GRANDE 
- maiores eficiências térmicas com maior 
economia no consumo energético; 
- manutenção: mão de obra bastante 
especializada, porém com baixa 
interferência no ambiente de trabalho 
(atuando na CAG e salas de máquinas 
dos pavimentos)- Ver Fig. 6 e 9; 
- condições de conforto (térmico e 
acústico) podendo ser melhor 
controlada; 
- não requer torre de resfriamento e 
bombas de água de condensação; 
- gestão energética e de parâmetros 
exequível por sistema  computacional 
-altos custos de investimentos; 
-requer mão de obra altamente 
especializada; 
- sistemas associados complexos para 
distribuição de água e ar ( Ver Fig. 4B); 
-instrumentação e controle 
relativamente complexos; 
- requer local para instalação da CAG e 
Salas de máquinas dos fan coils, nos 
pavimentos- Ver Fig.6 e 9;  
- a distribuição de água gelada requer 
“prumada” de tubulação e distribuição 
nos andares; 
* Bom lembrar que o índice COP, quanto maior mais eficiente o equipamento e, ao contrário, o índice kW/TR quanto menor mais eficiente é o equipamento.
Os valores de eficiência listados são apenas indicativos (COP e kW/TR). Para projetos, consultar valores do PBE ( Procel/INMETRO) e catálogos de fabricantes. 
**Cabe ressaltar que os valores de “eficiência” dos chillers não podem ser comparados de forma absoluta às instalações com ACJ’s, “Splits”, “selfs”, pois as instalações 
dotadas daqueles, teriam que contabilizar as potências (específicas, isto é, por TR) dos demais componentes do sistema, ou seja: bombas de água gelada e de 
condensação, torres de resfriamento e climatizadores (fan coils). 
Unidade resfriadora 
(chiller) @água** 
Unidade resfriadora 
(chiller) @ar** 
",2689,"EFICIÊNCIA/ 
EQUIPAMENTO 
COP* 
(W/W) 
kW/TR* 
APLICAÇÃO ( TAMANHO DA 
INSTALAÇÃO) 
VANTAGENS 
DESVANTAGENS/LIMITAÇÕES 
6,3 
0,56 
MÉDIA-GRANDE 
- maiores eficiências térmicas com maior 
economia no consumo energético; 
- manutenção: mão de obra bastante 
especializada, porém com baixa 
interferência no ambiente de trabalho 
(atuando na CAG e salas de máquinas 
dos pavimentos). Ver Fig. 6 e 9; 
- condições de conforto (térmico e 
acústico) podendo ser melhor 
controlada; 
- gestão energética e de parâmetros 
exequível por sistema computacional 
-altos custos de investimentos; 
-requer mão de obra altamente 
especializada; 
- sistemas associados complexos para 
distribuição de água e ar (Ver Figs. 6,7,8,9 
e11); 
-instrumentação e controle 
relativamente complexa; 
- requer local para instalação da CAG e 
Salas de máquinas dos fan coils, nos 
pavimentos- Ver Figs. 6,7,8,9 e11; 
- a distribuição de água gelada requer 
“prumada” de tubulação e distribuição 
nos andares. 
3,4 
1,1 
MÉDIA-GRANDE 
- maiores eficiências térmicas com maior 
economia no consumo energético; 
- manutenção: mão de obra bastante 
especializada, porém com baixa 
interferência no ambiente de trabalho 
(atuando na CAG e salas de máquinas 
dos pavimentos)- Ver Fig. 6 e 9; 
- condições de conforto (térmico e 
acústico) podendo ser melhor 
controlada; 
- não requer torre de resfriamento e 
bombas de água de condensação; 
- gestão energética e de parâmetros 
exequível por sistema computacional 
-altos custos de investimentos; 
-requer mão de obra altamente 
especializada; 
- sistemas associados complexos para 
distribuição de água e ar ( Ver Fig. 4B); 
-instrumentação e controle 
relativamente complexos; 
- requer local para instalação da CAG e 
Salas de máquinas dos fan coils, nos 
pavimentos- Ver Fig.6 e 9; 
- a distribuição de água gelada requer 
“prumada” de tubulação e distribuição 
nos andares; 
* Bom lembrar que o índice COP, quanto maior mais eficiente o equipamento e, ao contrário, o índice kW/TR quanto menor mais eficiente é o equipamento.
Os valores de eficiência listados são apenas indicativos (COP e kW/TR). Para projetos, consultar valores do PBE ( Procel/INMETRO) e catálogos de fabricantes. 
**Cabe ressaltar que os valores de “eficiência” dos chillers não podem ser comparados de forma absoluta às instalações com ACJ’s, “Splits”, “selfs”, pois as instalações 
dotadas daqueles, teriam que contabilizar as potências (específicas, isto é, por TR) dos demais componentes do sistema, ou seja: bombas de água gelada e de 
condensação, torres de resfriamento e climatizadores (fan coils). 
Unidade resfriadora 
(chiller) @água** 
Unidade resfriadora 
(chiller) @ar**",2689,2678
06_procel_eficiencia_edificios_publicos.pdf,Guia de Eficiência Energética em Edifícios Públicos,PROCEL / Ministério de Minas e Energia,relatorio_tecnico,eficiencia_energetica,2025,vigente,guia técnico,eficiência energética em edificações públicas,67,"47 
3.5 Parâmetros estabelecidos pelo Procel/Inmetro 
O 
Programa 
Brasileiro 
de 
Etiquetagem 
– 
PBE 
do 
Procel/Inmetro 
(http://www.inmetro.gov.br/consumidor/tabelas.asp) abrange equipamentos de 
climatização de pequeno porte. A classificação Procel/Inmetro, sumarizada nas 
tabelas 3.2a, 3.2b, 3.2c e 3.2d, deverá ser tomada como referência de eficiência 
energética (W/W). Serão, preferencialmente, especificados equipamentos Classe 
A. 
Tabela 3.2a – Coeficiente de eficiência energética - COP 
*COP
Tabela 3.2b – Coeficiente de eficiência energética - COP 
Tabela 3.2c – Coeficiente de eficiência energética - COP 
",623,"3.5 Parâmetros estabelecidos pelo Procel/Inmetro 
O 
Programa 
Brasileiro 
de 
Etiquetagem 
– 
PBE 
do 
Procel/Inmetro 
( abrange equipamentos de 
climatização de pequeno porte. A classificação Procel/Inmetro, sumarizada nas 
tabelas 3.2a, 3.2b, 3.2c e 3.2d, deverá ser tomada como referência de eficiência 
energética (W/W). Serão, preferencialmente, especificados equipamentos Classe 
A. 
Tabela 3.2a – Coeficiente de eficiência energética - COP 
*COP
Tabela 3.2b – Coeficiente de eficiência energética - COP 
Tabela 3.2c – Coeficiente de eficiência energética - COP",623,568
06_procel_eficiencia_edificios_publicos.pdf,Guia de Eficiência Energética em Edifícios Públicos,PROCEL / Ministério de Minas e Energia,relatorio_tecnico,eficiencia_energetica,2025,vigente,guia técnico,eficiência energética em edificações públicas,68,"48 
Tabela 3.2d – Coeficiente de eficiência energética - COP 
3.6 Tipologia de Sistemas de ar condicionado – distribuição de 
água e ar – equipamentos – arranjos 
Esse parágrafo dá ao gestor conhecimentos básicos sobre alguns arranjos 
possíveis na instalação de ar-condicionado, no que diz respeito aos seus 
equipamentos e formas de transporte dos fluidos envolvidos na remoção do calor 
(água, ar e refrigerantes em geral). 
Uma maneira de classificar os sistemas de ar-condicionado é quanto à troca de 
calor com o ar ambiente de forma direta ou indireta, o transporte de fluidos 
portadores do calor/frio e arranjos dos principais equipamentos na instalação.  
Uma classificação possível: 
 expansão direta ; 
 expansão indireta; 
 “tudo água”; 
 “ar água”; 
 “tudo ar”. 
3.6.1 Sistema de expansão direta 
É assim classificado quando o ar do recinto que deve ser resfriado troca calor 
diretamente com um fluido refrigerante (freon, por exemplo). Em geral, são 
mais aplicados em instalações de capacidades pequenas e médias (ver item 
3.4). 
Geralmente são utilizados: 
 Aparelhos de “janela” (Fig. 3.1); 
 Splits (Fig. 3.2); 
 Selfs (compactos - Fig. 3.3). 
3.6.2 Sistema de expansão indireta 
É assim classificado, quando o ar (do recinto) que deve ser resfriado troca calor 
com a água, que por sua vez irá trocar calor com um fluido refrigerante, de 
",1369,"Tabela 3.2d – Coeficiente de eficiência energética - COP 
3.6 Tipologia de Sistemas de ar condicionado – distribuição de 
água e ar – equipamentos – arranjos 
Esse parágrafo dá ao gestor conhecimentos básicos sobre alguns arranjos 
possíveis na instalação de ar-condicionado, no que diz respeito aos seus 
equipamentos e formas de transporte dos fluidos envolvidos na remoção do calor 
(água, ar e refrigerantes em geral). 
Uma maneira de classificar os sistemas de ar-condicionado é quanto à troca de 
calor com o ar ambiente de forma direta ou indireta, o transporte de fluidos 
portadores do calor/frio e arranjos dos principais equipamentos na instalação. 
Uma classificação possível: 
 expansão direta; 
 expansão indireta; 
 “tudo água”; 
 “ar água”; 
 “tudo ar”. 
3.6.1 Sistema de expansão direta 
É assim classificado quando o ar do recinto que deve ser resfriado troca calor 
diretamente com um fluido refrigerante (freon, por exemplo). Em geral, são 
mais aplicados em instalações de capacidades pequenas e médias (ver item 
3.4). 
Geralmente são utilizados: 
 Aparelhos de “janela” (Fig. 3.1); 
 Splits (Fig. 3.2); 
 Selfs (compactos - Fig. 3.3). 
3.6.2 Sistema de expansão indireta 
É assim classificado, quando o ar (do recinto) que deve ser resfriado troca calor 
com a água, que por sua vez irá trocar calor com um fluido refrigerante, de",1369,1361
06_procel_eficiencia_edificios_publicos.pdf,Guia de Eficiência Energética em Edifícios Públicos,PROCEL / Ministério de Minas e Energia,relatorio_tecnico,eficiencia_energetica,2025,vigente,guia técnico,eficiência energética em edificações públicas,69,"49 
forma indireta. Estes sistemas são comumente chamados de “sistemas de água 
gelada” e são utilizados, em geral, em instalações de capacidade média a 
grande. 
A água é resfriada num equipamento comumente chamado de chiller, dotado 
de um circuito de refrigeração (ver Fig. 3.4-A e 3.4-B e itens 3.2 e 3.4). 
Os sistemas que utilizam a chamada “expansão indireta” podem por sua vez 
ser, também, reagrupados da seguinte forma: 
 “tudo água”; 
 “ar- água”; 
 “tudo ar”. 
O sistema de expansão indireta é chamado “tudo-água”, quando a água gelada 
(ou quente) é levada para cada recinto (Figura 3.6), onde passa nos 
condicionadores de ar, sendo o ar lançado direto no recinto (sem rede de 
dutos). Estes condicionadores são chamados fan-coils e estão representados 
na figura 3.7.  
Aplicação: prédios de salas onde a passagem de dutos é muito dificultada, de 
custo muito elevado ou grande número de recintos individuais. Como exemplo 
pode-se citar: hotéis, hospitais, escritórios com salas individualizadas, prédios 
de profissionais autônomos (clínicas, consultórios, etc.); 
Figura 3.6 – Distribuição “água- ar”   
 Figura 3.7 – Fan-coil 
",1149,"forma indireta. Estes sistemas são comumente chamados de “sistemas de água 
gelada” e são utilizados, em geral, em instalações de capacidade média a 
grande. 
A água é resfriada num equipamento comumente chamado de chiller, dotado 
de um circuito de refrigeração (ver Fig. 3.4-A e 3.4-B e itens 3.2 e 3.4). 
Os sistemas que utilizam a chamada “expansão indireta” podem por sua vez 
ser, também, reagrupados da seguinte forma: 
 “tudo água”; 
 “ar- água”; 
 “tudo ar”. 
O sistema de expansão indireta é chamado “tudo-água”, quando a água gelada 
(ou quente) é levada para cada recinto (Figura 3.6), onde passa nos 
condicionadores de ar, sendo o ar lançado direto no recinto (sem rede de 
dutos). Estes condicionadores são chamados fan-coils e estão representados 
na figura 3.7. 
Aplicação: prédios de salas onde a passagem de dutos é muito dificultada, de 
custo muito elevado ou grande número de recintos individuais. Como exemplo 
pode-se citar: hotéis, hospitais, escritórios com salas individualizadas, prédios 
de profissionais autônomos (clínicas, consultórios, etc.); 
Figura 3.6 – Distribuição “água- ar” 
 Figura 3.7 – Fan-coil",1149,1140
06_procel_eficiencia_edificios_publicos.pdf,Guia de Eficiência Energética em Edifícios Públicos,PROCEL / Ministério de Minas e Energia,relatorio_tecnico,eficiencia_energetica,2025,vigente,guia técnico,eficiência energética em edificações públicas,70,"50 
O sistema de expansão indireta é chamado “ar-água”, quando é distribuída 
tanto a água gelada quanto o ar primário requerido (de renovação) para os 
condicionadores dos recintos, conforme apresentado nas figuras 3.8 e 3.9. 
Aplicação: Prédios com grande número de salas, sendo algumas “internas” 
(longe da fachada do prédio). Como exemplo pode-se citar: escritórios 
coletivos (grandes áreas) que requeiram ar de ventilação (renovação). 
Figura 3.8 – Distribuição de ar    
 Figura 3.9 – Distribuição de água 
  e ar primário 
O sistema de expansão indireta é chamado “tudo ar”, quando o ar é o meio 
direto de remoção de calor dos recintos, sendo distribuído diretamente para 
estes ambientes. Climatizadores “centrais” (por pavimento) distribuem o ar 
através de redes de dutos ao longo de todo um andar. O volume de ar 
fornecido pode ser constante ou variável. No primeiro caso, a temperatura do 
recinto vai ser controlada através da regulagem da vazão de água gelada nos 
fan-coils. No segundo caso, o controle se faz através variação da vazão do ar 
insuflado, e é denominado “volume de ar variável” (VAV). 
Aplicações típicas: 
 Sistema de vazão constante: escritórios com ambientes com cargas 
bastante homogêneas e numa mesma fachada (mesma condição de 
insolação); 
 Sistema de vazão variável (VAV): edificações com ambientes com cargas 
bastante 
heterogêneas 
(ambientes 
com 
diferentes 
aplicações), 
climatizadores que atendem fachadas distintas simultaneamente 
(diferentes condições de insolação), etc. Como exemplo, pode-se citar: 
",1558,"O sistema de expansão indireta é chamado “ar-água”, quando é distribuída 
tanto a água gelada quanto o ar primário requerido (de renovação) para os 
condicionadores dos recintos, conforme apresentado nas figuras 3.8 e 3.9. 
Aplicação: Prédios com grande número de salas, sendo algumas “internas” 
(longe da fachada do prédio). Como exemplo pode-se citar: escritórios 
coletivos (grandes áreas) que requeiram ar de ventilação (renovação). 
Figura 3.8 – Distribuição de ar 
 Figura 3.9 – Distribuição de água 
 e ar primário 
O sistema de expansão indireta é chamado “tudo ar”, quando o ar é o meio 
direto de remoção de calor dos recintos, sendo distribuído diretamente para 
estes ambientes. Climatizadores “centrais” (por pavimento) distribuem o ar 
através de redes de dutos ao longo de todo um andar. O volume de ar 
fornecido pode ser constante ou variável. No primeiro caso, a temperatura do 
recinto vai ser controlada através da regulagem da vazão de água gelada nos 
fan-coils. No segundo caso, o controle se faz através variação da vazão do ar 
insuflado, e é denominado “volume de ar variável” (VAV). 
Aplicações típicas: 
 Sistema de vazão constante: escritórios com ambientes com cargas 
bastante homogêneas e numa mesma fachada (mesma condição de 
insolação); 
 Sistema de vazão variável (VAV): edificações com ambientes com cargas 
bastante 
heterogêneas 
(ambientes 
com 
diferentes 
aplicações), 
climatizadores que atendem fachadas distintas simultaneamente 
(diferentes condições de insolação), etc. Como exemplo, pode-se citar:",1558,1548
06_procel_eficiencia_edificios_publicos.pdf,Guia de Eficiência Energética em Edifícios Públicos,PROCEL / Ministério de Minas e Energia,relatorio_tecnico,eficiencia_energetica,2025,vigente,guia técnico,eficiência energética em edificações públicas,71,"51 
escolas, clínicas médicas, bancos, estúdios de TV e escritórios que podem 
estar situados em ambiente individualizado, ou em fachadas diversas, 
sendo atendidos por um mesmo fan-coil, conforme pode apresentado nas 
figuras 3.10 e 3.11. 
Figura 3.10 – Instalações típicas para aplicar “VAV” 
Figura 3.11 – Controle de vazão por “zona”-“VAV” 
3.7 Noções de carga térmica de uma edificação com vistas ao 
diagnóstico energético, projeto básico e executivo e 
atingimento às exigências de normas 
Neste item são apresentadas informações que permitem que o gestor 
compreenda os elementos do projeto de ar-condicionado e fenômenos térmicos 
que influem no cálculo das cargas térmicas que vão influenciar no 
dimensionamento dos sistemas e equipamentos de climatização da edificação. 
Estes conhecimentos são desejáveis tanto na fase de diagnóstico energético, 
quanto nos projetos básico e executivo.  
Na Figura 3.12 são apresentadas, de forma esquemática, algumas cargas térmicas 
que incidem sobre um ambiente e que vão influenciar em suas condições termo-
",1059,"escolas, clínicas médicas, bancos, estúdios de TV e escritórios que podem 
estar situados em ambiente individualizado, ou em fachadas diversas, 
sendo atendidos por um mesmo fan-coil, conforme pode apresentado nas 
figuras 3.10 e 3.11. 
Figura 3.10 – Instalações típicas para aplicar “VAV” 
Figura 3.11 – Controle de vazão por “zona”-“VAV” 
3.7 Noções de carga térmica de uma edificação com vistas ao 
diagnóstico energético, projeto básico e executivo e 
atingimento às exigências de normas 
Neste item são apresentadas informações que permitem que o gestor 
compreenda os elementos do projeto de ar-condicionado e fenômenos térmicos 
que influem no cálculo das cargas térmicas que vão influenciar no 
dimensionamento dos sistemas e equipamentos de climatização da edificação. 
Estes conhecimentos são desejáveis tanto na fase de diagnóstico energético, 
quanto nos projetos básico e executivo. 
Na Figura 3.12 são apresentadas, de forma esquemática, algumas cargas térmicas 
que incidem sobre um ambiente e que vão influenciar em suas condições termo-",1059,1053
06_procel_eficiencia_edificios_publicos.pdf,Guia de Eficiência Energética em Edifícios Públicos,PROCEL / Ministério de Minas e Energia,relatorio_tecnico,eficiencia_energetica,2025,vigente,guia técnico,eficiência energética em edificações públicas,72,"52 
higrométricas, isto é, em alterações de temperatura e umidade. Algumas destas 
cargas são de origem externa e outras internas, isto quanto à sua geração. 
Figura 3.12 – Esquema de cargas térmicas internas e externas 
A seguir, são mostrados alguns exemplos das situações ilustradas na Figura 3.12. 
Cargas externas: 
 A radiação solar direta que penetra através das janelas e que irá incidir 
sobre piso e paredes, irradiando em seguida, e aquecendo o ambiente; 
 Ganhos por condução das paredes externas, ou seja, devido ao diferencial 
de temperatura exterior e interior (ambas de projeto, fixadas por Norma); 
 Infiltração de ar externo, através frestas na construção (aberturas, frestas 
em esquadrias de janelas, etc.); 
 Ar de ventilação, isto é, aquela fração de ar introduzida no sistema 
visando à renovação do ar; 
Cargas internas: 
 Transmissão de calor entre áreas internas à edificação e adjacentes, com 
diferenciais de temperaturas (paredes internas, pisos, tetos, etc.); 
 Pessoas - calor dissipado por pessoas, em função da “queima metabólica”, 
que é proporcional à intensidade da atividade desenvolvida (trabalho 
sentado, em movimento, atividades muito intensas, etc.); 
 Iluminação e equipamentos - lâmpadas, reatores, equipamentos que 
dissipem calor, etc.; 
 Perdas por dutos - dutos não isolados ou mal isolados e que passam em 
áreas não condicionadas, gerando um diferencial de temperatura. 
De posse de plantas da edificação, o projetista deverá fazer um levantamento 
detalhado das seguintes condições de projeto: 
 Temperaturas (interna e externa) de projeto fixadas por norma para a 
zona bioclimática; 
",1647,"higrométricas, isto é, em alterações de temperatura e umidade. Algumas destas 
cargas são de origem externa e outras internas, isto quanto à sua geração. 
Figura 3.12 – Esquema de cargas térmicas internas e externas 
A seguir, são mostrados alguns exemplos das situações ilustradas na Figura 3.12. 
Cargas externas: 
 A radiação solar direta que penetra através das janelas e que irá incidir 
sobre piso e paredes, irradiando em seguida, e aquecendo o ambiente; 
 Ganhos por condução das paredes externas, ou seja, devido ao diferencial 
de temperatura exterior e interior (ambas de projeto, fixadas por Norma); 
 Infiltração de ar externo, através frestas na construção (aberturas, frestas 
em esquadrias de janelas, etc.); 
 Ar de ventilação, isto é, aquela fração de ar introduzida no sistema 
visando à renovação do ar; 
Cargas internas: 
 Transmissão de calor entre áreas internas à edificação e adjacentes, com 
diferenciais de temperaturas (paredes internas, pisos, tetos, etc.); 
 Pessoas - calor dissipado por pessoas, em função da “queima metabólica”, 
que é proporcional à intensidade da atividade desenvolvida (trabalho 
sentado, em movimento, atividades muito intensas, etc.); 
 Iluminação e equipamentos - lâmpadas, reatores, equipamentos que 
dissipem calor, etc.; 
 Perdas por dutos - dutos não isolados ou mal isolados e que passam em 
áreas não condicionadas, gerando um diferencial de temperatura. 
De posse de plantas da edificação, o projetista deverá fazer um levantamento 
detalhado das seguintes condições de projeto: 
 Temperaturas (interna e externa) de projeto fixadas por norma para a 
zona bioclimática;",1647,1641
06_procel_eficiencia_edificios_publicos.pdf,Guia de Eficiência Energética em Edifícios Públicos,PROCEL / Ministério de Minas e Energia,relatorio_tecnico,eficiencia_energetica,2025,vigente,guia técnico,eficiência energética em edificações públicas,73,"53 
 orientação geográfica das fachadas (N, S, L, O, etc.); 
 condições operacionais da instalação (horários, número de pessoas, 
intensidade do trabalho); 
 arranjo físico de pessoas em seus postos de trabalho (layout); 
 distribuição, 
arranjo, 
potências 
e 
quantitativo 
de 
luminárias, 
equipamentos de escritório e outros equipamentos que dissipem calor ; 
 especificação dos materiais construtivos da edificação (paredes, lajes, 
vidros, tipos e materiais de esquadrias, elementos de sombreamento, 
portas externas, etc.). 
A escolha do tipo de sistema (tipologia do sistema) que será adotado poderá ser 
feita a priori, antes do cálculo da carga térmica, uma vez que no cálculo 
computacional o grupamento de vários recintos poderá ser feito visando o 
dimensionamento das unidades climatizadoras. 
De posse dos elementos citados acima, e com a utilização de programa 
computacional adequado, o projetista irá efetuar o cálculo da carga térmica de 
cada recinto (ou grupos de recintos) e da edificação como um todo. Após esses 
cálculos, ele estará apto a fazer a seleção dos equipamentos responsáveis pela 
climatização dos ambientes. 
É importante atentar para o fato de que o programa computacional escolhido 
deverá ser um programa de uso corrente, compatível com a metodologia 
desenvolvida pela Association of Heating, Refrigerating and Air Conditioning 
Engineers – ASHRAE, ou de nível equivalente, utilizado por profissionais 
devidamente qualificados e capazes de não só realizar os cálculos, mas interpretar 
resultados e fazer correções quando necessário. 
Do referido cálculo poderemos obter, dentre outros resultados: 
 Cargas térmicas máximas e horárias (ao longo do ano), de cada ambiente, 
grupos destes ou toda a edificação; 
 capacidades térmicas dos equipamentos requeridos por ambientes ou 
grupos destes; 
 vazões de ar insuflado e de renovação por equipamento (ambiente);  
 consumos energéticos (kW∙h) de climatizadores de determinada tipologia 
e eficiência, grupos destes, equipamentos associados ou toda a 
instalação; diferenciais e comparativos de consumos para diferentes 
tecnologias, arranjos e eficiências; 
 despesas com energia elétrica no sistema de climatização. 
",2219," orientação geográfica das fachadas (N, S, L, O, etc.); 
 condições operacionais da instalação (horários, número de pessoas, 
intensidade do trabalho); 
 arranjo físico de pessoas em seus postos de trabalho (layout); 
 distribuição, 
arranjo, 
potências 
e 
quantitativo 
de 
luminárias, 
equipamentos de escritório e outros equipamentos que dissipem calor; 
 especificação dos materiais construtivos da edificação (paredes, lajes, 
vidros, tipos e materiais de esquadrias, elementos de sombreamento, 
portas externas, etc.). 
A escolha do tipo de sistema (tipologia do sistema) que será adotado poderá ser 
feita a priori, antes do cálculo da carga térmica, uma vez que no cálculo 
computacional o grupamento de vários recintos poderá ser feito visando o 
dimensionamento das unidades climatizadoras. 
De posse dos elementos citados acima, e com a utilização de programa 
computacional adequado, o projetista irá efetuar o cálculo da carga térmica de 
cada recinto (ou grupos de recintos) e da edificação como um todo. Após esses 
cálculos, ele estará apto a fazer a seleção dos equipamentos responsáveis pela 
climatização dos ambientes. 
É importante atentar para o fato de que o programa computacional escolhido 
deverá ser um programa de uso corrente, compatível com a metodologia 
desenvolvida pela Association of Heating, Refrigerating and Air Conditioning 
Engineers – ASHRAE, ou de nível equivalente, utilizado por profissionais 
devidamente qualificados e capazes de não só realizar os cálculos, mas interpretar 
resultados e fazer correções quando necessário. 
Do referido cálculo poderemos obter, dentre outros resultados: 
 Cargas térmicas máximas e horárias (ao longo do ano), de cada ambiente, 
grupos destes ou toda a edificação; 
 capacidades térmicas dos equipamentos requeridos por ambientes ou 
grupos destes; 
 vazões de ar insuflado e de renovação por equipamento (ambiente); 
 consumos energéticos (kW∙h) de climatizadores de determinada tipologia 
e eficiência, grupos destes, equipamentos associados ou toda a 
instalação; diferenciais e comparativos de consumos para diferentes 
tecnologias, arranjos e eficiências; 
 despesas com energia elétrica no sistema de climatização.",2219,2211
06_procel_eficiencia_edificios_publicos.pdf,Guia de Eficiência Energética em Edifícios Públicos,PROCEL / Ministério de Minas e Energia,relatorio_tecnico,eficiencia_energetica,2025,vigente,guia técnico,eficiência energética em edificações públicas,74,"54 
3.8 Normas a serem atendidas em um projeto de sistemas de 
AC 
ABNT NBR 16401-1 - Instalações de ar-condicionado - Sistemas centrais e unitários 
- Parte 1: Projeto da s Instalações; 
ABNT NBR 16401-2 - Instalações de ar-condicionado – Sistemas centrais e 
unitários - Parte 2-Parâmetros de conforto térmico; 
ABNT NBR 16401-3 - Instalações de ar-condicionado – Sistemas centrais e 
unitários- Parte 3-Qualidade do ar interior 
",432,"3.8 Normas a serem atendidas em um projeto de sistemas de 
AC 
ABNT NBR 16401-1 - Instalações de ar-condicionado - Sistemas centrais e unitários 
- Parte 1: Projeto da s Instalações; 
ABNT NBR 16401-2 - Instalações de ar-condicionado – Sistemas centrais e 
unitários - Parte 2-Parâmetros de conforto térmico; 
ABNT NBR 16401-3 - Instalações de ar-condicionado – Sistemas centrais e 
unitários- Parte 3-Qualidade do ar interior",432,426
06_procel_eficiencia_edificios_publicos.pdf,Guia de Eficiência Energética em Edifícios Públicos,PROCEL / Ministério de Minas e Energia,relatorio_tecnico,eficiencia_energetica,2025,vigente,guia técnico,eficiência energética em edificações públicas,75,"55 
3.9 Referências 
1.
ABNT NBR 16401-1 - Instalações de ar-condicionado – Sistemas centrais e
unitários - Parte 1: Projeto da s Instalações;
2.
ABNT NBR 16401-2 - Instalações de ar-condicionado – Sistemas centrais e
unitários - Parte 2 - Parâmetros de conforto térmico;
3.
ABNT NBR 16401-3 - Instalações de ar-condicionado – Sistemas centrais e
unitários - Parte 3 - Qualidade do ar interior
4.
Manual Prático PROCEL - Manual de Ar-Condicionado - Procel- Eletrobrás
- 2011
5.
Eficiência Energética – Teoria e Prática - Eletrobrás- Procel - Unifei - FUPA
- 2007
6.
Guia Técnico Procel - Gestão Energética - Eletrobrás- Procel – EFFICIENTIA
- FUPAI - 2005
7.
Metodologia de Realização de Diagnóstico Energético - Eletrobrás – Procel
- 2004
8.
Eficiência Energética em Sistemas de Refrigeração Industrial e Comercial –
Eletrobrás - 2005
9.
Eficiência Energética em Sistemas de Refrigeração Industrial e Comercial –
Manual Prático - Eletrobrás_Procel
",949,"3.9 Referências 
1.
ABNT NBR 16401-1 - Instalações de ar-condicionado – Sistemas centrais e
unitários - Parte 1: Projeto da s Instalações;
2.
ABNT NBR 16401-2 - Instalações de ar-condicionado – Sistemas centrais e
unitários - Parte 2 - Parâmetros de conforto térmico;
3.
ABNT NBR 16401-3 - Instalações de ar-condicionado – Sistemas centrais e
unitários - Parte 3 - Qualidade do ar interior
4.
Manual Prático PROCEL - Manual de Ar-Condicionado - Procel- Eletrobrás
- 2011
5.
Eficiência Energética – Teoria e Prática - Eletrobrás- Procel - Unifei - FUPA
- 2007
6.
Guia Técnico Procel - Gestão Energética - Eletrobrás- Procel – EFFICIENTIA
- FUPAI - 2005
7.
Metodologia de Realização de Diagnóstico Energético - Eletrobrás – Procel
- 2004
8.
Eficiência Energética em Sistemas de Refrigeração Industrial e Comercial –
Eletrobrás - 2005
9.
Eficiência Energética em Sistemas de Refrigeração Industrial e Comercial –
Manual Prático - Eletrobrás_Procel",949,944
06_procel_eficiencia_edificios_publicos.pdf,Guia de Eficiência Energética em Edifícios Públicos,PROCEL / Ministério de Minas e Energia,relatorio_tecnico,eficiencia_energetica,2025,vigente,guia técnico,eficiência energética em edificações públicas,76,"56 
4. Iluminação
Neste capítulo serão apresentados conceitos básicos e dados, necessários, para 
compreensão e avaliação, em termos de eficiência energética, da qualidade do 
serviço de iluminação e dos equipamentos usualmente utilizados nos novos 
projetos luminotécnicos e nos projetos de revitalização de sistemas de iluminação 
ineficientes. 
A partir do conteúdo apresentado, espera-se que o gestor tenha elementos para 
avaliar a qualidade ou adequação do projeto luminotécnico básico e respectivo 
projeto executivo, tendo como referências os manuais técnicos de equipamentos 
luminotécnicos, as normas técnicas de iluminação vigentes e as especificações 
descritas no diagnóstico energético elaborado para a instalação. 
4.1 Conceitos Básicos de Projetos Luminotécnicos 
4.1.1 Iluminação Natural 
O uso da luz natural em edificações usadas principalmente de dia pode, pela 
substituição ou combinação da luz artificial, contribuir de forma significativa 
para a redução do consumo de energia elétrica, a melhoria do conforto visual e 
o bem-estar dos ocupantes. Aberturas, em geral, proporcionam aos ocupantes
de uma edificação o contato visual com o mundo exterior, permitindo também 
o relaxamento do sistema visual pela mudança das distâncias focais. A
presença da luz natural pode garantir uma sensação de bem-estar e um 
relacionamento com o ambiente maior no qual estamos inseridos.  
Os projetos de Iluminação Natural devem estar em conformidade com as 
Normas NBR 15215-1, NBR 15215-2, NBR 15215-3, NBR 15215-4: 2005. 
4.1.2 Iluminação Artificial 
O primeiro objetivo da iluminação é a obtenção de boas condições de visão 
associadas à visibilidade, segurança e orientação dentro de um determinado 
ambiente. Este objetivo está intimamente associado às atividades laborativas e 
produtivas (escritórios, escolas, bibliotecas, bancos, indústrias, etc.). Para este 
objetivo, os Sistemas de Iluminação podem ser classificados quanto à forma 
como as luminárias são distribuídas no ambiente e quanto à forma pela qual o 
fluxo luminoso é distribuído pela luminária, ou seja, de acordo com a 
quantidade do fluxo luminoso emitido para cima e para baixo do plano 
horizontal da luminária ou lâmpada. 
O segundo objetivo da iluminação é a utilização da luz como principal 
instrumento de ambientação do espaço - na criação de efeitos especiais com a 
própria luz - ou no destaque de objetos e superfícies ou do próprio espaço. 
Este objetivo está intimamente associado às atividades não laborativas e não 
produtivas (restaurantes, museus e galerias, residências, etc.). Para este 
",2593,"4. Iluminação
Neste capítulo serão apresentados conceitos básicos e dados, necessários, para 
compreensão e avaliação, em termos de eficiência energética, da qualidade do 
serviço de iluminação e dos equipamentos usualmente utilizados nos novos 
projetos luminotécnicos e nos projetos de revitalização de sistemas de iluminação 
ineficientes. 
A partir do conteúdo apresentado, espera-se que o gestor tenha elementos para 
avaliar a qualidade ou adequação do projeto luminotécnico básico e respectivo 
projeto executivo, tendo como referências os manuais técnicos de equipamentos 
luminotécnicos, as normas técnicas de iluminação vigentes e as especificações 
descritas no diagnóstico energético elaborado para a instalação. 
4.1 Conceitos Básicos de Projetos Luminotécnicos 
4.1.1 Iluminação Natural 
O uso da luz natural em edificações usadas principalmente de dia pode, pela 
substituição ou combinação da luz artificial, contribuir de forma significativa 
para a redução do consumo de energia elétrica, a melhoria do conforto visual e 
o bem-estar dos ocupantes. Aberturas, em geral, proporcionam aos ocupantes
de uma edificação o contato visual com o mundo exterior, permitindo também 
o relaxamento do sistema visual pela mudança das distâncias focais. A
presença da luz natural pode garantir uma sensação de bem-estar e um 
relacionamento com o ambiente maior no qual estamos inseridos. 
Os projetos de Iluminação Natural devem estar em conformidade com as 
Normas NBR 15215-1, NBR 15215-2, NBR 15215-3, NBR 15215-4: 2005. 
4.1.2 Iluminação Artificial 
O primeiro objetivo da iluminação é a obtenção de boas condições de visão 
associadas à visibilidade, segurança e orientação dentro de um determinado 
ambiente. Este objetivo está intimamente associado às atividades laborativas e 
produtivas (escritórios, escolas, bibliotecas, bancos, indústrias, etc.). Para este 
objetivo, os Sistemas de Iluminação podem ser classificados quanto à forma 
como as luminárias são distribuídas no ambiente e quanto à forma pela qual o 
fluxo luminoso é distribuído pela luminária, ou seja, de acordo com a 
quantidade do fluxo luminoso emitido para cima e para baixo do plano 
horizontal da luminária ou lâmpada. 
O segundo objetivo da iluminação é a utilização da luz como principal 
instrumento de ambientação do espaço - na criação de efeitos especiais com a 
própria luz - ou no destaque de objetos e superfícies ou do próprio espaço. 
Este objetivo está intimamente associado às atividades não laborativas e não 
produtivas (restaurantes, museus e galerias, residências, etc.). Para este",2593,2586
06_procel_eficiencia_edificios_publicos.pdf,Guia de Eficiência Energética em Edifícios Públicos,PROCEL / Ministério de Minas e Energia,relatorio_tecnico,eficiencia_energetica,2025,vigente,guia técnico,eficiência energética em edificações públicas,77," 
57 
 
objetivo, os Sistemas de Iluminação podem ser classificados quanto à forma de 
luz de ambientação adequada ao espaço e podem operar, secundariamente, 
com os Sistemas de Iluminação associados às atividades laborativas e 
produtivas.  
Maiores detalhes acerca de sistemas de iluminação artificial podem ser vistos 
no informativo Características de Sistemas de Iluminação Artificial (Cepel\Cate, 
2013). 
Os projetos de Iluminação Artificial devem estar em conformidade com a 
Norma ABNT NBR ISO/CIE 8995-1 - Iluminação de Ambientes de Trabalho – 
Parte 1: Interior; 2013. 
 
4.2 Especificações técnicas de equipamentos e tecnologias 
utilizadas em sistemas de iluminação 
4.2.1 Lâmpadas 
 
a. Fluxo Luminoso 
O conceito de fluxo luminoso é de grande 
importância para os estudos de iluminação. Ele 
representa uma potência luminosa emitida ou 
observada, ou ainda, representa a energia 
emitida ou refletida, por segundo, em todas as 
direções, sob a forma de luz. Sua unidade é o 
lúmen (lm). 
 
 
b. Iluminância 
Por definição pode-se dizer que iluminância é o 
fluxo luminoso (lúmen) incidente numa superfície 
por unidade de área (m2). Sua unidade é o lux. 
Um lux corresponde à iluminância de uma 
superfície plana de 1 metro quadrado de área, 
sobre a qual incide perpendicularmente um fluxo 
luminoso de um lúmen. 
 
 
 
",1336,"objetivo, os Sistemas de Iluminação podem ser classificados quanto à forma de 
luz de ambientação adequada ao espaço e podem operar, secundariamente, 
com os Sistemas de Iluminação associados às atividades laborativas e 
produtivas. 
Maiores detalhes acerca de sistemas de iluminação artificial podem ser vistos 
no informativo Características de Sistemas de Iluminação Artificial (Cepel\Cate, 
2013). 
Os projetos de Iluminação Artificial devem estar em conformidade com a 
Norma ABNT NBR ISO/CIE 8995-1 - Iluminação de Ambientes de Trabalho – 
Parte 1: Interior; 2013. 
 
4.2 Especificações técnicas de equipamentos e tecnologias 
utilizadas em sistemas de iluminação 
4.2.1 Lâmpadas 
 
a. Fluxo Luminoso 
O conceito de fluxo luminoso é de grande 
importância para os estudos de iluminação. Ele 
representa uma potência luminosa emitida ou 
observada, ou ainda, representa a energia 
emitida ou refletida, por segundo, em todas as 
direções, sob a forma de luz. Sua unidade é o 
lúmen (lm). 
 
 
b. Iluminância 
Por definição pode-se dizer que iluminância é o 
fluxo luminoso (lúmen) incidente numa superfície 
por unidade de área (m2). Sua unidade é o lux. 
Um lux corresponde à iluminância de uma 
superfície plana de 1 metro quadrado de área, 
sobre a qual incide perpendicularmente um fluxo 
luminoso de um lúmen.",1336,1319
06_procel_eficiencia_edificios_publicos.pdf,Guia de Eficiência Energética em Edifícios Públicos,PROCEL / Ministério de Minas e Energia,relatorio_tecnico,eficiencia_energetica,2025,vigente,guia técnico,eficiência energética em edificações públicas,78," 
58 
 
c. Temperatura de Cor ou Temperatura de Cor Correlata (Tcp) 
É a grandeza que expressa 
à aparência de cor da luz, 
sendo sua unidade o 
kelvin (K). Quanto mais 
alta a temperatura de cor, 
mais branca é a luz. A “luz 
quente” é a que tem 
aparência amarelada e 
temperatura de cor baixa: 
3000 K ou menos. A “luz 
fria”, ao contrário, tem 
aparência azul-violeta, com temperatura de cor elevada: 6000 K ou mais. A “luz 
branca natural” é aquela emitida pelo sol em céu aberto ao meio-dia, cuja 
temperatura de cor é 5800 K. 
 
d. Índice de Reprodução de Cor (Ra4) 
É a medida da correspondência entre a cor real de um objeto e sua aparência 
diante uma determinada fonte de luz. A luz artificial, como regra, deve permitir 
ao olho humano perceber as cores corretamente ou o mais próximo possível 
da luz natural do dia (luz do sol). Lâmpadas com índice de 100% apresentam as 
cores com total fidelidade e precisão. Quanto mais baixo o índice, mais 
deficiente é a reprodução de cores. Os índices variam conforme a natureza da 
luz e são indicados de acordo com o uso de cada ambiente. É importante 
lembrar que o índice de reprodução de cor não pode ser confundido com 
Temperatura de Cor ou Temperatura de Cor Correlata (TCC), pois a capacidade 
das lâmpadas de reproduzirem bem as cores (Ra) independe de sua 
temperatura de cor (K). Existem tipos de lâmpadas com temperaturas de cor 
diferentes e o mesmo Ra. 
 
 
 
 
 
 
                                                          
4 O índice de reprodução de cor geral (Ra) de uma lâmpada é obtido através da média 
aritmética do índice de reprodução de cor das oito primeiras amostras de cores, conforme 
determinado pela Commission Internacionale de l’Eclairage – CIE 013.3-1995 - Method of 
Measuring 
and 
Specifying 
Colour 
Rendering 
Properties 
of 
Light 
Sources 
(http://www.cie.co.at/index.php/Publications/index.php?i_ca_id=303) e varia de 0 
a 100. 
",1926,"c. Temperatura de Cor ou Temperatura de Cor Correlata (Tcp) 
É a grandeza que expressa 
à aparência de cor da luz, 
sendo sua unidade o 
kelvin (K). Quanto mais 
alta a temperatura de cor, 
mais branca é a luz. A “luz 
quente” é a que tem 
aparência amarelada e 
temperatura de cor baixa: 
3000 K ou menos. A “luz 
fria”, ao contrário, tem 
aparência azul-violeta, com temperatura de cor elevada: 6000 K ou mais. A “luz 
branca natural” é aquela emitida pelo sol em céu aberto ao meio-dia, cuja 
temperatura de cor é 5800 K. 
 
d. Índice de Reprodução de Cor (Ra4) 
É a medida da correspondência entre a cor real de um objeto e sua aparência 
diante uma determinada fonte de luz. A luz artificial, como regra, deve permitir 
ao olho humano perceber as cores corretamente ou o mais próximo possível 
da luz natural do dia (luz do sol). Lâmpadas com índice de 100% apresentam as 
cores com total fidelidade e precisão. Quanto mais baixo o índice, mais 
deficiente é a reprodução de cores. Os índices variam conforme a natureza da 
luz e são indicados de acordo com o uso de cada ambiente. É importante 
lembrar que o índice de reprodução de cor não pode ser confundido com 
Temperatura de Cor ou Temperatura de Cor Correlata (TCC), pois a capacidade 
das lâmpadas de reproduzirem bem as cores (Ra) independe de sua 
temperatura de cor (K). Existem tipos de lâmpadas com temperaturas de cor 
diferentes e o mesmo Ra. 
 
 
 
 
 
 
 
4 O índice de reprodução de cor geral (Ra) de uma lâmpada é obtido através da média 
aritmética do índice de reprodução de cor das oito primeiras amostras de cores, conforme 
determinado pela Commission Internacionale de l’Eclairage – CIE 013.3-1995 - Method of 
Measuring 
and 
Specifying 
Colour 
Rendering 
Properties 
of 
Light 
Sources 
( e varia de 0 
a 100.",1926,1793
06_procel_eficiencia_edificios_publicos.pdf,Guia de Eficiência Energética em Edifícios Públicos,PROCEL / Ministério de Minas e Energia,relatorio_tecnico,eficiencia_energetica,2025,vigente,guia técnico,eficiência energética em edificações públicas,79," 
59 
 
 
 
 
 
 
 
 
 
 
 
e. Eficiência Luminosa 
Podemos dizer que eficiência luminosa de uma fonte de luz é o quociente 
entre o fluxo luminoso emitido em lúmens, pela potência consumida em 
Watts. Em outras palavras, esta grandeza retrata a quantidade de “luz” que 
uma fonte luminosa pode produzir a partir da potência elétrica de 1 Watt. 
Quanto maior o valor da eficiência luminosa de uma determinada lâmpada, 
maior será a quantidade de luz produzida com o mesmo consumo. No 
conjunto das lâmpadas comercialmente disponíveis no mercado nacional, 
pode-se classificá-las de acordo com a sua eficiência luminosa. 
 
 
 
 
",629,"e. Eficiência Luminosa 
Podemos dizer que eficiência luminosa de uma fonte de luz é o quociente 
entre o fluxo luminoso emitido em lúmens, pela potência consumida em 
Watts. Em outras palavras, esta grandeza retrata a quantidade de “luz” que 
uma fonte luminosa pode produzir a partir da potência elétrica de 1 Watt. 
Quanto maior o valor da eficiência luminosa de uma determinada lâmpada, 
maior será a quantidade de luz produzida com o mesmo consumo. No 
conjunto das lâmpadas comercialmente disponíveis no mercado nacional, 
pode-se classificá-las de acordo com a sua eficiência luminosa.",629,591
06_procel_eficiencia_edificios_publicos.pdf,Guia de Eficiência Energética em Edifícios Públicos,PROCEL / Ministério de Minas e Energia,relatorio_tecnico,eficiencia_energetica,2025,vigente,guia técnico,eficiência energética em edificações públicas,80," 
60 
 
f. Vida Útil e Vida Mediana 
Vida Útil: Número de horas decorrido quando se atinge 30 % de redução na 
quantidade de luz inicial, no conjunto de lâmpadas ensaiadas.  
Vida Mediana: Número de horas decorrido quando ainda 50 % das lâmpadas 
ensaiadas permanecem acessas.  
 
 
g. Lâmpadas Ineficientes 
 Lâmpadas Incandescentes 
Incandescente Comum 
Halógena Compacta 
Halógena Palito 
Halógena Dicróica 
Halógena Par 
 
Este grupo é composto pelas lâmpadas incandescentes comuns e pelas 
lâmpadas incandescentes halógenas, que se distinguem das anteriores por 
operarem em conjunto com um gás halogênio (por ex.: iodo, cloro e bromo). 
",644,"f. Vida Útil e Vida Mediana 
Vida Útil: Número de horas decorrido quando se atinge 30 % de redução na 
quantidade de luz inicial, no conjunto de lâmpadas ensaiadas. 
Vida Mediana: Número de horas decorrido quando ainda 50 % das lâmpadas 
ensaiadas permanecem acessas. 
 
 
g. Lâmpadas Ineficientes 
 Lâmpadas Incandescentes 
Incandescente Comum 
Halógena Compacta 
Halógena Palito 
Halógena Dicróica 
Halógena Par 
 
Este grupo é composto pelas lâmpadas incandescentes comuns e pelas 
lâmpadas incandescentes halógenas, que se distinguem das anteriores por 
operarem em conjunto com um gás halogênio (por ex.: iodo, cloro e bromo).",644,632
06_procel_eficiencia_edificios_publicos.pdf,Guia de Eficiência Energética em Edifícios Públicos,PROCEL / Ministério de Minas e Energia,relatorio_tecnico,eficiencia_energetica,2025,vigente,guia técnico,eficiência energética em edificações públicas,81," 
61 
 
Através desta composição, as moléculas do filamento de tungstênio, que se 
desprendem com o uso, são regeneradas e, com isto, possibilita-se uma 
redução da área do bulbo da lâmpada, uma maior vida útil e uma maior 
eficiência 
luminosa, 
respectivamente 
às 
mesmas 
características 
da 
incandescente comum. As lâmpadas halógenas podem ser configuradas como 
halógena compacta, halógena Palito, Dicróica (halógena compacta com 
refletor dicróico) e Par (halógena compacta com refletor parabólico). O 
funcionamento dessas lâmpadas incandescentes ocorre pela passagem de 
corrente elétrica por um fio (filamento da lâmpada), com alta resistência 
elétrica, produzindo luz e calor, com eficiência Luminosa de 10 a 25 lm/W. 
 
 Lâmpadas Fluorescentes 
Fluorescente Tubular - T12 
20 W – 40 W 
Fluorescente Tubular 
Circular T9 
22 W – 32 W 
Fluorescente Tubular - T10 
20 W – 40 W 
 
Estas lâmpadas são a clássica forma para uma iluminação econômica. A 
descarga elétrica em seu interior emite quase que totalmente radiação 
ultravioleta (invisível ao olho humano), gerada pelo vapor de mercúrio, que, 
por sua vez será convertida em luz visível pelo pó fluorescente que reveste a 
superfície interna do bulbo. É da composição deste pó fluorescente que 
resultam o Índice de Reprodução de Cor (Ra), a Eficiência Luminosa e as 
diversas tonalidades da luz emitida ou Temperatura de Cor Correlata (Tcp). Sua 
eficiência Luminosa é de 55 a 75 lm/W. 
Quanto ao diâmetro, que é expresso em oitavas de polegadas, as versões 
tradicionais das lâmpadas fluorescentes tubulares são produzidas em T12 
(Tubular com diâmetro de doze oitavas de polegadas, ou 38 mm) e T10 
(33 mm), ambas ineficientes. 
 
 Lâmpadas de Vapor de Mercúrio  
 
 
Lâmpada de Vapor de Mercúrio 
80 W  -  125 W  - 250 W  -  400 W 
",1804,"Através desta composição, as moléculas do filamento de tungstênio, que se 
desprendem com o uso, são regeneradas e, com isto, possibilita-se uma 
redução da área do bulbo da lâmpada, uma maior vida útil e uma maior 
eficiência 
luminosa, 
respectivamente 
às 
mesmas 
características 
da 
incandescente comum. As lâmpadas halógenas podem ser configuradas como 
halógena compacta, halógena Palito, Dicróica (halógena compacta com 
refletor dicróico) e Par (halógena compacta com refletor parabólico). O 
funcionamento dessas lâmpadas incandescentes ocorre pela passagem de 
corrente elétrica por um fio (filamento da lâmpada), com alta resistência 
elétrica, produzindo luz e calor, com eficiência Luminosa de 10 a 25 lm/W. 
 
 Lâmpadas Fluorescentes 
Fluorescente Tubular - T12 
20 W – 40 W 
Fluorescente Tubular 
Circular T9 
22 W – 32 W 
Fluorescente Tubular - T10 
20 W – 40 W 
 
Estas lâmpadas são a clássica forma para uma iluminação econômica. A 
descarga elétrica em seu interior emite quase que totalmente radiação 
ultravioleta (invisível ao olho humano), gerada pelo vapor de mercúrio, que, 
por sua vez será convertida em luz visível pelo pó fluorescente que reveste a 
superfície interna do bulbo. É da composição deste pó fluorescente que 
resultam o Índice de Reprodução de Cor (Ra), a Eficiência Luminosa e as 
diversas tonalidades da luz emitida ou Temperatura de Cor Correlata (Tcp). Sua 
eficiência Luminosa é de 55 a 75 lm/W. 
Quanto ao diâmetro, que é expresso em oitavas de polegadas, as versões 
tradicionais das lâmpadas fluorescentes tubulares são produzidas em T12 
(Tubular com diâmetro de doze oitavas de polegadas, ou 38 mm) e T10 
(33 mm), ambas ineficientes. 
 
 Lâmpadas de Vapor de Mercúrio 
 
 
Lâmpada de Vapor de Mercúrio 
80 W - 125 W - 250 W - 400 W",1804,1788
06_procel_eficiencia_edificios_publicos.pdf,Guia de Eficiência Energética em Edifícios Públicos,PROCEL / Ministério de Minas e Energia,relatorio_tecnico,eficiencia_energetica,2025,vigente,guia técnico,eficiência energética em edificações públicas,82," 
62 
 
Nas lâmpadas de vapor de mercúrio a luz é produzida pela combinação de 
excitação e fluorescência. A descarga de mercúrio no tubo de arco produz uma 
energia visível na região do azul e do ultravioleta. O fósforo, que reveste o 
bulbo, converte o ultravioleta em luz visível na região do vermelho. O 
resultado é uma luz de razoável Índice de Reprodução de Cor (Ra) (40-59) e 
eficiência luminosa de 45 a 55 lm/W. 
 
 Lâmpadas de Luz Mista 
 
 
Lâmpada de Luz Mista 
 160 W  - 250 W 
As lâmpadas de luz mista, como o próprio nome já diz, são uma combinação de 
uma lâmpada vapor de mercúrio com uma lâmpada incandescente, ou seja, 
um tubo de descarga de mercúrio ligado em série com um filamento 
incandescente. O filamento controla a corrente no tubo de arco e ao mesmo 
tempo contribui com a produção de 20 % do total do fluxo luminoso 
produzido. A combinação da radiação do mercúrio com a radiação do fósforo e 
a radiação do filamento incandescente, produz uma agradável luz branca, com 
eficiência Luminosa de 20 a 35 lm/W. 
 
h. Lâmpadas Eficientes 
O Selo Procel5 tem por objetivo orientar o consumidor no 
ato da compra, indicando os produtos que apresentam os 
melhores níveis de eficiência energética dentro de cada 
categoria, proporcionando, assim, economia na conta de 
energia elétrica. Também estimula a fabricação e a 
comercialização de produtos mais eficientes. Para 
equipamentos de sistemas de iluminação, fazem parte da etiquetagem do 
Selo Procel, as lâmpadas fluorescentes compactas, as lâmpadas de vapor 
de sódio em alta pressão, os reatores eletrônicos para lâmpadas 
fluorescentes tubulares e os reatores eletromagnéticos para lâmpadas de 
vapor de sódio. Os níveis de eficiência energética dos equipamentos que 
fazem parte da etiquetagem do Selo Procel podem ser obtidos no sítio do 
Procel 
, 
no 
tópico 
“ 
Equipamentos 
com 
selo” 
(http://www.procelinfo.com.br/main.asp?view=%7bB70B5A3C-19EF-
499D-B7BC-D6FF3BAB) 
 
                                                          
5 Procel – Programa Nacional de Conservação de Energia Elétrica. 
",2086,"Nas lâmpadas de vapor de mercúrio a luz é produzida pela combinação de 
excitação e fluorescência. A descarga de mercúrio no tubo de arco produz uma 
energia visível na região do azul e do ultravioleta. O fósforo, que reveste o 
bulbo, converte o ultravioleta em luz visível na região do vermelho. O 
resultado é uma luz de razoável Índice de Reprodução de Cor (Ra) (40-59) e 
eficiência luminosa de 45 a 55 lm/W. 
 
 Lâmpadas de Luz Mista 
 
 
Lâmpada de Luz Mista 
 160 W - 250 W 
As lâmpadas de luz mista, como o próprio nome já diz, são uma combinação de 
uma lâmpada vapor de mercúrio com uma lâmpada incandescente, ou seja, 
um tubo de descarga de mercúrio ligado em série com um filamento 
incandescente. O filamento controla a corrente no tubo de arco e ao mesmo 
tempo contribui com a produção de 20 % do total do fluxo luminoso 
produzido. A combinação da radiação do mercúrio com a radiação do fósforo e 
a radiação do filamento incandescente, produz uma agradável luz branca, com 
eficiência Luminosa de 20 a 35 lm/W. 
 
h. Lâmpadas Eficientes 
O Selo Procel5 tem por objetivo orientar o consumidor no 
ato da compra, indicando os produtos que apresentam os 
melhores níveis de eficiência energética dentro de cada 
categoria, proporcionando, assim, economia na conta de 
energia elétrica. Também estimula a fabricação e a 
comercialização de produtos mais eficientes. Para 
equipamentos de sistemas de iluminação, fazem parte da etiquetagem do 
Selo Procel, as lâmpadas fluorescentes compactas, as lâmpadas de vapor 
de sódio em alta pressão, os reatores eletrônicos para lâmpadas 
fluorescentes tubulares e os reatores eletromagnéticos para lâmpadas de 
vapor de sódio. Os níveis de eficiência energética dos equipamentos que 
fazem parte da etiquetagem do Selo Procel podem ser obtidos no sítio do 
Procel, 
no 
tópico 
“ 
Equipamentos 
com 
selo” 
( 
499D-B7BC-D6FF3BAB) 
 
 
5 Procel – Programa Nacional de Conservação de Energia Elétrica.",2086,1957
06_procel_eficiencia_edificios_publicos.pdf,Guia de Eficiência Energética em Edifícios Públicos,PROCEL / Ministério de Minas e Energia,relatorio_tecnico,eficiencia_energetica,2025,vigente,guia técnico,eficiência energética em edificações públicas,83," 
63 
 
 Lâmpadas Fluorescentes Compactas 
 
  
  
 
Compactas integradas 
 
  
  
 
 
Compacta Não Integrada 
 
As Lâmpadas Fluorescentes Compactas são classificadas em dois grupos 
distintos, para ambos os grupos, são apresentados apenas alguns exemplos 
acima, dentre as suas várias configurações existentes no mercado; as três 
primeiras figuras, a saber: lâmpada Twister, Universal e Bullet, são ditas 
fluorescentes compactas com reator integrado, as três últimas: Biax (2 pinos), 
Double Biax (4 pinos) e Triple Biax (4 pinos) são ditas fluorescentes compactas 
não integradas. As lâmpadas fluorescentes compactas com reator integrado 
são ideais para a substituição das lâmpadas incandescentes, pela sua 
praticidade, uma vez que, o equipamento auxiliar (reator), já vem incorporado 
na lâmpada, o que permite a troca e o manuseio da lâmpada de maneira fácil e 
segura. Já as lâmpadas fluorescentes compactas não integradas são 
recomendadas para áreas comerciais, onde a iluminação fica ligada por 
períodos longos. A vantagem em relação às integradas é que, assim que a 
lâmpada necessitar ser trocada, apenas é substituído a lâmpada. O reator 
permanece em operação por longo tempo, o que torna o sistema mais 
econômico. A eficiência luminosa está na faixa de 50 a 85 lm/W. 
 
 
",1292," Lâmpadas Fluorescentes Compactas 
 
 
 
 
Compactas integradas 
 
 
 
 
 
Compacta Não Integrada 
 
As Lâmpadas Fluorescentes Compactas são classificadas em dois grupos 
distintos, para ambos os grupos, são apresentados apenas alguns exemplos 
acima, dentre as suas várias configurações existentes no mercado; as três 
primeiras figuras, a saber: lâmpada Twister, Universal e Bullet, são ditas 
fluorescentes compactas com reator integrado, as três últimas: Biax (2 pinos), 
Double Biax (4 pinos) e Triple Biax (4 pinos) são ditas fluorescentes compactas 
não integradas. As lâmpadas fluorescentes compactas com reator integrado 
são ideais para a substituição das lâmpadas incandescentes, pela sua 
praticidade, uma vez que, o equipamento auxiliar (reator), já vem incorporado 
na lâmpada, o que permite a troca e o manuseio da lâmpada de maneira fácil e 
segura. Já as lâmpadas fluorescentes compactas não integradas são 
recomendadas para áreas comerciais, onde a iluminação fica ligada por 
períodos longos. A vantagem em relação às integradas é que, assim que a 
lâmpada necessitar ser trocada, apenas é substituído a lâmpada. O reator 
permanece em operação por longo tempo, o que torna o sistema mais 
econômico. A eficiência luminosa está na faixa de 50 a 85 lm/W.",1292,1274
06_procel_eficiencia_edificios_publicos.pdf,Guia de Eficiência Energética em Edifícios Públicos,PROCEL / Ministério de Minas e Energia,relatorio_tecnico,eficiencia_energetica,2025,vigente,guia técnico,eficiência energética em edificações públicas,84," 
64 
 
 Família de Lâmpadas Fluorescentes Tubulares 
 
 
 
Fluorescente Tubular - T8 
16 W - 32 W 
Fluorescente Tubular - T5 
14 W - 28 W 
Fluorescente Tubular 
Circular - T5 
22 W -  28 W  -  55 W 
 
A grande revolução das lâmpadas fluorescentes ao longo dos anos é 
decorrente das melhorias das composições do pó fluorescente e a 
consequente redução do diâmetro da lâmpada. Nas versões mais eficientes e 
modernas, com pó fluorescente trifósforo, são produzidas lâmpadas 
fluorescentes de diâmetros com tecnologia T8 (26 mm), T5 (16 mm) e 
T2 (<7 mm). Para as tecnologias T8 (com potências de 16 W e 32 W) e T5 (com 
potências de 14 W e 28 W), além das lâmpadas no formato tubular padrão, são 
produzidas lâmpadas fluorescentes tubulares no formato circular, com 
potências de 22 W, 28 W, 55 W, dentre outras. A eficiência luminosa está na 
faixa de 70 a 125 lm/W. 
 
 Lâmpadas de Multivapor Metálico 
 
   
 
 
 
 
      V.M. Ovoide              V.M. Duplo Contato           V.M.  Refletora (PAR)         V.M. Tubular 
 
A lâmpada vapor metálico, além de ter uma excelente reprodução de cores, é 
atualmente a fonte de luz branca de maior eficiência disponível no mercado, 
para locais onde exija demanda de alto fluxo luminoso. A luz é produzida pela 
excitação de átomos de aditivos metálicos em um tubo de arco de quartzo. 
Devido à excelente qualidade de luz produzida pelas lâmpadas de vapores 
metálicos, novos modelos de baixa potência foram desenvolvidos para 
utilização em interiores. Atualmente as lâmpadas vapor metálico estão 
disponíveis nos formatos: Ovoide, Duplo Contato, Refletora e Tubular. A 
eficiência luminosa está na faixa de 75 a 90 lm/W. 
 
 
 
",1678," Família de Lâmpadas Fluorescentes Tubulares 
 
 
 
Fluorescente Tubular - T8 
16 W - 32 W 
Fluorescente Tubular - T5 
14 W - 28 W 
Fluorescente Tubular 
Circular - T5 
22 W - 28 W - 55 W 
 
A grande revolução das lâmpadas fluorescentes ao longo dos anos é 
decorrente das melhorias das composições do pó fluorescente e a 
consequente redução do diâmetro da lâmpada. Nas versões mais eficientes e 
modernas, com pó fluorescente trifósforo, são produzidas lâmpadas 
fluorescentes de diâmetros com tecnologia T8 (26 mm), T5 (16 mm) e 
T2 (<7 mm). Para as tecnologias T8 (com potências de 16 W e 32 W) e T5 (com 
potências de 14 W e 28 W), além das lâmpadas no formato tubular padrão, são 
produzidas lâmpadas fluorescentes tubulares no formato circular, com 
potências de 22 W, 28 W, 55 W, dentre outras. A eficiência luminosa está na 
faixa de 70 a 125 lm/W. 
 
 Lâmpadas de Multivapor Metálico 
 
 
 
 
 
 
 V.M. Ovoide V.M. Duplo Contato V.M. Refletora (PAR) V.M. Tubular 
 
A lâmpada vapor metálico, além de ter uma excelente reprodução de cores, é 
atualmente a fonte de luz branca de maior eficiência disponível no mercado, 
para locais onde exija demanda de alto fluxo luminoso. A luz é produzida pela 
excitação de átomos de aditivos metálicos em um tubo de arco de quartzo. 
Devido à excelente qualidade de luz produzida pelas lâmpadas de vapores 
metálicos, novos modelos de baixa potência foram desenvolvidos para 
utilização em interiores. Atualmente as lâmpadas vapor metálico estão 
disponíveis nos formatos: Ovoide, Duplo Contato, Refletora e Tubular. A 
eficiência luminosa está na faixa de 75 a 90 lm/W.",1678,1620
06_procel_eficiencia_edificios_publicos.pdf,Guia de Eficiência Energética em Edifícios Públicos,PROCEL / Ministério de Minas e Energia,relatorio_tecnico,eficiencia_energetica,2025,vigente,guia técnico,eficiência energética em edificações públicas,85," 
65 
 
 Lâmpadas de Vapor de Sódio em Alta Pressão 
 
  
 
 
 
 
  V.S.  Elipsoidal                                     V.S.  Tubular 
 
A lâmpada vapor de sódio em alta pressão é a mais eficiente do grupo de 
lâmpadas de alta intensidade de descarga. A luz é produzida pela excitação de 
átomos de sódio aliados a um complexo processo de absorção e reirradiação 
em diferentes comprimentos de onda. Este tipo de lâmpada apresenta-se nas 
versões elipsoidais e tubulares e é indicada para iluminação de locais onde a 
reprodução de cor não é um fator importante. Amplamente utilizada na 
iluminação externa, em avenidas, estradas, viadutos, complexos viários etc., 
tem seu uso ampliado para áreas industriais, siderúrgicas e ainda para locais 
específicos como aeroportos, estaleiros, portos, ferrovias, pátios e 
estacionamentos. Sua eficiência luminosa é de 80 a 140 lm/W. 
 
 Lâmpadas Led  
 
 
Lâmpada Led comum: 
 
Substitui lâmpada incandescente; 
 
Lâmpadas Led spot: 
 
Substitui lâmpada halógena dicróica; 
 
 
Lâmpadas Led par: 
 
Substitui lâmpada halógena par; 
 
Lâmpadas Led tubular: 
 
Substitui lâmpada fluorescente 
tubular T12; 
",1155," Lâmpadas de Vapor de Sódio em Alta Pressão 
 
 
 
 
 
 
 V.S. Elipsoidal V.S. Tubular 
 
A lâmpada vapor de sódio em alta pressão é a mais eficiente do grupo de 
lâmpadas de alta intensidade de descarga. A luz é produzida pela excitação de 
átomos de sódio aliados a um complexo processo de absorção e reirradiação 
em diferentes comprimentos de onda. Este tipo de lâmpada apresenta-se nas 
versões elipsoidais e tubulares e é indicada para iluminação de locais onde a 
reprodução de cor não é um fator importante. Amplamente utilizada na 
iluminação externa, em avenidas, estradas, viadutos, complexos viários etc., 
tem seu uso ampliado para áreas industriais, siderúrgicas e ainda para locais 
específicos como aeroportos, estaleiros, portos, ferrovias, pátios e 
estacionamentos. Sua eficiência luminosa é de 80 a 140 lm/W. 
 
 Lâmpadas Led 
 
 
Lâmpada Led comum: 
• 
Substitui lâmpada incandescente; 
 
Lâmpadas Led spot: 
• 
Substitui lâmpada halógena dicróica; 
 
 
Lâmpadas Led par: 
• 
Substitui lâmpada halógena par; 
 
Lâmpadas Led tubular: 
• 
Substitui lâmpada fluorescente 
tubular T12;",1155,1104
06_procel_eficiencia_edificios_publicos.pdf,Guia de Eficiência Energética em Edifícios Públicos,PROCEL / Ministério de Minas e Energia,relatorio_tecnico,eficiencia_energetica,2025,vigente,guia técnico,eficiência energética em edificações públicas,86," 
66 
 
 
 
Refletores de Led: 
 
Substitui lâmpadas Incandescente, 
mista e fluorescente tubular na 
iluminação de áreas externas. 
 
Led é a sigla em inglês para Light Emitting Diode, (Diodos Emissores de Luz). O 
Led é um semicondutor emissor de luz que utiliza a mesma tecnologia 
empregada nos chips de computadores. Esse processo de emissão de luz pela 
aplicação de uma fonte elétrica de energia é chamado eletroluminescência. 
Sua eficiência luminosa é de 45 a 75 lm/W. 
 
4.2.2 Luminárias 
Curva de Distribuição Luminosa (CDL): É a representação da Intensidade 
Luminosa da fonte de luz em todos os ângulos em que ela é direcionada num 
plano. A distribuição espacial da intensidade luminosa de uma lâmpada 
refletora ou de uma luminária é definida como a distribuição luminosa na 
superfície. Conhecida como curva de distribuição luminosa é apresentada em 
coordenadas polares (cd/1000 lm) para diferentes planos. São estas curvas que 
indicam se a lâmpada ou luminária têm uma distribuição de luz concentrada, 
difusa, simétrica, assimétrica, etc.. Para a uniformização dos valores das 
curvas, geralmente essas são referidas a 1000 lm. Nesse caso, é necessário 
multiplicar o valor encontrado na CDL pelo fluxo luminoso da lâmpada em 
questão e dividir o resultado por 1000 lm. 
Curva 
de 
Distribuição 
de 
Intensidades Luminosas (CDL) 
no 
plano 
transversal 
e 
longitudinal 
para 
uma 
lâmpada fluorescente isolada 
(A) ou associada a uma 
luminária(B). 
 
 
 
 
Eficiência Luminosa da Luminária: Geralmente a lâmpada é instalada dentro 
de uma luminária, portanto o fluxo luminoso final apresentado é menor do 
que o irradiado pela lâmpada, devido à absorção, à reflexão e à transmissão da 
luz pelos materiais utilizados em sua confecção. O fluxo luminoso emitido é 
avaliado através do rendimento da luminária. Isto é, o fluxo luminoso da 
luminária em serviço dividido pelo fluxo luminoso da(s) lâmpada(s). 
",1929,"Refletores de Led: 
• 
Substitui lâmpadas Incandescente, 
mista e fluorescente tubular na 
iluminação de áreas externas. 
 
Led é a sigla em inglês para Light Emitting Diode, (Diodos Emissores de Luz). O 
Led é um semicondutor emissor de luz que utiliza a mesma tecnologia 
empregada nos chips de computadores. Esse processo de emissão de luz pela 
aplicação de uma fonte elétrica de energia é chamado eletroluminescência. 
Sua eficiência luminosa é de 45 a 75 lm/W. 
 
4.2.2 Luminárias 
Curva de Distribuição Luminosa (CDL): É a representação da Intensidade 
Luminosa da fonte de luz em todos os ângulos em que ela é direcionada num 
plano. A distribuição espacial da intensidade luminosa de uma lâmpada 
refletora ou de uma luminária é definida como a distribuição luminosa na 
superfície. Conhecida como curva de distribuição luminosa é apresentada em 
coordenadas polares (cd/1000 lm) para diferentes planos. São estas curvas que 
indicam se a lâmpada ou luminária têm uma distribuição de luz concentrada, 
difusa, simétrica, assimétrica, etc.. Para a uniformização dos valores das 
curvas, geralmente essas são referidas a 1000 lm. Nesse caso, é necessário 
multiplicar o valor encontrado na CDL pelo fluxo luminoso da lâmpada em 
questão e dividir o resultado por 1000 lm. 
Curva 
de 
Distribuição 
de 
Intensidades Luminosas (CDL) 
no 
plano 
transversal 
e 
longitudinal 
para 
uma 
lâmpada fluorescente isolada 
(A) ou associada a uma 
luminária(B). 
 
 
 
 
Eficiência Luminosa da Luminária: Geralmente a lâmpada é instalada dentro 
de uma luminária, portanto o fluxo luminoso final apresentado é menor do 
que o irradiado pela lâmpada, devido à absorção, à reflexão e à transmissão da 
luz pelos materiais utilizados em sua confecção. O fluxo luminoso emitido é 
avaliado através do rendimento da luminária. Isto é, o fluxo luminoso da 
luminária em serviço dividido pelo fluxo luminoso da(s) lâmpada(s).",1929,1915
06_procel_eficiencia_edificios_publicos.pdf,Guia de Eficiência Energética em Edifícios Públicos,PROCEL / Ministério de Minas e Energia,relatorio_tecnico,eficiencia_energetica,2025,vigente,guia técnico,eficiência energética em edificações públicas,87," 
67 
 
 
Fator de Utilização da Luminária (Fu): É o percentual do fluxo luminoso 
emitido pela luminária e que efetivamente incidi no plano de trabalho. 
 
Ofuscamento6: É o efeito de uma luz 
intensa no campo de visão do olho 
humano. Pode provocar sensação de 
desconforto e prejudicar o desempenho 
das atividades realizadas no local. Duas 
formas de ofuscamento podem gerar 
incômodos: 
 
 
 Ofuscamento direto, através de luz direcionada diretamente ao campo 
visual. 
 Ofuscamento reflexivo, através da reflexão da luz no plano de trabalho, 
direcionando-a para o campo visual.  
 
a. Luminárias Ineficientes 
Sem refletor, o facho luminoso difunde, não 
convergindo para o plano de trabalho.  
 
 
 
Com refletor em chapa pintada, o material absorve a 
poeira e impurezas existentes no ambiente, reduzindo 
sua capacidade reflexiva e seu rendimento com o 
passar do tempo. 
b. Luminárias Eficientes 
Com refletor em alumínio anodizado, de alta pureza, 
o facho luminoso concentra-se convergindo para o 
plano de trabalho, melhorando a eficiência luminosa 
do serviço de iluminação no ambiente, a propriedade 
reflexiva do material é preservada, e com o passar do 
tempo o rendimento não sofre perdas significativas. 
                                                          
6 Os valores do Índice limite de desconforto por ofuscamento (UGRL) estão descritos na 
Norma ABNT NBR ISO/CIE 8995-1 - Iluminação de Ambientes de Trabalho – Parte 1: 
Interior; 2013. 
",1471,"Fator de Utilização da Luminária (Fu): É o percentual do fluxo luminoso 
emitido pela luminária e que efetivamente incidi no plano de trabalho. 
 
Ofuscamento6: É o efeito de uma luz 
intensa no campo de visão do olho 
humano. Pode provocar sensação de 
desconforto e prejudicar o desempenho 
das atividades realizadas no local. Duas 
formas de ofuscamento podem gerar 
incômodos: 
 
 
 Ofuscamento direto, através de luz direcionada diretamente ao campo 
visual. 
 Ofuscamento reflexivo, através da reflexão da luz no plano de trabalho, 
direcionando-a para o campo visual. 
 
a. Luminárias Ineficientes 
Sem refletor, o facho luminoso difunde, não 
convergindo para o plano de trabalho. 
 
 
 
Com refletor em chapa pintada, o material absorve a 
poeira e impurezas existentes no ambiente, reduzindo 
sua capacidade reflexiva e seu rendimento com o 
passar do tempo. 
b. Luminárias Eficientes 
Com refletor em alumínio anodizado, de alta pureza, 
o facho luminoso concentra-se convergindo para o 
plano de trabalho, melhorando a eficiência luminosa 
do serviço de iluminação no ambiente, a propriedade 
reflexiva do material é preservada, e com o passar do 
tempo o rendimento não sofre perdas significativas. 
 
6 Os valores do Índice limite de desconforto por ofuscamento (UGRL) estão descritos na 
Norma ABNT NBR ISO/CIE 8995-1 - Iluminação de Ambientes de Trabalho – Parte 1: 
Interior; 2013.",1471,1400
06_procel_eficiencia_edificios_publicos.pdf,Guia de Eficiência Energética em Edifícios Públicos,PROCEL / Ministério de Minas e Energia,relatorio_tecnico,eficiencia_energetica,2025,vigente,guia técnico,eficiência energética em edificações públicas,88," 
68 
 
A opção pelo uso desta tecnologia aumenta a eficiência energética do sistema 
de iluminação. 
As luminárias eficientes se diferenciam das luminárias ineficientes por 
possuírem refletores em alumínio de alta pureza, alta refletância e maior Fator 
de Utilização. Sua classificação é dada por: 
 Tecnologia da lâmpada utilizada: T8, T5, Led; 
 Quantidade de lâmpadas que comporta: Geralmente 1, 2 ou 4 lâmpadas; 
 Potência da lâmpada: Depende da tecnologia da lâmpada utilizada; 
 Proteção ou não contra ofuscamento direto: Com aletas\Sem Aletas; 
 Modo de sua fixação no teto: Embutir, Sobrepor ou Pendente; 
Para o grupo das luminárias pendentes, existe uma subclassificação segundo a 
radiação do fluxo luminoso pela luminária, como mostra a figura a seguir; 
 
 Grau de proteção proporcionado contra a entrada de corpos estranhos, 
poeira e umidade: 
Observação: A designação é feita pelas letras ‘’IP’’ seguidas de dois algarismos, 
indicando sua conformidade com as condições mencionadas na tabela abaixo. 
O primeiro algarismo indica a proteção contra a entrada de corpos estranhos e 
poeira. O segundo algarismo indica o grau de vedação contra água. 
 
 
",1176,"A opção pelo uso desta tecnologia aumenta a eficiência energética do sistema 
de iluminação. 
As luminárias eficientes se diferenciam das luminárias ineficientes por 
possuírem refletores em alumínio de alta pureza, alta refletância e maior Fator 
de Utilização. Sua classificação é dada por: 
 Tecnologia da lâmpada utilizada: T8, T5, Led; 
 Quantidade de lâmpadas que comporta: Geralmente 1, 2 ou 4 lâmpadas; 
 Potência da lâmpada: Depende da tecnologia da lâmpada utilizada; 
 Proteção ou não contra ofuscamento direto: Com aletas\Sem Aletas; 
 Modo de sua fixação no teto: Embutir, Sobrepor ou Pendente; 
Para o grupo das luminárias pendentes, existe uma subclassificação segundo a 
radiação do fluxo luminoso pela luminária, como mostra a figura a seguir; 
 
 Grau de proteção proporcionado contra a entrada de corpos estranhos, 
poeira e umidade: 
Observação: A designação é feita pelas letras ‘’IP’’ seguidas de dois algarismos, 
indicando sua conformidade com as condições mencionadas na tabela abaixo. 
O primeiro algarismo indica a proteção contra a entrada de corpos estranhos e 
poeira. O segundo algarismo indica o grau de vedação contra água.",1176,1162
06_procel_eficiencia_edificios_publicos.pdf,Guia de Eficiência Energética em Edifícios Públicos,PROCEL / Ministério de Minas e Energia,relatorio_tecnico,eficiencia_energetica,2025,vigente,guia técnico,eficiência energética em edificações públicas,89," 
69 
 
 
A seguir serão apresentados alguns exemplos de luminárias para tecnologias 
T8, T5 e Led. Para todos os exemplos da tecnologia T8, apresentados, estão 
disponíveis no mercado luminárias similares para a tecnologia T5 (para 
lâmpadas de 28 W e 14 W). 
Luminárias para Tecnologia T8: 32 W ou 16 W; para embutir; com aletas 
 
 
Para 1 ou 2 Lâmpadas de 32 W 
Para 4 Lâmpadas de16 W 
 
Luminárias para Tecnologia T8; 32 W ou 16 W; para sobrepor; com aletas  
 
 
Para 1 ou 2 Lâmpadas de 32 W 
Para 4 Lâmpadas de16 W 
 
 
Proteção contra poeira 
Proteção contra umidade 
Primeiro 
algarismo 
Grau de proteção 
Segundo 
algarismo 
Grau de proteção 
0 
Sem proteção 
0 
Sem proteção 
1 
Proteção contra objetos sólidos maiores que 50 mm 
1 
Proteção contra gotejamento d’água 
2 
Proteção contra objetos sólidos maiores que 12 mm 
2 
Proteção contra gotejamento d’água quando 
inclinada acima de 15° 
3 
Proteção contra objetos sólidos maiores  que 2,5 
mm 
3 
Proteção contra água pulverizada 
4 
Proteção contra objetos sólidos maiores que 1,0 
mm 
4 
Proteção contra água borrifada 
5 
Proteção contra poeira 
5 
Proteção contra jatos d’água 
6 
Hermética 
6 
Proteção contra jatos d’água em alta pressão 
 
 
7 
Proteção contra efeitos de imersão 
 
 
8 
Proteção contra imersão 
",1287,"A seguir serão apresentados alguns exemplos de luminárias para tecnologias 
T8, T5 e Led. Para todos os exemplos da tecnologia T8, apresentados, estão 
disponíveis no mercado luminárias similares para a tecnologia T5 (para 
lâmpadas de 28 W e 14 W). 
Luminárias para Tecnologia T8: 32 W ou 16 W; para embutir; com aletas 
 
 
Para 1 ou 2 Lâmpadas de 32 W 
Para 4 Lâmpadas de16 W 
 
Luminárias para Tecnologia T8; 32 W ou 16 W; para sobrepor; com aletas 
 
 
Para 1 ou 2 Lâmpadas de 32 W 
Para 4 Lâmpadas de16 W 
 
 
Proteção contra poeira 
Proteção contra umidade 
Primeiro 
algarismo 
Grau de proteção 
Segundo 
algarismo 
Grau de proteção 
 
Sem proteção 
 
Sem proteção 
 
Proteção contra objetos sólidos maiores que 50 mm 
 
Proteção contra gotejamento d’água 
 
Proteção contra objetos sólidos maiores que 12 mm 
 
Proteção contra gotejamento d’água quando 
inclinada acima de 15° 
 
Proteção contra objetos sólidos maiores que 2,5 
mm 
 
Proteção contra água pulverizada 
 
Proteção contra objetos sólidos maiores que 1,0 
mm 
 
Proteção contra água borrifada 
 
Proteção contra poeira 
 
Proteção contra jatos d’água 
 
Hermética 
 
Proteção contra jatos d’água em alta pressão 
 
Proteção contra efeitos de imersão 
 
Proteção contra imersão",1287,1249
06_procel_eficiencia_edificios_publicos.pdf,Guia de Eficiência Energética em Edifícios Públicos,PROCEL / Ministério de Minas e Energia,relatorio_tecnico,eficiencia_energetica,2025,vigente,guia técnico,eficiência energética em edificações públicas,90," 
70 
 
Luminárias para Tecnologia T8: 32 W ou 16 W; para embutir; sem aletas  
 
 
Para 1 ou 2 Lâmpadas de 32 W 
Para 4 Lâmpadas de16 W 
 
Luminárias para Tecnologia T8: 32 W ou 16 W; para sobrepor; sem aletas 
 
Para 1 ou 2 Lâmpadas de 32 W 
Para 4 Lâmpadas de16 W 
 
Luminárias para Tecnologia T5: 28 W ou 14 W; pendente; com aletas 
 
Para 4 Lâmpadas de14 W 
Para 2 Lâmpadas de 28 W 
 
Luminária hermética para Tecnologia T8; IP-65; com aletas 
Para embutir 
 
 
Para sobrepor 
 
 
 
Para 1 ou 2 Lâmpadas de 32 W 
  Para 4 Lâmpadas de 16 W 
 
",547,"Luminárias para Tecnologia T8: 32 W ou 16 W; para embutir; sem aletas 
 
 
Para 1 ou 2 Lâmpadas de 32 W 
Para 4 Lâmpadas de16 W 
 
Luminárias para Tecnologia T8: 32 W ou 16 W; para sobrepor; sem aletas 
 
Para 1 ou 2 Lâmpadas de 32 W 
Para 4 Lâmpadas de16 W 
 
Luminárias para Tecnologia T5: 28 W ou 14 W; pendente; com aletas 
 
Para 4 Lâmpadas de14 W 
Para 2 Lâmpadas de 28 W 
 
Luminária hermética para Tecnologia T8; IP-65; com aletas 
Para embutir 
 
 
Para sobrepor 
 
 
 
Para 1 ou 2 Lâmpadas de 32 W 
 Para 4 Lâmpadas de 16 W",547,533
06_procel_eficiencia_edificios_publicos.pdf,Guia de Eficiência Energética em Edifícios Públicos,PROCEL / Ministério de Minas e Energia,relatorio_tecnico,eficiencia_energetica,2025,vigente,guia técnico,eficiência energética em edificações públicas,91," 
71 
 
Luminária hermética para Tecnologia T8; IP-65; sem aletas 
Para embutir 
 
 
Para sobrepor 
 
 
 
Para 1 ou 2 Lâmpadas de 32 W 
Para 4 Lâmpadas de 16 W 
                                               
Luminárias Led – Substituem luminárias ineficientes para tecnologia T12; sem 
controle de ofuscamento; 4 lâmpadas de 20 W 
 
Luminária para sobrepor 
Luminária para embutir 
 
Luminárias Led – substituem luminárias ineficientes para tecnologia T12; com 
controle de ofuscamento; para embutir 
 
 
 
Substitui luminária  
para 2 Lâmpadas de 20 W 
Substitui luminária 
para 2 Lâmpadas de 40 W 
Substitui luminária 
para 4 Lâmpadas de 20 W 
 
4.2.3 Reatores 
Reatores são equipamentos auxiliares para o acendimento das lâmpadas de 
descarga. Servem para limitar a corrente e adequar as tensões para o perfeito 
funcionamento das lâmpadas. Os tipos de reatores encontrados no mercado 
são: eletromagnéticos e eletrônicos. 
",928,"Luminária hermética para Tecnologia T8; IP-65; sem aletas 
Para embutir 
 
 
Para sobrepor 
 
 
 
Para 1 ou 2 Lâmpadas de 32 W 
Para 4 Lâmpadas de 16 W 
 
Luminárias Led – Substituem luminárias ineficientes para tecnologia T12; sem 
controle de ofuscamento; 4 lâmpadas de 20 W 
 
Luminária para sobrepor 
Luminária para embutir 
 
Luminárias Led – substituem luminárias ineficientes para tecnologia T12; com 
controle de ofuscamento; para embutir 
 
 
 
Substitui luminária 
para 2 Lâmpadas de 20 W 
Substitui luminária 
para 2 Lâmpadas de 40 W 
Substitui luminária 
para 4 Lâmpadas de 20 W 
 
4.2.3 Reatores 
Reatores são equipamentos auxiliares para o acendimento das lâmpadas de 
descarga. Servem para limitar a corrente e adequar as tensões para o perfeito 
funcionamento das lâmpadas. Os tipos de reatores encontrados no mercado 
são: eletromagnéticos e eletrônicos.",928,871
06_procel_eficiencia_edificios_publicos.pdf,Guia de Eficiência Energética em Edifícios Públicos,PROCEL / Ministério de Minas e Energia,relatorio_tecnico,eficiencia_energetica,2025,vigente,guia técnico,eficiência energética em edificações públicas,92," 
72 
 
A correta aplicação dos reatores garante um melhor desempenho para 
projetos elétricos e luminotécnicos, contribuindo diretamente para a 
manutenção do fluxo luminoso e a vida útil da lâmpada. 
 
Fator de Potência (FP): Indica o grau de defasagem entre a tensão e a corrente 
proporcionada pelo reator no circuito. Esse valor é fornecido pelo fabricante 
do reator e consta em catálogos e na etiqueta do produto. 
 
Distorção Harmônica Total (THD): Trata-se de correntes alternadas que 
causam poluição ou interferência na rede, geradas por equipamentos 
eletrônicos de alta frequência. 
A referência adotada pela norma internacional IEC é que os reatores 
eletrônicos com filtro possuam THD < 32 %. Pode-se encontrar no mercado 
reatores com baixo THD, na faixa de 10 % a 15%. 
 
Fator de Fluxo Luminoso (FFL) ou Fator de Reator (FR): Este fator determina 
qual será o fluxo luminoso emitido pela lâmpada. Por exemplo, se uma 
lâmpada fluorescente de 32 W com fluxo luminoso de 2700 lúmens for 
utilizada com um reator eletrônico cujo fator de fluxo seja 1,10, o fluxo emitido 
será 2970 lúmens. Se a mesma lâmpada for utilizada com um reator que 
apresente fator de fluxo 0,90, seu fluxo será de 2430 lúmens. É bom lembrar 
que quanto maior for o fluxo luminoso do reator maior será a potência 
consumida pelo mesmo. 
 
Perdas do Reator: São as perdas existentes nos reatores. Essas perdas são 
informadas pelo fabricante e devem ser somadas à potência consumida pelas 
lâmpadas para calcular o consumo em Watts do conjunto (lâmpada + reator). 
a. Reator eletromagnético:  
São aqueles constituídos por um núcleo 
laminado de aço silício e bobinas de fio 
de cobre esmaltado. São impregnados 
com resina de poliéster, tendo um 
grande poder de isolação e dissipação 
térmica. Opera na frequência da rede 
(60 Hz). 
 
 
 
 
",1833,"A correta aplicação dos reatores garante um melhor desempenho para 
projetos elétricos e luminotécnicos, contribuindo diretamente para a 
manutenção do fluxo luminoso e a vida útil da lâmpada. 
 
Fator de Potência (FP): Indica o grau de defasagem entre a tensão e a corrente 
proporcionada pelo reator no circuito. Esse valor é fornecido pelo fabricante 
do reator e consta em catálogos e na etiqueta do produto. 
 
Distorção Harmônica Total (THD): Trata-se de correntes alternadas que 
causam poluição ou interferência na rede, geradas por equipamentos 
eletrônicos de alta frequência. 
A referência adotada pela norma internacional IEC é que os reatores 
eletrônicos com filtro possuam THD < 32 %. Pode-se encontrar no mercado 
reatores com baixo THD, na faixa de 10 % a 15%. 
 
Fator de Fluxo Luminoso (FFL) ou Fator de Reator (FR): Este fator determina 
qual será o fluxo luminoso emitido pela lâmpada. Por exemplo, se uma 
lâmpada fluorescente de 32 W com fluxo luminoso de 2700 lúmens for 
utilizada com um reator eletrônico cujo fator de fluxo seja 1,10, o fluxo emitido 
será 2970 lúmens. Se a mesma lâmpada for utilizada com um reator que 
apresente fator de fluxo 0,90, seu fluxo será de 2430 lúmens. É bom lembrar 
que quanto maior for o fluxo luminoso do reator maior será a potência 
consumida pelo mesmo. 
 
Perdas do Reator: São as perdas existentes nos reatores. Essas perdas são 
informadas pelo fabricante e devem ser somadas à potência consumida pelas 
lâmpadas para calcular o consumo em Watts do conjunto (lâmpada + reator). 
a. Reator eletromagnético: 
São aqueles constituídos por um núcleo 
laminado de aço silício e bobinas de fio 
de cobre esmaltado. São impregnados 
com resina de poliéster, tendo um 
grande poder de isolação e dissipação 
térmica. Opera na frequência da rede 
(60 Hz).",1833,1814
06_procel_eficiencia_edificios_publicos.pdf,Guia de Eficiência Energética em Edifícios Públicos,PROCEL / Ministério de Minas e Energia,relatorio_tecnico,eficiencia_energetica,2025,vigente,guia técnico,eficiência energética em edificações públicas,93," 
73 
 
b. Reator eletrônico:  
São aqueles constituídos por capacitores e 
indutores para alta frequência, resistores, 
circuitos integrados e outros componentes 
eletrônicos. Operam em alta frequência 
(de 20 kHz a 50 kHz), essa faixa de 
operação 
proporciona 
maior 
fluxo 
luminoso 
com 
menor 
potência 
de 
consumo, 
transformando 
assim 
os 
reatores eletrônicos em produtos economizadores de energia e com maior 
eficiência que os reatores eletromagnéticos. 
 
4.2.4 Controle Digital de Sistemas de Iluminação7 – Sistemas Dali 
- Digital Addressable Lighting Interface 
Um grande potencial para Eficiência Energética é a utilização de sensores de 
luz e presença Dali em conjunto com uma interface inteligente para 
gerenciamento de equipamentos de iluminação. Estes possibilitam que a luz 
natural disponível no ambiente seja complementada pela luz artificial 
proveniente das luminárias equipadas com reatores eletrônicos com ajuste de 
nível de iluminação (dimmer) Dali, além de permitir o acionamento da 
iluminação apenas quando haja pessoas no ambiente. 
Os sensores de luz Dali detectam o nível de iluminação, considerando a luz 
artificial e a natural. Assim, os grupos de luminárias podem ser controlados de 
acordo com sua posição no ambiente e a quantidade de luz disponível, 
permitindo que um nível de iluminação predefinido (de 500 lux, por exemplo) 
seja mantido. Os usuários ainda podem ajustar a iluminação a qualquer 
momento para um nível que satisfaça suas necessidades específicas. 
 
Até agora, oito partes da Norma IEC – 62386 foram desenvolvidas de modo a 
se obter um padrão que leva em consideração as diferentes características das 
fontes de luz, como lâmpadas fluorescentes, lâmpadas de descarga de alta 
pressão, lâmpadas halógenas de baixa tensão e Led. Esta Norma também 
contempla o controle da iluminação de emergência, bem como a cor e o 
controle de fontes de luz Led (por exemplo para controle do sistema de 
iluminação de fachadas e monumentos), dentre outros. 
Uma sub-rede Dali é tipicamente composta de 64 dispositivos de iluminação 
endereçáveis. Cada sub-rede Dali pode ser programada para ter 16 grupos de 
iluminação, definidos livremente, com 16 cenas (ou estados de operação) por 
dispositivo. Os reatores eletrônicos Dali podem ser controlados com um 
                                                          
7 O controle digital de sistemas de iluminação é baseado no padrão internacional descrito 
na norma IEC 62386, que define os requisitos técnicos que são a base para a Interface de 
Iluminação Endereçável Digital (DALI). 
",2589,"b. Reator eletrônico: 
São aqueles constituídos por capacitores e 
indutores para alta frequência, resistores, 
circuitos integrados e outros componentes 
eletrônicos. Operam em alta frequência 
(de 20 kHz a 50 kHz), essa faixa de 
operação 
proporciona 
maior 
fluxo 
luminoso 
com 
menor 
potência 
de 
consumo, 
transformando 
assim 
os 
reatores eletrônicos em produtos economizadores de energia e com maior 
eficiência que os reatores eletromagnéticos. 
 
4.2.4 Controle Digital de Sistemas de Iluminação7 – Sistemas Dali 
- Digital Addressable Lighting Interface 
Um grande potencial para Eficiência Energética é a utilização de sensores de 
luz e presença Dali em conjunto com uma interface inteligente para 
gerenciamento de equipamentos de iluminação. Estes possibilitam que a luz 
natural disponível no ambiente seja complementada pela luz artificial 
proveniente das luminárias equipadas com reatores eletrônicos com ajuste de 
nível de iluminação (dimmer) Dali, além de permitir o acionamento da 
iluminação apenas quando haja pessoas no ambiente. 
Os sensores de luz Dali detectam o nível de iluminação, considerando a luz 
artificial e a natural. Assim, os grupos de luminárias podem ser controlados de 
acordo com sua posição no ambiente e a quantidade de luz disponível, 
permitindo que um nível de iluminação predefinido (de 500 lux, por exemplo) 
seja mantido. Os usuários ainda podem ajustar a iluminação a qualquer 
momento para um nível que satisfaça suas necessidades específicas. 
 
Até agora, oito partes da Norma IEC – 62386 foram desenvolvidas de modo a 
se obter um padrão que leva em consideração as diferentes características das 
fontes de luz, como lâmpadas fluorescentes, lâmpadas de descarga de alta 
pressão, lâmpadas halógenas de baixa tensão e Led. Esta Norma também 
contempla o controle da iluminação de emergência, bem como a cor e o 
controle de fontes de luz Led (por exemplo para controle do sistema de 
iluminação de fachadas e monumentos), dentre outros. 
Uma sub-rede Dali é tipicamente composta de 64 dispositivos de iluminação 
endereçáveis. Cada sub-rede Dali pode ser programada para ter 16 grupos de 
iluminação, definidos livremente, com 16 cenas (ou estados de operação) por 
dispositivo. Os reatores eletrônicos Dali podem ser controlados com um 
 
7 O controle digital de sistemas de iluminação é baseado no padrão internacional descrito 
na norma IEC 62386, que define os requisitos técnicos que são a base para a Interface de 
Iluminação Endereçável Digital (DALI).",2589,2521
06_procel_eficiencia_edificios_publicos.pdf,Guia de Eficiência Energética em Edifícios Públicos,PROCEL / Ministério de Minas e Energia,relatorio_tecnico,eficiencia_energetica,2025,vigente,guia técnico,eficiência energética em edificações públicas,94," 
74 
 
elevado grau de flexibilidade através de um sinal em 2 fios, individualmente ou 
em grupos e a iluminação é ligada e o seu nível de iluminação é ajustado, 
através do sinal de controle 
Todas as alterações desejadas para os grupos e para as cenas são totalmente 
digitais, de forma que as instalações físicas permanecem inalteradas. Em 
instalações mais avançadas, dispositivos Dali também podem ser consultados 
para fornecer informações como o estado de potência da lâmpada e seu 
tempo de uso. 
Uma sub-rede com 64 dispositivos Dali endereçáveis é, na prática, suficiente 
para soluções da iluminação de ambientes isolados, por exemplo: auditório, 
sala de reunião e pequeno grupo de salas de escritórios. No entanto, em 
instalações maiores, pode haver uma necessidade de integração de centenas 
ou mesmo milhares de dispositivos Dali. Nesse caso, diversos fabricantes 
oferecem os chamados Dali gateways que pode integrar várias sub-redes Dali. 
 
 
 
Alguns exemplos de Dali gateways incluem: Ethernet (TCP / IP), BACNET, EIB / 
KNX e LON gateways. Este conjunto de redes oferece uma estrutura, para o 
sistema central de monitoração da edificação, que permite integrar, por 
exemplo, controles de ar condicionado e iluminação.  
 
 
",1248,"elevado grau de flexibilidade através de um sinal em 2 fios, individualmente ou 
em grupos e a iluminação é ligada e o seu nível de iluminação é ajustado, 
através do sinal de controle 
Todas as alterações desejadas para os grupos e para as cenas são totalmente 
digitais, de forma que as instalações físicas permanecem inalteradas. Em 
instalações mais avançadas, dispositivos Dali também podem ser consultados 
para fornecer informações como o estado de potência da lâmpada e seu 
tempo de uso. 
Uma sub-rede com 64 dispositivos Dali endereçáveis é, na prática, suficiente 
para soluções da iluminação de ambientes isolados, por exemplo: auditório, 
sala de reunião e pequeno grupo de salas de escritórios. No entanto, em 
instalações maiores, pode haver uma necessidade de integração de centenas 
ou mesmo milhares de dispositivos Dali. Nesse caso, diversos fabricantes 
oferecem os chamados Dali gateways que pode integrar várias sub-redes Dali. 
 
 
 
Alguns exemplos de Dali gateways incluem: Ethernet (TCP / IP), BACNET, EIB / 
KNX e LON gateways. Este conjunto de redes oferece uma estrutura, para o 
sistema central de monitoração da edificação, que permite integrar, por 
exemplo, controles de ar condicionado e iluminação.",1248,1233
06_procel_eficiencia_edificios_publicos.pdf,Guia de Eficiência Energética em Edifícios Públicos,PROCEL / Ministério de Minas e Energia,relatorio_tecnico,eficiencia_energetica,2025,vigente,guia técnico,eficiência energética em edificações públicas,95," 
75 
 
 
 
 
 
4.3 Projeto luminotécnico 
O Manual de Iluminação – Procel\EPP –AGOSTO 2011, na página 31, apresenta de 
uma forma simplificada, um exemplo de projeto luminotécnico.  
 
4.4 Normas Técnicas Brasileiras para projetos luminotécnicos 
ABNT NBR ISO/CIE 8995-1 – Iluminação de Ambientes de Trabalho\ Parte 1: 
Interior; Abril 2013: Nesta Norma foi levado em consideração não somente a 
iluminância, tal como na Norma ABNT NBR 5413 - Iluminância de Interiores, mas 
também o limite de desconforto por ofuscamento (UGRL) e o índice de 
reprodução de cor (Ra) mínimo da fonte para especificar os vários locais de 
trabalho e tipos de tarefas. Os valores recomendados foram considerados, a fim 
de representar um balanço razoável, respeitando os requisitos de segurança, 
saúde e um desempenho eficiente do trabalho. Os valores podem ser atingidos 
com a utilização de soluções energeticamente eficientes. 
A norma ABNT NBR ISO/CIE 8995-1 2013 cancela e substitui a ABNT NBR 5413 - 
Iluminância de Interiores: 1992 e a ABNT NBR 5382 - Verificação de Iluminância de 
Interiores:1985, ela é uma adoção idêntica, em conteúdo técnico, estrutura e 
redação, à ISO/CIE 8995-1:2002 e Cor 1:2005, que foi elaborada conjuntamente 
pelo CIE-TC 3-21 e ISO/TC 159, Technical Committee Ergonomics, Subcommittee 
SC 5, Ergonomics of Phisical Environment, conforme ISSO/IEC Guide 21-1:2005. 
",1384,"4.3 Projeto luminotécnico 
O Manual de Iluminação – Procel\EPP –AGOSTO 2011, na página 31, apresenta de 
uma forma simplificada, um exemplo de projeto luminotécnico. 
 
4.4 Normas Técnicas Brasileiras para projetos luminotécnicos 
ABNT NBR ISO/CIE 8995-1 – Iluminação de Ambientes de Trabalho\ Parte 1: 
Interior; Abril 2013: Nesta Norma foi levado em consideração não somente a 
iluminância, tal como na Norma ABNT NBR 5413 - Iluminância de Interiores, mas 
também o limite de desconforto por ofuscamento (UGRL) e o índice de 
reprodução de cor (Ra) mínimo da fonte para especificar os vários locais de 
trabalho e tipos de tarefas. Os valores recomendados foram considerados, a fim 
de representar um balanço razoável, respeitando os requisitos de segurança, 
saúde e um desempenho eficiente do trabalho. Os valores podem ser atingidos 
com a utilização de soluções energeticamente eficientes. 
A norma ABNT NBR ISO/CIE 8995-1 2013 cancela e substitui a ABNT NBR 5413 - 
Iluminância de Interiores: 1992 e a ABNT NBR 5382 - Verificação de Iluminância de 
Interiores:1985, ela é uma adoção idêntica, em conteúdo técnico, estrutura e 
redação, à ISO/CIE 8995-1:2002 e Cor 1:2005, que foi elaborada conjuntamente 
pelo CIE-TC 3-21 e ISO/TC 159, Technical Committee Ergonomics, Subcommittee 
SC 5, Ergonomics of Phisical Environment, conforme ISSO/IEC Guide 21-1:2005.",1384,1365
06_procel_eficiencia_edificios_publicos.pdf,Guia de Eficiência Energética em Edifícios Públicos,PROCEL / Ministério de Minas e Energia,relatorio_tecnico,eficiencia_energetica,2025,vigente,guia técnico,eficiência energética em edificações públicas,96," 
76 
 
A Norma ABNT NBR – ISSO/CIE – 8995-1 é utilizada para o planejamento dos 
ambientes (áreas), tarefas e atividades da iluminância, limitação de ofuscamento 
e qualidade da cor. 
 
 
 
 
 
 
 
 
 
 
 
 
 
 
 
 
 
 
 
 
 
 
 
 
 
 
",237,"A Norma ABNT NBR – ISSO/CIE – 8995-1 é utilizada para o planejamento dos 
ambientes (áreas), tarefas e atividades da iluminância, limitação de ofuscamento 
e qualidade da cor.",237,175
06_procel_eficiencia_edificios_publicos.pdf,Guia de Eficiência Energética em Edifícios Públicos,PROCEL / Ministério de Minas e Energia,relatorio_tecnico,eficiencia_energetica,2025,vigente,guia técnico,eficiência energética em edificações públicas,97," 
77 
 
 
ABNT NBR 10898 – iluminação de Emergência: Abril 2013: Esta Norma fixa as 
características mínimas exigíveis para as funções a que se destina o sistema de 
iluminação de emergência a ser instalado em edificações, ou em outras áreas 
fechadas sem iluminação natural. 
 
ABNT NBR 15215 - Iluminação Natural – 2005: Essa norma subdivide-se em 
quatro partes, a saber: 
 ABNT NBR 15215-1: Conceitos Básicos e Definições. 
 ABNT NBR 15215-2: Procedimentos de Cálculo Para Estimativa da 
Disponibilidade de Luz Natural. 
 ABNT NBR 15215-3: Procedimentos de Cálculo Para a Determinação da 
Luz Natural em Ambientes Internos. 
 ABNT NBR 15215-4: Verificação. Experimental das Condições de 
Iluminação Interna de Edificações. 
 
 
 
 
Tipo de ambiente, tarefa ou atividades 
Em 
lux 
UGRL 
Ra 
Observações 
1. Áreas 
 
 
 
 
 
100 
22 
60 
 
 
200 
22 
80 
 
Áreas de circulação e corredores 
 
 
 
Nas entradas e saídas, estabelecer uma 
zona de transição, a fim de evitar 
mudanças bruscas. 
Escadas, escadas rolantes e esteiras 
rolantes 
 
 
 
 
Rampas de carregamento 
 
 
 
 
Refeitório / Cantinas 
 
 
 
 
Salas de descanso 
 
 
 
 
Salas para exercícios físicos 
 
 
 
 
Vestiários, banheiros, toaletes 
 
 
 
 
 
500 
19 
80 
 
 
500 
16 
90 
Tcp no mínimo 4.000 K. 
Estufas, sala dos disjuntores 
 
 
 
 
Correios, quadros de distribuição 
 
 
 
 
 
100 
25 
60 
 
 
300 
25 
60 
 
 
150 
22 
60 
200 lux se forem continuamente 
ocupadas 
2. Edificações na agricultura 
 
 
 
 
Carregamento e operação de 
mercadorias, equipamentos de 
manuseio e máquinas 
 
 
 
 
Estábulo 
 
 
 
 
",1598,"ABNT NBR 10898 – iluminação de Emergência: Abril 2013: Esta Norma fixa as 
características mínimas exigíveis para as funções a que se destina o sistema de 
iluminação de emergência a ser instalado em edificações, ou em outras áreas 
fechadas sem iluminação natural. 
 
ABNT NBR 15215 - Iluminação Natural – 2005: Essa norma subdivide-se em 
quatro partes, a saber: 
 ABNT NBR 15215-1: Conceitos Básicos e Definições. 
 ABNT NBR 15215-2: Procedimentos de Cálculo Para Estimativa da 
Disponibilidade de Luz Natural. 
 ABNT NBR 15215-3: Procedimentos de Cálculo Para a Determinação da 
Luz Natural em Ambientes Internos. 
 ABNT NBR 15215-4: Verificação. Experimental das Condições de 
Iluminação Interna de Edificações. 
 
 
 
 
Tipo de ambiente, tarefa ou atividades 
Em 
lux 
UGRL 
Ra 
Observações 
1. Áreas 
 
 
 
 
 
 
Áreas de circulação e corredores 
 
 
 
Nas entradas e saídas, estabelecer uma 
zona de transição, a fim de evitar 
mudanças bruscas. 
Escadas, escadas rolantes e esteiras 
rolantes 
 
 
 
 
Rampas de carregamento 
 
 
 
 
Refeitório / Cantinas 
 
 
 
 
Salas de descanso 
 
 
 
 
Salas para exercícios físicos 
 
 
 
 
Vestiários, banheiros, toaletes 
 
 
 
 
 
 
Tcp no mínimo 4.000 K. 
Estufas, sala dos disjuntores 
 
 
 
 
Correios, quadros de distribuição 
 
 
 
 
 
 
 
 
 
200 lux se forem continuamente 
ocupadas 
2. Edificações na agricultura 
 
 
 
 
Carregamento e operação de 
mercadorias, equipamentos de 
manuseio e máquinas 
 
 
 
 
Estábulo",1598,1481
06_procel_eficiencia_edificios_publicos.pdf,Guia de Eficiência Energética em Edifícios Públicos,PROCEL / Ministério de Minas e Energia,relatorio_tecnico,eficiencia_energetica,2025,vigente,guia técnico,eficiência energética em edificações públicas,98," 
78 
 
4.5 Economia nos sistemas de iluminação 
Equipamentos eficientes de iluminação com controles consomem menos energia 
e requerem um menor orçamento anual para seu funcionamento, mas os seus 
custos de implantação são normalmente mais elevados. O projeto de iluminação 
eficiente também pode fazer uso de lâmpadas com vida útil mais longa, 
acarretando uma menor frequência de suas substituições, resultando na redução 
do custo de manutenção. 
Como correlacionar todos os custos e benefícios (alguns benefícios ocorrerão no 
futuro) e comparar um com o outro? A economia de energia, a redução de suas 
correspondentes despesas e os menores custos de manutenção dos 
equipamentos 
de 
iluminação 
compensam 
o 
investimento 
extra 
com 
equipamentos e controles eficientes de iluminação?  
Este tópico sobre economia em sistemas de iluminação mostra como estimar a 
economia de energia que pode ser obtida como resultado da implantação de 
sistemas de iluminação eficientes e como calcular os benefícios resultantes das 
reduções no orçamento anual com a sua implantação. Também mostra como 
considerar diferentes esquemas de manutenção ou de substituição de lâmpadas. 
Em seguida, apresenta várias medidas de desempenho econômico que considera 
todos os custos envolvidos de forma a habilitar o gestor para comparar as 
alternativas. 
 
4.5.1 Estimativa de custos de energia 
Uma tarefa essencial para avaliar se a implantação de um sistema de 
iluminação eficiente compensa seu custo adicional é a de estimar o consumo 
anual de energia em projetos alternativos. Estimativas mais sofisticadas 
considerarão também a economia de energia, consequente, no sistema de ar 
condicionado e outros benefícios indiretos.  
O horário de funcionamento pode ser razoavelmente estimado através de 
entrevistas com os responsáveis pela manutenção ou com os usuários. 
Histórico de medição de consumo pode ser também útil para este respeito, 
especialmente, se o sistema iluminação é submedido. Instrumentações 
específicas podem ser utilizadas para estimativas mais precisas da energia 
consumida pelos sistemas de iluminação existentes. 
 
4.5.2 Potência Instalada de Iluminação 
Na avaliação de um sistema de iluminação existente, a potência instalada de 
iluminação pode ser determinada através de uma auditoria (percorrendo o 
edifício, contando as luminárias por tipo, e determinando a sua potência 
consumida).  
",2413,"4.5 Economia nos sistemas de iluminação 
Equipamentos eficientes de iluminação com controles consomem menos energia 
e requerem um menor orçamento anual para seu funcionamento, mas os seus 
custos de implantação são normalmente mais elevados. O projeto de iluminação 
eficiente também pode fazer uso de lâmpadas com vida útil mais longa, 
acarretando uma menor frequência de suas substituições, resultando na redução 
do custo de manutenção. 
Como correlacionar todos os custos e benefícios (alguns benefícios ocorrerão no 
futuro) e comparar um com o outro? A economia de energia, a redução de suas 
correspondentes despesas e os menores custos de manutenção dos 
equipamentos 
de 
iluminação 
compensam 
o 
investimento 
extra 
com 
equipamentos e controles eficientes de iluminação? 
Este tópico sobre economia em sistemas de iluminação mostra como estimar a 
economia de energia que pode ser obtida como resultado da implantação de 
sistemas de iluminação eficientes e como calcular os benefícios resultantes das 
reduções no orçamento anual com a sua implantação. Também mostra como 
considerar diferentes esquemas de manutenção ou de substituição de lâmpadas. 
Em seguida, apresenta várias medidas de desempenho econômico que considera 
todos os custos envolvidos de forma a habilitar o gestor para comparar as 
alternativas. 
 
4.5.1 Estimativa de custos de energia 
Uma tarefa essencial para avaliar se a implantação de um sistema de 
iluminação eficiente compensa seu custo adicional é a de estimar o consumo 
anual de energia em projetos alternativos. Estimativas mais sofisticadas 
considerarão também a economia de energia, consequente, no sistema de ar 
condicionado e outros benefícios indiretos. 
O horário de funcionamento pode ser razoavelmente estimado através de 
entrevistas com os responsáveis pela manutenção ou com os usuários. 
Histórico de medição de consumo pode ser também útil para este respeito, 
especialmente, se o sistema iluminação é submedido. Instrumentações 
específicas podem ser utilizadas para estimativas mais precisas da energia 
consumida pelos sistemas de iluminação existentes. 
 
4.5.2 Potência Instalada de Iluminação 
Na avaliação de um sistema de iluminação existente, a potência instalada de 
iluminação pode ser determinada através de uma auditoria (percorrendo o 
edifício, contando as luminárias por tipo, e determinando a sua potência 
consumida).",2413,2400
06_procel_eficiencia_edificios_publicos.pdf,Guia de Eficiência Energética em Edifícios Públicos,PROCEL / Ministério de Minas e Energia,relatorio_tecnico,eficiencia_energetica,2025,vigente,guia técnico,eficiência energética em edificações públicas,99," 
79 
 
A potência instalada do sistema de iluminação é determinada pela soma de 
todas as potências instaladas de cada luminária no edifício. O valor da potência 
instalada da luminária é único para determinada combinação lâmpada-reator e 
é influenciada pelo tipo de lâmpada e tipo de reator (eletrônico ou 
eletromagnético). 
 
4.5.3 Horário de Funcionamento  
O total de horas de uso do sistema de iluminação de edifícios existentes pode 
ser estimado através de entrevistas com os responsáveis pela manutenção ou 
usuários, por projeções a partir das medições de curto prazo, ou por meio de 
uma análise do histórico de contas de consumo de energia elétrica. Modernas 
técnicas de monitoramento e verificação melhoraram dramaticamente a 
capacidade de estimar o total de horas de operação para o sistema de 
iluminação.  
 
4.5.4 Controles de Iluminação Automática  
Os benefícios dos controles automáticos de iluminação tais como sensores de 
presença, controles de iluminação natural, calibradores automáticos de nível 
iluminamento e, temporizadores podem ser aproximados pela realização de 
um ajuste da potência instalada do sistema de iluminação no edifício. Quando 
for o caso, esses ajustes devem ser feitos na avaliação das alternativas de 
projeto, especialmente quando as alternativas têm controles automáticos. 
 
4.5.5 Energia Consumida 
Para os sistemas de iluminação, a energia consumida é simplesmente a 
potência de iluminação instalada multiplicada pelas as horas anuais de 
operação. 
 
4.5.6 Ajustes para o Consumo de Energia no Sistema de Ar 
Condicionado  
Os sistemas de iluminação adicionam calor aos edifícios que devem ser 
removidos pelo sistema de ar condicionado. Portanto, os sistemas de 
iluminação eficientes têm o benefício adicional de reduzir a carga térmica do 
sistema de ar condicionado. Dependendo da eficiência do equipamento do 
sistema de ar, do tipo de construção, e do clima, a redução de energia nos 
sistemas de iluminação dos ambientes fornece para o sistema de ar 
condicionado, uma economia adicional equivalente de 10 a 30 % desta 
economia de energia.  
 
",2112,"A potência instalada do sistema de iluminação é determinada pela soma de 
todas as potências instaladas de cada luminária no edifício. O valor da potência 
instalada da luminária é único para determinada combinação lâmpada-reator e 
é influenciada pelo tipo de lâmpada e tipo de reator (eletrônico ou 
eletromagnético). 
 
4.5.3 Horário de Funcionamento 
O total de horas de uso do sistema de iluminação de edifícios existentes pode 
ser estimado através de entrevistas com os responsáveis pela manutenção ou 
usuários, por projeções a partir das medições de curto prazo, ou por meio de 
uma análise do histórico de contas de consumo de energia elétrica. Modernas 
técnicas de monitoramento e verificação melhoraram dramaticamente a 
capacidade de estimar o total de horas de operação para o sistema de 
iluminação. 
 
4.5.4 Controles de Iluminação Automática 
Os benefícios dos controles automáticos de iluminação tais como sensores de 
presença, controles de iluminação natural, calibradores automáticos de nível 
iluminamento e, temporizadores podem ser aproximados pela realização de 
um ajuste da potência instalada do sistema de iluminação no edifício. Quando 
for o caso, esses ajustes devem ser feitos na avaliação das alternativas de 
projeto, especialmente quando as alternativas têm controles automáticos. 
 
4.5.5 Energia Consumida 
Para os sistemas de iluminação, a energia consumida é simplesmente a 
potência de iluminação instalada multiplicada pelas as horas anuais de 
operação. 
 
4.5.6 Ajustes para o Consumo de Energia no Sistema de Ar 
Condicionado 
Os sistemas de iluminação adicionam calor aos edifícios que devem ser 
removidos pelo sistema de ar condicionado. Portanto, os sistemas de 
iluminação eficientes têm o benefício adicional de reduzir a carga térmica do 
sistema de ar condicionado. Dependendo da eficiência do equipamento do 
sistema de ar, do tipo de construção, e do clima, a redução de energia nos 
sistemas de iluminação dos ambientes fornece para o sistema de ar 
condicionado, uma economia adicional equivalente de 10 a 30 % desta 
economia de energia.",2112,2095
06_procel_eficiencia_edificios_publicos.pdf,Guia de Eficiência Energética em Edifícios Públicos,PROCEL / Ministério de Minas e Energia,relatorio_tecnico,eficiencia_energetica,2025,vigente,guia técnico,eficiência energética em edificações públicas,100," 
80 
 
4.5.7 Tarifas para Fornecimento de Energia Elétrica 
Para alguns tipos de tarifas para fornecimento de energia elétrica, a estimativa 
do custo anual com energia elétrica é uma simples tarefa de multiplicação do 
consumo anual estimado de energia (kW∙h) pelo custo por kW∙h de 
eletricidade. A maioria das tarifas para fornecimento de energia elétrica para 
edifícios comerciais são mais complexas e exige cálculos mais detalhados para 
obter uma estimativa do custo anual. Uma abordagem de tarifas, com mais 
detalhes, pode ser vista no capítulo 1. Os custos médios por kW∙h em geral 
podem ser utilizados, para a obtenção de estimativas aproximadas dos custos 
operacionais. Sistemas de iluminação em edifícios públicos podem funcionar 
durante o período de pico, de modo que um kW de potência reduzida na 
iluminação é também um kW de redução da demanda de pico. Uma vez que o 
sistema de ar condicionado, geralmente, também opera no período de pico, e 
um sistema iluminação mais eficiente acarreta uma redução da carga de ar 
condicionado, uma redução da demanda adicional, no sistema de ar 
condicionado, também, será obtida. A redução adicional dependerá da 
eficiência do aparelho de ar condicionado, mas variará entre 30% e 50% da 
redução da demanda da iluminação. Para as tarifas para fornecimento de 
energia elétrica com contratação de demanda de carga, a economia monetária 
de um sistema de iluminação eficiente é a soma da economia com despesas de 
energia e a economia, devido à redução das demandas do sistema de 
iluminação eficientes e a da redução, consequente, no sistema de ar 
condicionado. 
 
4.5.8 Outros Custos Operacionais  
Na comparação entre projetos de iluminação alternativos, outros custos 
operacionais, como o de substituição e de manutenção de lâmpada e de 
reatores, devem também ser considerados. Estimativas dos custos de 
manutenção e substituição podem ser obtidas com empresas de manutenção 
e fabricantes de lâmpadas. O fator mais crítico é geralmente a vida útil da 
lâmpada. Isto pode variar de 750 horas para as lâmpadas incandescentes para 
mais de 20 mil horas para lâmpadas de descarga de alta intensidade (HID). As 
lâmpadas fluorescentes compactas normalmente tem uma vida útil de cerca 
de 8000 horas. Os dados de vida útil da lâmpada são fornecidos pelos 
fabricantes baseados em ensaios laboratoriais de três horas de funcionamento 
para cada acendimento da lâmpada, para a maioria das lâmpadas (10 horas de 
funcionamento para lâmpadas de descarga de alta intensidade). 
 
 
 
",2541,"4.5.7 Tarifas para Fornecimento de Energia Elétrica 
Para alguns tipos de tarifas para fornecimento de energia elétrica, a estimativa 
do custo anual com energia elétrica é uma simples tarefa de multiplicação do 
consumo anual estimado de energia (kW∙h) pelo custo por kW∙h de 
eletricidade. A maioria das tarifas para fornecimento de energia elétrica para 
edifícios comerciais são mais complexas e exige cálculos mais detalhados para 
obter uma estimativa do custo anual. Uma abordagem de tarifas, com mais 
detalhes, pode ser vista no capítulo 1. Os custos médios por kW∙h em geral 
podem ser utilizados, para a obtenção de estimativas aproximadas dos custos 
operacionais. Sistemas de iluminação em edifícios públicos podem funcionar 
durante o período de pico, de modo que um kW de potência reduzida na 
iluminação é também um kW de redução da demanda de pico. Uma vez que o 
sistema de ar condicionado, geralmente, também opera no período de pico, e 
um sistema iluminação mais eficiente acarreta uma redução da carga de ar 
condicionado, uma redução da demanda adicional, no sistema de ar 
condicionado, também, será obtida. A redução adicional dependerá da 
eficiência do aparelho de ar condicionado, mas variará entre 30% e 50% da 
redução da demanda da iluminação. Para as tarifas para fornecimento de 
energia elétrica com contratação de demanda de carga, a economia monetária 
de um sistema de iluminação eficiente é a soma da economia com despesas de 
energia e a economia, devido à redução das demandas do sistema de 
iluminação eficientes e a da redução, consequente, no sistema de ar 
condicionado. 
 
4.5.8 Outros Custos Operacionais 
Na comparação entre projetos de iluminação alternativos, outros custos 
operacionais, como o de substituição e de manutenção de lâmpada e de 
reatores, devem também ser considerados. Estimativas dos custos de 
manutenção e substituição podem ser obtidas com empresas de manutenção 
e fabricantes de lâmpadas. O fator mais crítico é geralmente a vida útil da 
lâmpada. Isto pode variar de 750 horas para as lâmpadas incandescentes para 
mais de 20 mil horas para lâmpadas de descarga de alta intensidade (HID). As 
lâmpadas fluorescentes compactas normalmente tem uma vida útil de cerca 
de 8000 horas. Os dados de vida útil da lâmpada são fornecidos pelos 
fabricantes baseados em ensaios laboratoriais de três horas de funcionamento 
para cada acendimento da lâmpada, para a maioria das lâmpadas (10 horas de 
funcionamento para lâmpadas de descarga de alta intensidade).",2541,2524
06_procel_eficiencia_edificios_publicos.pdf,Guia de Eficiência Energética em Edifícios Públicos,PROCEL / Ministério de Minas e Energia,relatorio_tecnico,eficiencia_energetica,2025,vigente,guia técnico,eficiência energética em edificações públicas,101," 
81 
 
4.6 Requisitos básicos em projetos de sistemas de iluminação 
A prática de uma boa iluminação para locais de trabalho deve fornecer uma boa 
visualização da tarefa para que elas sejam realizadas facilmente, com conforto 
visual e atendendo aos requesitos de segurança. A fim de satisfazer isto é 
necessário que seja dada atenção a todos os parâmetros que contribuem para o 
ambiente luminoso. Os principais requisitos são: 
 
4.6.1 Iluminância 
Os valores de Iluminância recomendadas na área de tarefa devem ser obtidos 
a partir dos valores dados para as “Em (lux) – Iluminância Mantida”, 
relacionadas na Seção 5 da Norma ABNT NBR ISO/CIE 8995-1: 2013. 
 
4.6.2 Uniformidade 
A uniformidade da iluminância é a razão entre o valor mínimo e o valor médio. 
A iluminância deve alterar gradualmente. A área da tarefa deve ser iluminada o 
mais uniforme possível. A uniformidade da iluminância na tarefa não pode ser 
inferior a 0,7. E a uniformidade da iluminância no entorno imediato não pode 
ser inferior a 0,5. 
 
4.6.3 Ofuscamento 
É conveniente que o ofuscamento seja evitado, por exemplo, através de 
proteção contra a visão direta das lâmpadas com o uso de luminárias eficientes 
com aletas para o caso de ofuscamento causado por luz artificial ou através de 
escurecimento nas janelas a partir da utilização de anteparos, para o caso de 
ofuscamento causado por luz natural. 
 
4.6.4 Reprodução de cor 
As cores para segurança, de acordo com a Norma ISO 3864, devem sempre ser 
reconhecíveis e claramente discriminadas. Para fornecer uma indicação 
objetiva das propriedades de reprodução de cor de uma fonte de luz foi 
introduzido o índice geral de reprodução de cor (Ra). O valor máximo de Ra é 
100. Não se recomenda a utilização de lâmpadas com Ra inferior a 80, em 
interiores onde as pessoas trabalham ou ali permanecem por longos períodos. 
Os valores mínimos recomendados do índice geral de reprodução de cor, de 
diferentes tipos de ambientes internos, tarefas ou atividades estão 
estabelecidos na Seção 5 da Norma ABNT NBR ISO/CIE 8995-1: 2013. 
 
",2076,"4.6 Requisitos básicos em projetos de sistemas de iluminação 
A prática de uma boa iluminação para locais de trabalho deve fornecer uma boa 
visualização da tarefa para que elas sejam realizadas facilmente, com conforto 
visual e atendendo aos requesitos de segurança. A fim de satisfazer isto é 
necessário que seja dada atenção a todos os parâmetros que contribuem para o 
ambiente luminoso. Os principais requisitos são: 
 
4.6.1 Iluminância 
Os valores de Iluminância recomendadas na área de tarefa devem ser obtidos 
a partir dos valores dados para as “Em (lux) – Iluminância Mantida”, 
relacionadas na Seção 5 da Norma ABNT NBR ISO/CIE 8995-1: 2013. 
 
4.6.2 Uniformidade 
A uniformidade da iluminância é a razão entre o valor mínimo e o valor médio. 
A iluminância deve alterar gradualmente. A área da tarefa deve ser iluminada o 
mais uniforme possível. A uniformidade da iluminância na tarefa não pode ser 
inferior a 0,7. E a uniformidade da iluminância no entorno imediato não pode 
ser inferior a 0,5. 
 
4.6.3 Ofuscamento 
É conveniente que o ofuscamento seja evitado, por exemplo, através de 
proteção contra a visão direta das lâmpadas com o uso de luminárias eficientes 
com aletas para o caso de ofuscamento causado por luz artificial ou através de 
escurecimento nas janelas a partir da utilização de anteparos, para o caso de 
ofuscamento causado por luz natural. 
 
4.6.4 Reprodução de cor 
As cores para segurança, de acordo com a Norma ISO 3864, devem sempre ser 
reconhecíveis e claramente discriminadas. Para fornecer uma indicação 
objetiva das propriedades de reprodução de cor de uma fonte de luz foi 
introduzido o índice geral de reprodução de cor (Ra). O valor máximo de Ra é 
100. Não se recomenda a utilização de lâmpadas com Ra inferior a 80, em 
interiores onde as pessoas trabalham ou ali permanecem por longos períodos. 
Os valores mínimos recomendados do índice geral de reprodução de cor, de 
diferentes tipos de ambientes internos, tarefas ou atividades estão 
estabelecidos na Seção 5 da Norma ABNT NBR ISO/CIE 8995-1: 2013.",2076,2064
06_procel_eficiencia_edificios_publicos.pdf,Guia de Eficiência Energética em Edifícios Públicos,PROCEL / Ministério de Minas e Energia,relatorio_tecnico,eficiencia_energetica,2025,vigente,guia técnico,eficiência energética em edificações públicas,102," 
82 
 
4.6.5 Cintilação e efeito estroboscópico 
A cintilação causa distração e pode provocar efeitos fisiológicos como dores de 
cabeça. Convém que o sistema de iluminação seja projetado para evitar 
cintilação e os efeitos estroboscópicos. Isto pode ser alcançado pela utilização 
de reatores eficientes, eletrônicos de alta frequência (aproximadamente 
30 kHz). 
 
4.6.6 Luz natural 
A luz natural pode fornecer parte ou toda a iluminação para execução de 
tarefas visuais, aumentando consideravelmente a eficiência energética dos 
sistemas de iluminação. Porém, deve-se evitar o contraste excessivo e o 
desconforto térmico causados pela exposição direta da luz do sol em áreas de 
trabalho. Uma vez que a disponibilidade de luz natural diminui rapidamente 
com o distanciamento da janela, recomenda-se que uma iluminação 
suplementar, artificial, seja fornecida para garantir a iluminância requerida no 
local de trabalho e o balanceamento da distribuição da luz no interior do 
ambiente. 
O método mais apropriado e moderno para garantir uma integração entre a 
luz artificial e a luz natural é o controle digital de sistemas de iluminação 
através dos Sistemas Dali. 
 
4.6.7 Manutenção 
Os níveis de iluminação recomendados para cada tarefa são fornecidos como 
iluminância mantida “Em” (relacionadas na Seção 5 da Norma ABNT NBR 
ISO/CIE 8995-1: 2013). A iluminância mantida depende das características de 
manutenção da lâmpada, da luminária, do ambiente e do programa de 
manutenção. 
Convém que o projeto de iluminação seja desenvolvido com fator de 
manutenção total calculado para o equipamento de iluminação selecionado, 
para o tipo de ambiente e para o cronograma de manutenção especificado. 
Não se recomenda que o fator de manutenção calculado seja inferior a 0,70. 
 
4.7 Iluminação de emergência 
A iluminação de emergência deve ser instalada; nos casos onde já existe deve ser 
reavaliada segundo norma específica atualizada, Norma ABNT NBR 10898/set 
1999 – Sistema de Iluminação de Emergência. 
A iluminação de emergência deve atender aos objetivos de iluminação de 
ambiente, de modo proporcionar uma circulação, segura, vertical ou horizontal de 
",2174,"4.6.5 Cintilação e efeito estroboscópico 
A cintilação causa distração e pode provocar efeitos fisiológicos como dores de 
cabeça. Convém que o sistema de iluminação seja projetado para evitar 
cintilação e os efeitos estroboscópicos. Isto pode ser alcançado pela utilização 
de reatores eficientes, eletrônicos de alta frequência (aproximadamente 
30 kHz). 
 
4.6.6 Luz natural 
A luz natural pode fornecer parte ou toda a iluminação para execução de 
tarefas visuais, aumentando consideravelmente a eficiência energética dos 
sistemas de iluminação. Porém, deve-se evitar o contraste excessivo e o 
desconforto térmico causados pela exposição direta da luz do sol em áreas de 
trabalho. Uma vez que a disponibilidade de luz natural diminui rapidamente 
com o distanciamento da janela, recomenda-se que uma iluminação 
suplementar, artificial, seja fornecida para garantir a iluminância requerida no 
local de trabalho e o balanceamento da distribuição da luz no interior do 
ambiente. 
O método mais apropriado e moderno para garantir uma integração entre a 
luz artificial e a luz natural é o controle digital de sistemas de iluminação 
através dos Sistemas Dali. 
 
4.6.7 Manutenção 
Os níveis de iluminação recomendados para cada tarefa são fornecidos como 
iluminância mantida “Em” (relacionadas na Seção 5 da Norma ABNT NBR 
ISO/CIE 8995-1: 2013). A iluminância mantida depende das características de 
manutenção da lâmpada, da luminária, do ambiente e do programa de 
manutenção. 
Convém que o projeto de iluminação seja desenvolvido com fator de 
manutenção total calculado para o equipamento de iluminação selecionado, 
para o tipo de ambiente e para o cronograma de manutenção especificado. 
Não se recomenda que o fator de manutenção calculado seja inferior a 0,70. 
 
4.7 Iluminação de emergência 
A iluminação de emergência deve ser instalada; nos casos onde já existe deve ser 
reavaliada segundo norma específica atualizada, Norma ABNT NBR 10898/set 
1999 – Sistema de Iluminação de Emergência. 
A iluminação de emergência deve atender aos objetivos de iluminação de 
ambiente, de modo proporcionar uma circulação, segura, vertical ou horizontal de",2174,2164
06_procel_eficiencia_edificios_publicos.pdf,Guia de Eficiência Energética em Edifícios Públicos,PROCEL / Ministério de Minas e Energia,relatorio_tecnico,eficiencia_energetica,2025,vigente,guia técnico,eficiência energética em edificações públicas,103," 
83 
 
saídas para o exterior da edificação e proporcionar uma iluminação de sinalização 
de forma assinalar todas as mudanças de direção, obstáculos, saídas, escadas, etc.  
 
4.8 Iluminação de estações de trabalho com monitores VDT –
Visual display terminals - também conhecido como 
monitores de vídeo) 
A iluminação para estações de trabalho VDT deve ser apropriada para todas as 
tarefas realizadas na estação de trabalho, por exemplo: leitura de telas, textos 
impressos, escritas no papel, uso do teclado, etc. 
Os monitores VDT e, em algumas circunstâncias, o teclado podem sofrer, através 
de reflexos, ofuscamento. Por esta razão é necessário selecionar, localizar e 
gerenciar as luminárias, a fim de evitar desconforto por reflexão de alto brilho. 
 
4.9 Considerações sobre energia 
Convém que a instalação do sistema de iluminação atenda aos requisitos de 
iluminação de um ambiente específico, de uma tarefa ou atividade com eficiência 
energética. Entretanto, é importante não comprometer os aspectos visuais de 
uma instalação de iluminação simplesmente para reduzir o consumo de energia. 
Isto requer que se considere em um sistema de iluminação, o uso de 
equipamentos com a mais alta eficiência energética possível, o uso de controles 
apropriados para a prática de eficiência energética e a utilização da luz natural 
disponível. 
 
 
",1357,"saídas para o exterior da edificação e proporcionar uma iluminação de sinalização 
de forma assinalar todas as mudanças de direção, obstáculos, saídas, escadas, etc. 
 
4.8 Iluminação de estações de trabalho com monitores VDT –
Visual display terminals - também conhecido como 
monitores de vídeo) 
A iluminação para estações de trabalho VDT deve ser apropriada para todas as 
tarefas realizadas na estação de trabalho, por exemplo: leitura de telas, textos 
impressos, escritas no papel, uso do teclado, etc. 
Os monitores VDT e, em algumas circunstâncias, o teclado podem sofrer, através 
de reflexos, ofuscamento. Por esta razão é necessário selecionar, localizar e 
gerenciar as luminárias, a fim de evitar desconforto por reflexão de alto brilho. 
 
4.9 Considerações sobre energia 
Convém que a instalação do sistema de iluminação atenda aos requisitos de 
iluminação de um ambiente específico, de uma tarefa ou atividade com eficiência 
energética. Entretanto, é importante não comprometer os aspectos visuais de 
uma instalação de iluminação simplesmente para reduzir o consumo de energia. 
Isto requer que se considere em um sistema de iluminação, o uso de 
equipamentos com a mais alta eficiência energética possível, o uso de controles 
apropriados para a prática de eficiência energética e a utilização da luz natural 
disponível.",1357,1342
06_procel_eficiencia_edificios_publicos.pdf,Guia de Eficiência Energética em Edifícios Públicos,PROCEL / Ministério de Minas e Energia,relatorio_tecnico,eficiencia_energetica,2025,vigente,guia técnico,eficiência energética em edificações públicas,104," 
84 
 
4.10 Referências 
1. ABNT NBR ISO/CIE 8995-1 - Iluminação de Ambientes de Trabalho\ Parte 
1: Interior; Abril 2013; 
2. Norma ABNT NBR 10898 - Sistema de Iluminação de Emergência; set 
1999; 
3. Norma ABNT NBR 15215-1 – Iluminação Natural – Parte 1: Conceitos 
básicos e definições, 2005; 
4. Norma ABNT NBR 15215-2 – Iluminação Natural – Parte 2: Procedimentos 
de cálculo para a estimativa da disponibilidade de luz natural, 2005; 
5. Norma ABNT NBR 15215-3 – Iluminação Natural – Parte 3: Procedimentos 
de cálculo para a determinação da luz natural em ambientes internos, 
2005; 
6. Norma ABNT NBR 15215-4 – Iluminação Natural – Parte 4: Verificação 
experimental das condições de iluminação interna de edificação, 2005; 
7. Manual de Iluminação – Procel\EPP – agosto 2011; 
8. Informativo Características de Sistemas de Iluminação Artificial – 
Cepel\Cate, 2013; 
9. Informativo INTERFACE DE ILUMINAÇÃO ENDEREÇÁVEL DIGITAL (Dali). 
 
 
 
",951,"4.10 Referências 
1. ABNT NBR ISO/CIE 8995-1 - Iluminação de Ambientes de Trabalho\ Parte 
1: Interior; Abril 2013; 
2. Norma ABNT NBR 10898 - Sistema de Iluminação de Emergência; set 
1999; 
3. Norma ABNT NBR 15215-1 – Iluminação Natural – Parte 1: Conceitos 
básicos e definições, 2005; 
4. Norma ABNT NBR 15215-2 – Iluminação Natural – Parte 2: Procedimentos 
de cálculo para a estimativa da disponibilidade de luz natural, 2005; 
5. Norma ABNT NBR 15215-3 – Iluminação Natural – Parte 3: Procedimentos 
de cálculo para a determinação da luz natural em ambientes internos, 
2005; 
6. Norma ABNT NBR 15215-4 – Iluminação Natural – Parte 4: Verificação 
experimental das condições de iluminação interna de edificação, 2005; 
7. Manual de Iluminação – Procel\EPP – agosto 2011; 
8. Informativo Características de Sistemas de Iluminação Artificial – 
Cepel\Cate, 2013; 
9. Informativo INTERFACE DE ILUMINAÇÃO ENDEREÇÁVEL DIGITAL (Dali).",951,935
06_procel_eficiencia_edificios_publicos.pdf,Guia de Eficiência Energética em Edifícios Públicos,PROCEL / Ministério de Minas e Energia,relatorio_tecnico,eficiencia_energetica,2025,vigente,guia técnico,eficiência energética em edificações públicas,105," 
85 
 
5. Envoltória e Aspectos Construtivos 
A envoltória de uma edificação exerce uma grande influência em seu consumo de 
energia, principalmente por estar sujeita a fenômenos térmicos que ocorrem em 
seu entorno. Neste item, são apresentadas as características e definições básicas 
relativas aos aspectos construtivos de uma edificação, e como estes podem 
influenciar no desempenho energético dos sistemas prediais como um todo. O 
objetivo é proporcionar, ao gestor de utilidades da edificação, uma melhor 
compreensão da terminologia, dos fenômenos térmicos relacionados à envoltória 
da edificação e como esses aspectos podem influenciar no consumo de energia. A 
utilização de algumas ferramentas computacionais para cálculo do uso de energia 
em edificações também exige um mínimo de conhecimento de algumas das 
definições abordadas neste item. 
 
5.1 Envoltória 
A envoltória pode ser entendida como a pele do edifício. Isto é, o conjunto de 
elementos do edifício que estão em contato com o meio exterior e compõem os 
fechamentos dos ambientes internos em relação ao ambiente externo. Em geral, 
piso e paredes em contato com o solo, no caso de ambientes no subsolo 
(garagens e depósitos, por exemplo) são considerados parte da envoltória. 
Os elementos que compõem a envoltória delimitam espaços e fronteiras através 
dos quais a energia térmica pode ser transferida. Há economia de energia quando 
a troca de calor entre a edificação e ambiente exterior é reduzida e os ganhos de 
calor solar e de fontes internas são controlados. 
 
5.2 Aspectos construtivos  
5.2.1 Forma 
A forma arquitetônica afeta o conforto ambiental em uma edificação e o seu 
consumo de energia, pois interfere diretamente nos fluxos de ar no interior e 
no exterior, bem como nas quantidades de luz e calor solar recebidos pelo 
edifício. 
A quantidade de radiação solar que incide em cada superfície externa de uma 
edificação é variável conforme a orientação e a época do ano. Volumes 
interiores idênticos podem ter comportamentos térmicos e visuais distintos, 
dependendo das formas adotadas no projeto arquitetônico. A distribuição das 
aberturas em diferentes fachadas pode proporcionar resultados favoráveis ao 
conforto térmico e visual, sem acrescentar consumo energético aos sistemas 
de climatização artificial. Formas mais alongadas ou mais compactas, mais 
verticalizadas ou horizontais, terão influência direta na exposição das fachadas 
à radiação solar. O conhecimento dessas variáveis pode ajudar na seleção de 
medidas para minimização do consumo energético mesmo em edificações já 
",2596,"5. Envoltória e Aspectos Construtivos 
A envoltória de uma edificação exerce uma grande influência em seu consumo de 
energia, principalmente por estar sujeita a fenômenos térmicos que ocorrem em 
seu entorno. Neste item, são apresentadas as características e definições básicas 
relativas aos aspectos construtivos de uma edificação, e como estes podem 
influenciar no desempenho energético dos sistemas prediais como um todo. O 
objetivo é proporcionar, ao gestor de utilidades da edificação, uma melhor 
compreensão da terminologia, dos fenômenos térmicos relacionados à envoltória 
da edificação e como esses aspectos podem influenciar no consumo de energia. A 
utilização de algumas ferramentas computacionais para cálculo do uso de energia 
em edificações também exige um mínimo de conhecimento de algumas das 
definições abordadas neste item. 
 
5.1 Envoltória 
A envoltória pode ser entendida como a pele do edifício. Isto é, o conjunto de 
elementos do edifício que estão em contato com o meio exterior e compõem os 
fechamentos dos ambientes internos em relação ao ambiente externo. Em geral, 
piso e paredes em contato com o solo, no caso de ambientes no subsolo 
(garagens e depósitos, por exemplo) são considerados parte da envoltória. 
Os elementos que compõem a envoltória delimitam espaços e fronteiras através 
dos quais a energia térmica pode ser transferida. Há economia de energia quando 
a troca de calor entre a edificação e ambiente exterior é reduzida e os ganhos de 
calor solar e de fontes internas são controlados. 
 
5.2 Aspectos construtivos 
5.2.1 Forma 
A forma arquitetônica afeta o conforto ambiental em uma edificação e o seu 
consumo de energia, pois interfere diretamente nos fluxos de ar no interior e 
no exterior, bem como nas quantidades de luz e calor solar recebidos pelo 
edifício. 
A quantidade de radiação solar que incide em cada superfície externa de uma 
edificação é variável conforme a orientação e a época do ano. Volumes 
interiores idênticos podem ter comportamentos térmicos e visuais distintos, 
dependendo das formas adotadas no projeto arquitetônico. A distribuição das 
aberturas em diferentes fachadas pode proporcionar resultados favoráveis ao 
conforto térmico e visual, sem acrescentar consumo energético aos sistemas 
de climatização artificial. Formas mais alongadas ou mais compactas, mais 
verticalizadas ou horizontais, terão influência direta na exposição das fachadas 
à radiação solar. O conhecimento dessas variáveis pode ajudar na seleção de 
medidas para minimização do consumo energético mesmo em edificações já",2596,2585
06_procel_eficiencia_edificios_publicos.pdf,Guia de Eficiência Energética em Edifícios Públicos,PROCEL / Ministério de Minas e Energia,relatorio_tecnico,eficiencia_energetica,2025,vigente,guia técnico,eficiência energética em edificações públicas,106," 
86 
 
construídas, através da adoção de elementos de proteção ou isolamento 
adequados. 
 
5.2.2 Orientação da edificação 
Esta variável, que somente pode ser alterada na fase de projeto, define o 
comportamento térmico devido à influência de radiação solar e dos ventos 
predominantes, basicamente. Em edificações comerciais e de serviços com 
climatização artificial, como no caso da Esplanada dos Ministérios, em geral 
não se faz uso de ventilação natural. Os projetos de retrofit8 podem 
considerar, dada a orientação da edificação, quais as melhores alternativas de 
proteção contra a radiação solar nas épocas mais críticas do ano. Por exemplo, 
fachadas orientadas para o norte geográfico, na latitude de Brasília, recebem 
carga térmica significativa ao longo do ano, na direção vertical. As fachadas 
Leste e Oeste ficam sujeitas à radiação solar no início e no final do dia, 
respectivamente, com incidência mais horizontal. Desta forma, proteções 
solares devem ser projetadas de acordo com essas características de 
orientação das fachadas. 
 
5.2.3 Zonas de climatização ou zonas térmicas 
Este conceito é importante quando se utilizam ferramentas de cálculo de carga 
térmica ou simuladores de uso de energia em edificações climatizadas 
artificialmente. Uma zona térmica é uma divisão interna de um edifício. Da 
mesma forma que o conceito de ambiente é a base do cálculo de eficiência dos 
sistemas de iluminação, a zona térmica é uma das bases do cálculo de 
eficiência dos sistemas de condicionamento de ar. No caso de simulações com 
ambientes condicionados, ambientes contíguos de um mesmo piso e com a 
mesma orientação costumam fazer parte de uma mesma zona térmica. 
 
5.2.4 Características de paredes e cobertura da edificação  
Numa edificação, os fechamentos - paredes e coberturas - têm entre suas 
principais funções adequar as condições térmicas interiores de forma 
independente das exteriores. De um modo geral, isto é obtido através da 
redução das trocas de calor, que ocorrem permanentemente entre esses 
meios. 
Basicamente, as principais grandezas que caracterizam esses elementos 
construtivos, do ponto de vista de conforto ambiental, são: 
isolamento térmico: medido pela transmitância térmica do conjunto dos 
materiais utilizados; 
                                                          
8 Revitalização, reforma. 
",2362,"construídas, através da adoção de elementos de proteção ou isolamento 
adequados. 
 
5.2.2 Orientação da edificação 
Esta variável, que somente pode ser alterada na fase de projeto, define o 
comportamento térmico devido à influência de radiação solar e dos ventos 
predominantes, basicamente. Em edificações comerciais e de serviços com 
climatização artificial, como no caso da Esplanada dos Ministérios, em geral 
não se faz uso de ventilação natural. Os projetos de retrofit8 podem 
considerar, dada a orientação da edificação, quais as melhores alternativas de 
proteção contra a radiação solar nas épocas mais críticas do ano. Por exemplo, 
fachadas orientadas para o norte geográfico, na latitude de Brasília, recebem 
carga térmica significativa ao longo do ano, na direção vertical. As fachadas 
Leste e Oeste ficam sujeitas à radiação solar no início e no final do dia, 
respectivamente, com incidência mais horizontal. Desta forma, proteções 
solares devem ser projetadas de acordo com essas características de 
orientação das fachadas. 
 
5.2.3 Zonas de climatização ou zonas térmicas 
Este conceito é importante quando se utilizam ferramentas de cálculo de carga 
térmica ou simuladores de uso de energia em edificações climatizadas 
artificialmente. Uma zona térmica é uma divisão interna de um edifício. Da 
mesma forma que o conceito de ambiente é a base do cálculo de eficiência dos 
sistemas de iluminação, a zona térmica é uma das bases do cálculo de 
eficiência dos sistemas de condicionamento de ar. No caso de simulações com 
ambientes condicionados, ambientes contíguos de um mesmo piso e com a 
mesma orientação costumam fazer parte de uma mesma zona térmica. 
 
5.2.4 Características de paredes e cobertura da edificação 
Numa edificação, os fechamentos - paredes e coberturas - têm entre suas 
principais funções adequar as condições térmicas interiores de forma 
independente das exteriores. De um modo geral, isto é obtido através da 
redução das trocas de calor, que ocorrem permanentemente entre esses 
meios. 
Basicamente, as principais grandezas que caracterizam esses elementos 
construtivos, do ponto de vista de conforto ambiental, são: 
isolamento térmico: medido pela transmitância térmica do conjunto dos 
materiais utilizados; 
 
8 Revitalização, reforma.",2362,2294
06_procel_eficiencia_edificios_publicos.pdf,Guia de Eficiência Energética em Edifícios Públicos,PROCEL / Ministério de Minas e Energia,relatorio_tecnico,eficiencia_energetica,2025,vigente,guia técnico,eficiência energética em edificações públicas,107," 
87 
 
absortividade: medida por parâmetros como a absortância da pintura ou dos 
revestimentos empregados. 
 
5.2.5 Fechamentos 
As trocas de energia radiante entre o interior e o exterior de uma edificação 
ocorrem no chamado “envelope construtivo”. Este envelope normalmente é 
dividido em dois tipos de fechamentos, os opacos e os transparentes, de 
acordo com sua capacidade de transmitir a radiação solar para o ambiente 
interno. 
 
Fechamentos opacos: Nos fechamentos opacos, em geral paredes, a 
transmissão de calor se dá em três fases: 
 Fase 1: troca de calor com o meio exterior – a superfície recebe calor do 
meio exterior por convecção e por radiação.  A parcela de transmissão de 
calor por convecção é definida pela resistência superficial externa (Rse), 
que também é função da velocidade do vento. Na transferência de calor 
por radiação, destaca-se a importância do parâmetro absortância (α) do 
material. Paredes claras possuem, em geral, baixa absortância, resultando 
em menores ganhos de calor por absorção da radiação solar.  
Na tabela 5.1 são mostrados alguns valores de α para cores usuais em 
arquitetura (tinta de referência: acrílica fosca) 
 
Tabela 5.1 – Cores e absortâncias médias 
Cor 
Absortância (α) 
Branco Neve 
19,4 
Marfim 
32,4 
Amarelo 
56,1 
Azul 
66,8 
Concreto 
75,1 
Tabaco 
78,6 
 
 Fase 2: condução através do fechamento – quando há elevação da 
temperatura externa, o diferencial criado para a temperatura interior cria 
um fluxo de calor entre as superfícies externa e interna do fechamento. 
Nesta fase a troca térmica ocorrerá por condução e o fluxo de calor terá 
intensidade proporcional à condutividade térmica (λ) do material.  
Na tabela 5.2 são mostrados alguns valores de λ9, a título de ilustração. 
 
                                                          
9 Expressos em watts por metro por Kelvin 
",1870,"absortividade: medida por parâmetros como a absortância da pintura ou dos 
revestimentos empregados. 
 
5.2.5 Fechamentos 
As trocas de energia radiante entre o interior e o exterior de uma edificação 
ocorrem no chamado “envelope construtivo”. Este envelope normalmente é 
dividido em dois tipos de fechamentos, os opacos e os transparentes, de 
acordo com sua capacidade de transmitir a radiação solar para o ambiente 
interno. 
 
Fechamentos opacos: Nos fechamentos opacos, em geral paredes, a 
transmissão de calor se dá em três fases: 
 Fase 1: troca de calor com o meio exterior – a superfície recebe calor do 
meio exterior por convecção e por radiação. A parcela de transmissão de 
calor por convecção é definida pela resistência superficial externa (Rse), 
que também é função da velocidade do vento. Na transferência de calor 
por radiação, destaca-se a importância do parâmetro absortância (α) do 
material. Paredes claras possuem, em geral, baixa absortância, resultando 
em menores ganhos de calor por absorção da radiação solar. 
Na tabela 5.1 são mostrados alguns valores de α para cores usuais em 
arquitetura (tinta de referência: acrílica fosca) 
 
Tabela 5.1 – Cores e absortâncias médias 
Cor 
Absortância (α) 
Branco Neve 
19,4 
Marfim 
32,4 
Amarelo 
56,1 
Azul 
66,8 
Concreto 
75,1 
Tabaco 
78,6 
 
 Fase 2: condução através do fechamento – quando há elevação da 
temperatura externa, o diferencial criado para a temperatura interior cria 
um fluxo de calor entre as superfícies externa e interna do fechamento. 
Nesta fase a troca térmica ocorrerá por condução e o fluxo de calor terá 
intensidade proporcional à condutividade térmica (λ) do material. 
Na tabela 5.2 são mostrados alguns valores de λ9, a título de ilustração. 
 
 
9 Expressos em watts por metro por Kelvin",1870,1800
06_procel_eficiencia_edificios_publicos.pdf,Guia de Eficiência Energética em Edifícios Públicos,PROCEL / Ministério de Minas e Energia,relatorio_tecnico,eficiencia_energetica,2025,vigente,guia técnico,eficiência energética em edificações públicas,108," 
88 
 
Tabela 5.2 – Materiais construtivos e condutividades térmicas típicas 
Material 
λ (W/m.K) 
Concreto 
1,50 
Tijolo 
0,65 
Madeira 
0,14 
Isopor 
0,03 
 
 Fase 3: Troca de calor com o meio interior – nesta fase, como na primeira, 
as trocas térmicas voltam a ser por convecção e por radiação. Neste caso 
específico, a parede aquecida emite calor para o interior e o parâmetro 
que regula esta transmissão é a emissividade superficial do material (ε). A 
parcela de transferência de calor por convecção depende da resistência 
superficial, neste caso, interna (Rsi). 
 
Fechamentos Transparentes: Estes elementos são responsáveis pela maior 
parte das trocas térmicas em edificações, em geral. Janelas e vãos 
envidraçados, inclusive claraboias, se enquadram neste tipo de fechamento. À 
semelhança dos demais fechamentos, as trocas de calor podem ocorrer por 
condução, convecção e radiação, sendo que neste caso as trocas por radiação 
ganham destaque, pela parcela diretamente transmitida ao interior. Esta 
parcela adicional em relação aos fechamentos opacos depende da 
transmissividade (τ) do elemento transparente.  
 
Orientação e tamanho: esses parâmetros definem a exposição à radiação 
solar. Aberturas voltadas para a trajetória solar tendem a receber mais calor 
que aquelas que possuam orientação contrária. No caso de latitudes ao sul do 
equador, aberturas voltadas para o norte geográfico recebem maior parcela de 
radiação que as da fachada sul. Em relação ao tamanho, naturalmente, quanto 
maiores as aberturas envidraçadas, maiores serão as parcelas de calor 
transmitidas ao interior da edificação. 
 
Tipos de vidros: os diferentes tipos de vidro possuem capacidades distintas de 
absorção, transmissão e reflexão da radiação solar, dependendo de suas 
características ópticas. Em geral existem opções tais como: vidro simples 
(transparente), fumê, verde, reflexivos etc. Películas protetoras podem dar 
características adicionais de reflexão e de absorção de calor sem a necessidade 
de substituição dos vidros. Para redução da transmissão de calor por 
condução, existem conjuntos de vidros duplos, que além do isolamento 
térmico proporcionam melhoria do isolamento acústico.  
 
",2214,"Tabela 5.2 – Materiais construtivos e condutividades térmicas típicas 
Material 
λ (W/m.K) 
Concreto 
1,50 
Tijolo 
0,65 
Madeira 
0,14 
Isopor 
0,03 
 
 Fase 3: Troca de calor com o meio interior – nesta fase, como na primeira, 
as trocas térmicas voltam a ser por convecção e por radiação. Neste caso 
específico, a parede aquecida emite calor para o interior e o parâmetro 
que regula esta transmissão é a emissividade superficial do material (ε). A 
parcela de transferência de calor por convecção depende da resistência 
superficial, neste caso, interna (Rsi). 
 
Fechamentos Transparentes: Estes elementos são responsáveis pela maior 
parte das trocas térmicas em edificações, em geral. Janelas e vãos 
envidraçados, inclusive claraboias, se enquadram neste tipo de fechamento. À 
semelhança dos demais fechamentos, as trocas de calor podem ocorrer por 
condução, convecção e radiação, sendo que neste caso as trocas por radiação 
ganham destaque, pela parcela diretamente transmitida ao interior. Esta 
parcela adicional em relação aos fechamentos opacos depende da 
transmissividade (τ) do elemento transparente. 
 
Orientação e tamanho: esses parâmetros definem a exposição à radiação 
solar. Aberturas voltadas para a trajetória solar tendem a receber mais calor 
que aquelas que possuam orientação contrária. No caso de latitudes ao sul do 
equador, aberturas voltadas para o norte geográfico recebem maior parcela de 
radiação que as da fachada sul. Em relação ao tamanho, naturalmente, quanto 
maiores as aberturas envidraçadas, maiores serão as parcelas de calor 
transmitidas ao interior da edificação. 
 
Tipos de vidros: os diferentes tipos de vidro possuem capacidades distintas de 
absorção, transmissão e reflexão da radiação solar, dependendo de suas 
características ópticas. Em geral existem opções tais como: vidro simples 
(transparente), fumê, verde, reflexivos etc. Películas protetoras podem dar 
características adicionais de reflexão e de absorção de calor sem a necessidade 
de substituição dos vidros. Para redução da transmissão de calor por 
condução, existem conjuntos de vidros duplos, que além do isolamento 
térmico proporcionam melhoria do isolamento acústico.",2214,2200
06_procel_eficiencia_edificios_publicos.pdf,Guia de Eficiência Energética em Edifícios Públicos,PROCEL / Ministério de Minas e Energia,relatorio_tecnico,eficiencia_energetica,2025,vigente,guia técnico,eficiência energética em edificações públicas,109," 
89 
 
Proteções solares: A aplicação de proteções solares em aberturas permite 
reduzir os ganhos de calor nas edificações, sendo de grande importância para 
o consumo de energia em prédios climatizados artificialmente. Por outro lado, 
sua adoção está geralmente associada à redução da disponibilidade de luz 
natural nas aberturas em questão, sendo, portanto, recomendada atenção no 
uso desse recurso no projeto ou no retrofit de edificações. As proteções 
podem ser basicamente divididas em dois tipos – internas e externas. 
 
Proteções Internas: em geral são cortinas ou persianas. Têm como vantagem a 
facilidade de operação pelos usuários, sendo abertas ou fechadas de forma 
gradual, conforme a necessidade. Apresentam o inconveniente de não 
impedirem a passagem da radiação solar através do fechamento transparente, 
causando um “efeito estufa” no ambiente. 
 
Proteções Externas: neste caso, a proteção bloqueia a radiação direta, antes 
que esta atinja o fechamento transparente, evitando tanto a absorção de calor 
radiante pelo material (vidro, por exemplo) quanto a sua transmissão ao 
interior do edifício. Os tipos mais comuns de proteções externas são: toldo, 
brise-soleil (horizontal ou vertical), veneziana e light shelf10. Para melhor 
aproveitamento do efeito de sombreamento e permitir o controle da entrada 
de luz natural, essas proteções externas também podem ser móveis, com 
acionamento manual ou automático. 
 
5.2.6 Fator solar 
Este parâmetro (Fs, variável de zero a um) define a parcela de calor que irá 
atravessar a abertura, sendo calculado pela razão entre a radiação que penetra 
pela janela, por exemplo, e a radiação incidente na mesma. É característico 
para cada tipo de abertura e varia de acordo com o ângulo de incidência. 
Apenas como ilustração de valores típicos, são apresentados na tabela 5.3 os 
fatores solares de alguns tipos de vidro. 
 
 
 
                                                          
10 Este tipo de proteção, se projetada adequadamente, pode refletir de maneira 
controlada a luz natural para o interior do ambiente, reduzindo o conteúdo de radiação 
infravermelha, ou seja, do calor incidente. 
",2171,"Proteções solares: A aplicação de proteções solares em aberturas permite 
reduzir os ganhos de calor nas edificações, sendo de grande importância para 
o consumo de energia em prédios climatizados artificialmente. Por outro lado, 
sua adoção está geralmente associada à redução da disponibilidade de luz 
natural nas aberturas em questão, sendo, portanto, recomendada atenção no 
uso desse recurso no projeto ou no retrofit de edificações. As proteções 
podem ser basicamente divididas em dois tipos – internas e externas. 
 
Proteções Internas: em geral são cortinas ou persianas. Têm como vantagem a 
facilidade de operação pelos usuários, sendo abertas ou fechadas de forma 
gradual, conforme a necessidade. Apresentam o inconveniente de não 
impedirem a passagem da radiação solar através do fechamento transparente, 
causando um “efeito estufa” no ambiente. 
 
Proteções Externas: neste caso, a proteção bloqueia a radiação direta, antes 
que esta atinja o fechamento transparente, evitando tanto a absorção de calor 
radiante pelo material (vidro, por exemplo) quanto a sua transmissão ao 
interior do edifício. Os tipos mais comuns de proteções externas são: toldo, 
brise-soleil (horizontal ou vertical), veneziana e light shelf10. Para melhor 
aproveitamento do efeito de sombreamento e permitir o controle da entrada 
de luz natural, essas proteções externas também podem ser móveis, com 
acionamento manual ou automático. 
 
5.2.6 Fator solar 
Este parâmetro (Fs, variável de zero a um) define a parcela de calor que irá 
atravessar a abertura, sendo calculado pela razão entre a radiação que penetra 
pela janela, por exemplo, e a radiação incidente na mesma. É característico 
para cada tipo de abertura e varia de acordo com o ângulo de incidência. 
Apenas como ilustração de valores típicos, são apresentados na tabela 5.3 os 
fatores solares de alguns tipos de vidro. 
 
 
 
 
10 Este tipo de proteção, se projetada adequadamente, pode refletir de maneira 
controlada a luz natural para o interior do ambiente, reduzindo o conteúdo de radiação 
infravermelha, ou seja, do calor incidente.",2171,2104
06_procel_eficiencia_edificios_publicos.pdf,Guia de Eficiência Energética em Edifícios Públicos,PROCEL / Ministério de Minas e Energia,relatorio_tecnico,eficiencia_energetica,2025,vigente,guia técnico,eficiência energética em edificações públicas,110," 
90 
 
Tabela 5.3 – Fator solar de vidros normalmente encontrados em aberturas de 
edificações 
Material 
Fs 
Vidro transparente 3mm 
0,87 
Vidro transparente 6mm 
0,83 
Vidro verde 3mm 
0,72 
Vidro verde 6mm 
0,60 
Vidro reflexivo 3mm 
0,26 a 0,37 
 
5.3 Localização: Zonas Bioclimáticas  
Zona bioclimática é uma região geográfica homogênea quanto aos elementos 
climáticos que interferem nas relações entre ambiente construído e conforto 
humano. A definição de zonas bioclimáticas tem por objetivo determinar as 
estratégias que um edifício deve seguir para obter o conforto térmico dos seus 
ocupantes. Há 8 zonas bioclimáticas no Brasil, definidas segundo dados climáticos 
(de temperatura e umidade) e estabelecidas em norma (NBR 15220-3 - ABNT, 
2005). A cidade de Brasília está localizada na Zona Bioclimática 4. 
 
5.4 Leitura adicional 
Para maiores detalhes sobre aspectos construtivos e sobre os principais conceitos 
relativos ao manejo e controle do consumo de energia em edificações, ver o livro 
Eficiência Energética na Arquitetura. 
 
 
 
 
",1061,"Tabela 5.3 – Fator solar de vidros normalmente encontrados em aberturas de 
edificações 
Material 
Fs 
Vidro transparente 3mm 
0,87 
Vidro transparente 6mm 
0,83 
Vidro verde 3mm 
0,72 
Vidro verde 6mm 
0,60 
Vidro reflexivo 3mm 
0,26 a 0,37 
 
5.3 Localização: Zonas Bioclimáticas 
Zona bioclimática é uma região geográfica homogênea quanto aos elementos 
climáticos que interferem nas relações entre ambiente construído e conforto 
humano. A definição de zonas bioclimáticas tem por objetivo determinar as 
estratégias que um edifício deve seguir para obter o conforto térmico dos seus 
ocupantes. Há 8 zonas bioclimáticas no Brasil, definidas segundo dados climáticos 
(de temperatura e umidade) e estabelecidas em norma (NBR 15220-3 - ABNT, 
2005). A cidade de Brasília está localizada na Zona Bioclimática 4. 
 
5.4 Leitura adicional 
Para maiores detalhes sobre aspectos construtivos e sobre os principais conceitos 
relativos ao manejo e controle do consumo de energia em edificações, ver o livro 
Eficiência Energética na Arquitetura.",1061,1042
06_procel_eficiencia_edificios_publicos.pdf,Guia de Eficiência Energética em Edifícios Públicos,PROCEL / Ministério de Minas e Energia,relatorio_tecnico,eficiencia_energetica,2025,vigente,guia técnico,eficiência energética em edificações públicas,111," 
91 
 
5.5 Referências 
1. Procel/Eletrobras e Labeee/UFSC - Manual de Uso da Regulamentação 
para Etiquetagem Voluntária do Nível de Eficiência Energética de Edifícios 
Comerciais, de Serviços e Públicos – 2009 
2. Roberto Lamberts, Luciano Dutra e Fernando Pereira – Eficiência 
Energética na Arquitetura PW Editores, 1997 
3. Thumann and Younger - Handbook of Energy Audits, 6th edition, Fairmont 
Press, 2005. 
4. Dornelles, K. A. ; Roriz, Maurício - Influência das tintas imobiliárias sobre o 
desempenho térmico e energético de edificações: X Congresso 
Internacional de Tintas, 2007, São Paulo. Anais do X Congresso 
Internacional de Tintas. São Paulo : ABRAFATI, 2007 
 
 
",682,"5.5 Referências 
1. Procel/Eletrobras e Labeee/UFSC - Manual de Uso da Regulamentação 
para Etiquetagem Voluntária do Nível de Eficiência Energética de Edifícios 
Comerciais, de Serviços e Públicos – 2009 
2. Roberto Lamberts, Luciano Dutra e Fernando Pereira – Eficiência 
Energética na Arquitetura PW Editores, 1997 
3. Thumann and Younger - Handbook of Energy Audits, 6th edition, Fairmont 
Press, 2005. 
4. Dornelles, K. A.; Roriz, Maurício - Influência das tintas imobiliárias sobre o 
desempenho térmico e energético de edificações: X Congresso 
Internacional de Tintas, 2007, São Paulo. Anais do X Congresso 
Internacional de Tintas. São Paulo: ABRAFATI, 2007",682,666
06_procel_eficiencia_edificios_publicos.pdf,Guia de Eficiência Energética em Edifícios Públicos,PROCEL / Ministério de Minas e Energia,relatorio_tecnico,eficiencia_energetica,2025,vigente,guia técnico,eficiência energética em edificações públicas,112," 
92 
 
6. Aquecimento solar de água para prédios públicos 
6.1 Introdução  
A energia solar, captada através de coletores solares, substitui a energia elétrica 
ou o combustível utilizado no sistema de aquecimento de água, resguardando o 
ambiente do impacto que seria causado pela queima deste combustível ou pelo 
uso da energia; este impacto pode envolver desde o efeito de aquecimento 
global, provocado pela queima de combustíveis fósseis, até o desenvolvimento 
econômico que passa a ser viabilizado pela disponibilização de energia.  
O uso da energia solar para promover o aquecimento de água representa uma 
resposta eficaz ao problema da demanda energética em prédios públicos. O setor 
de serviços (comercial e público) responde por 9% da área total de coletores 
solares instalados no Brasil. 
Este capítulo tem como objetivos reunir e sintetizar informações que permitam ao 
gestor de utilidades em prédios públicos compreender a terminologia e o 
funcionamento básico de um sistema solar para aquecimento de água, identificar 
seus componentes principais e os parâmetros e variáveis envolvidas. Na lista de 
referências deste manual encontram-se sugestões de publicações para consulta 
com um maior nível de detalhamento. 
 
6.2 Fundamentos do Aquecimento Solar de Água – conceitos e 
definições 
Radiação Solar: A quantidade de energia solar que chega, por unidade de tempo e 
por unidade de área, a uma superfície perpendicular aos raios solares, à distância 
média Terra-Sol, se chama constante solar, e vale 1.367 W/m². Esse valor é 
medido por satélites logo acima da atmosfera terrestre. 
A quantidade de energia por unidade de área e por unidade de tempo que chega 
em um determinado local da superfície da Terra, se denomina insolação do lugar. 
A insolação varia de acordo com a localização, com a hora do dia e com a época 
do ano. 
 
6.2.1 Ângulos solares 
  
Latitude – a localização angular ao norte ou ao sul do equador, sendo 
positiva ao Norte e negativa ao Sul; –90°    90°. 
 
Declinação – a localização angular do sol ao meio-dia solar (ou seja, 
quando o sol está sobre o meridiano local), em relação ao plano do 
equador, sendo positiva para o norte e negativa para o Sul; –23,45°     
23,45°. 
",2239,"6. Aquecimento solar de água para prédios públicos 
6.1 Introdução 
A energia solar, captada através de coletores solares, substitui a energia elétrica 
ou o combustível utilizado no sistema de aquecimento de água, resguardando o 
ambiente do impacto que seria causado pela queima deste combustível ou pelo 
uso da energia; este impacto pode envolver desde o efeito de aquecimento 
global, provocado pela queima de combustíveis fósseis, até o desenvolvimento 
econômico que passa a ser viabilizado pela disponibilização de energia. 
O uso da energia solar para promover o aquecimento de água representa uma 
resposta eficaz ao problema da demanda energética em prédios públicos. O setor 
de serviços (comercial e público) responde por 9% da área total de coletores 
solares instalados no Brasil. 
Este capítulo tem como objetivos reunir e sintetizar informações que permitam ao 
gestor de utilidades em prédios públicos compreender a terminologia e o 
funcionamento básico de um sistema solar para aquecimento de água, identificar 
seus componentes principais e os parâmetros e variáveis envolvidas. Na lista de 
referências deste manual encontram-se sugestões de publicações para consulta 
com um maior nível de detalhamento. 
 
6.2 Fundamentos do Aquecimento Solar de Água – conceitos e 
definições 
Radiação Solar: A quantidade de energia solar que chega, por unidade de tempo e 
por unidade de área, a uma superfície perpendicular aos raios solares, à distância 
média Terra-Sol, se chama constante solar, e vale 1.367 W/m². Esse valor é 
medido por satélites logo acima da atmosfera terrestre. 
A quantidade de energia por unidade de área e por unidade de tempo que chega 
em um determinado local da superfície da Terra, se denomina insolação do lugar. 
A insolação varia de acordo com a localização, com a hora do dia e com a época 
do ano. 
 
6.2.1 Ângulos solares 
 
Latitude – a localização angular ao norte ou ao sul do equador, sendo 
positiva ao Norte e negativa ao Sul; –90°    90°. 
 
Declinação – a localização angular do sol ao meio-dia solar (ou seja, 
quando o sol está sobre o meridiano local), em relação ao plano do 
equador, sendo positiva para o norte e negativa para o Sul; –23,45°    
23,45°.",2239,2225
06_procel_eficiencia_edificios_publicos.pdf,Guia de Eficiência Energética em Edifícios Públicos,PROCEL / Ministério de Minas e Energia,relatorio_tecnico,eficiencia_energetica,2025,vigente,guia técnico,eficiência energética em edificações públicas,113," 
93 
 
  
Inclinação – ângulo entre o plano da superfície e a horizontal; 0°    
180° ( > 90° significa que a superfície está voltada para baixo). 
  
Azimute da superfície – o desvio da projeção horizontal da direção 
normal à superfície em relação ao meridiano local, com zero para o Sul, 
negativo para o Leste e positivo para o Oeste; -180°    180° . 
  
Ângulo horário – o deslocamento angular do sol, a leste ou oeste do 
meridiano local, devido ao movimento de rotação da terra em torno de 
seu eixo, a 15° por hora, negativo para a manhã e positivo para a tarde. 
  
Ângulo de incidência – o ângulo entre a radiação direta sobre uma 
superfície e a direção normal à superfície. 
 z  
Zênite – o ângulo entre a vertical e a posição do sol, ou seja, o ângulo de 
incidência da radiação direta numa superfície horizontal. 
 s  
Altitude solar – o ângulo entre a horizontal e a posição do sol, ou seja, o 
ângulo complementar ao zênite. 
s 
Azimute solar – o desvio angular a partir do Sul da projeção horizontal da 
direção de incidência da radiação direta em relação ao meridiano local, 
negativo para o Leste e positivo para o Oeste. 
 
6.2.2 Radiação: Global, Difusa e Direta 
 Radiação solar direta – A radiação recebida diretamente do sol, sem ter 
sido dispersa pela atmosfera. 
 Radiação solar difusa – A radiação solar recebida após ter sua trajetória 
mudada pela refração atmosférica. 
 Radiação solar total – A soma das radiações direta e difusa sobre uma 
superfície, também citada como radiação global. 
 
6.3 Componentes de um sistema de aquecimento solar 
Um sistema eficaz de aquecimento solar de água funciona a partir do exercício de 
quatro funções básicas: A captação da energia solar, a transferência desta energia 
para a água aquecida, o armazenamento eficiente da água quente e o controle do 
seu funcionamento.  
A captação e a transferência de energia ocorrem no coletor solar, que pode 
transferir a energia diretamente à água a ser aquecida ou por meio de um fluido 
intermediário. O uso de um fluido intermediário só é recomendado para regiões 
onde exista o risco de congelamento da água dentro do coletor, situação em que 
é utilizado um fluido anti-congelante como vetor para a energia captada pelo 
coletor até o armazenamento. 
",2285," 
Inclinação – ângulo entre o plano da superfície e a horizontal; 0°    
180° ( > 90° significa que a superfície está voltada para baixo). 
 
Azimute da superfície – o desvio da projeção horizontal da direção 
normal à superfície em relação ao meridiano local, com zero para o Sul, 
negativo para o Leste e positivo para o Oeste; -180°    180°. 
 
Ângulo horário – o deslocamento angular do sol, a leste ou oeste do 
meridiano local, devido ao movimento de rotação da terra em torno de 
seu eixo, a 15° por hora, negativo para a manhã e positivo para a tarde. 
 
Ângulo de incidência – o ângulo entre a radiação direta sobre uma 
superfície e a direção normal à superfície. 
 z 
Zênite – o ângulo entre a vertical e a posição do sol, ou seja, o ângulo de 
incidência da radiação direta numa superfície horizontal. 
 s 
Altitude solar – o ângulo entre a horizontal e a posição do sol, ou seja, o 
ângulo complementar ao zênite. 
s 
Azimute solar – o desvio angular a partir do Sul da projeção horizontal da 
direção de incidência da radiação direta em relação ao meridiano local, 
negativo para o Leste e positivo para o Oeste. 
 
6.2.2 Radiação: Global, Difusa e Direta 
 Radiação solar direta – A radiação recebida diretamente do sol, sem ter 
sido dispersa pela atmosfera. 
 Radiação solar difusa – A radiação solar recebida após ter sua trajetória 
mudada pela refração atmosférica. 
 Radiação solar total – A soma das radiações direta e difusa sobre uma 
superfície, também citada como radiação global. 
 
6.3 Componentes de um sistema de aquecimento solar 
Um sistema eficaz de aquecimento solar de água funciona a partir do exercício de 
quatro funções básicas: A captação da energia solar, a transferência desta energia 
para a água aquecida, o armazenamento eficiente da água quente e o controle do 
seu funcionamento. 
A captação e a transferência de energia ocorrem no coletor solar, que pode 
transferir a energia diretamente à água a ser aquecida ou por meio de um fluido 
intermediário. O uso de um fluido intermediário só é recomendado para regiões 
onde exista o risco de congelamento da água dentro do coletor, situação em que 
é utilizado um fluido anti-congelante como vetor para a energia captada pelo 
coletor até o armazenamento.",2285,2267
06_procel_eficiencia_edificios_publicos.pdf,Guia de Eficiência Energética em Edifícios Públicos,PROCEL / Ministério de Minas e Energia,relatorio_tecnico,eficiencia_energetica,2025,vigente,guia técnico,eficiência energética em edificações públicas,114," 
94 
 
A energia solar é coletada pelas placas absorvedoras dos coletores solares.  
Frequentemente são aplicadas superfícies seletivas às placas para aumentar a 
eficiência global do coletor. 
Existem vários tipos de coletores solares para aquecer líquidos. A escolha do tipo 
de coletor vai depender da temperatura da água desejada para a aplicação e da 
estação do ano (ou clima) em que se deseja utilizar. Os tipos mais comuns de 
coletores utilizados são os de superfície plana, com ou sem cobertura (vidro), 
sendo os sem cobertura, utilizados em sistemas que operam com temperaturas 
menores, como aquecimento de piscinas, e os com cobertura em sistemas onde 
se deseja temperatura da água mais elevada. 
Os coletores planos, conforme apresentado na figura 6.1, são normalmente 
projetados para aplicações que requeiram transferência de energia a 
temperaturas moderadas, até cerca de 100°C. Estes coletores aproveitam tanto a 
radiação solar direta quanto a difusa, não necessitam de rastreamento solar e 
exigem pouca manutenção. Eles são mecanicamente mais simples que os 
coletores concentradores, e tem sua principal aplicação no aquecimento solar de 
água, na climatização de ambientes frios e no fornecimento de calor para 
processos industriais. 
 
 
Figura 6.1 – Coletor solar plano 
 
 
",1305,"A energia solar é coletada pelas placas absorvedoras dos coletores solares. 
Frequentemente são aplicadas superfícies seletivas às placas para aumentar a 
eficiência global do coletor. 
Existem vários tipos de coletores solares para aquecer líquidos. A escolha do tipo 
de coletor vai depender da temperatura da água desejada para a aplicação e da 
estação do ano (ou clima) em que se deseja utilizar. Os tipos mais comuns de 
coletores utilizados são os de superfície plana, com ou sem cobertura (vidro), 
sendo os sem cobertura, utilizados em sistemas que operam com temperaturas 
menores, como aquecimento de piscinas, e os com cobertura em sistemas onde 
se deseja temperatura da água mais elevada. 
Os coletores planos, conforme apresentado na figura 6.1, são normalmente 
projetados para aplicações que requeiram transferência de energia a 
temperaturas moderadas, até cerca de 100°C. Estes coletores aproveitam tanto a 
radiação solar direta quanto a difusa, não necessitam de rastreamento solar e 
exigem pouca manutenção. Eles são mecanicamente mais simples que os 
coletores concentradores, e tem sua principal aplicação no aquecimento solar de 
água, na climatização de ambientes frios e no fornecimento de calor para 
processos industriais. 
 
 
Figura 6.1 – Coletor solar plano",1305,1290
06_procel_eficiencia_edificios_publicos.pdf,Guia de Eficiência Energética em Edifícios Públicos,PROCEL / Ministério de Minas e Energia,relatorio_tecnico,eficiencia_energetica,2025,vigente,guia técnico,eficiência energética em edificações públicas,115," 
95 
 
O armazenamento de água quente, por sua vez, ocorre no tanque de 
armazenamento, que é um reservatório termicamente isolado de modo a 
minimizar as perdas térmicas. Este reservatório deve ter sua capacidade 
dimensionada para armazenar entre 1,2 a 2 vezes o consumo diário, devido ao 
caráter intermitente da radiação solar, o que torna necessário que o sistema seja 
capaz de, em curtos períodos do dia, armazenar a energia que será utilizada 
durante todo o dia ou além. 
Normalmente projeta-se um sistema de modo que a maior parte da demanda seja 
atendia pela energia solar, e um percentual entre 15 e 40 %, seja fornecido por 
um sistema auxiliar, utilizando alguma forma convencional de energia. Em 
pequenas e médias instalações, recomenda-se a utilização de um sistema auxiliar 
de energia elétrica, por ser esta forma de energia a de maior disponibilidade e de 
menor preço a médio e longo prazo. 
O controle do sistema de aquecimento é normalmente realizado por um conjunto 
de sensores de temperatura que acionam as bombas de circulação, as válvulas e o 
sistema auxiliar de aquecimento.  
 
6.4 Sistemas por Termossifão 
Os sistemas com circulação por termossifão, conforme apresentado na figura 6.2, 
têm o menor custo por metro quadrado de coletor instalado e são os que 
requerem menores cuidados de operação e manutenção, sendo especialmente 
recomendados para instalações de pequeno porte. Neste tipo de sistema a 
circulação do líquido entre o tanque o os coletores ocorre sem o auxílio de 
bombas, por meio da diferença de densidade que ocorre no líquido em função da 
diferença de temperatura.   
 
 
Figura 6.2 – Sistema Termossifão 
 
",1665,"O armazenamento de água quente, por sua vez, ocorre no tanque de 
armazenamento, que é um reservatório termicamente isolado de modo a 
minimizar as perdas térmicas. Este reservatório deve ter sua capacidade 
dimensionada para armazenar entre 1,2 a 2 vezes o consumo diário, devido ao 
caráter intermitente da radiação solar, o que torna necessário que o sistema seja 
capaz de, em curtos períodos do dia, armazenar a energia que será utilizada 
durante todo o dia ou além. 
Normalmente projeta-se um sistema de modo que a maior parte da demanda seja 
atendia pela energia solar, e um percentual entre 15 e 40 %, seja fornecido por 
um sistema auxiliar, utilizando alguma forma convencional de energia. Em 
pequenas e médias instalações, recomenda-se a utilização de um sistema auxiliar 
de energia elétrica, por ser esta forma de energia a de maior disponibilidade e de 
menor preço a médio e longo prazo. 
O controle do sistema de aquecimento é normalmente realizado por um conjunto 
de sensores de temperatura que acionam as bombas de circulação, as válvulas e o 
sistema auxiliar de aquecimento. 
 
6.4 Sistemas por Termossifão 
Os sistemas com circulação por termossifão, conforme apresentado na figura 6.2, 
têm o menor custo por metro quadrado de coletor instalado e são os que 
requerem menores cuidados de operação e manutenção, sendo especialmente 
recomendados para instalações de pequeno porte. Neste tipo de sistema a 
circulação do líquido entre o tanque o os coletores ocorre sem o auxílio de 
bombas, por meio da diferença de densidade que ocorre no líquido em função da 
diferença de temperatura. 
 
 
Figura 6.2 – Sistema Termossifão",1665,1650
06_procel_eficiencia_edificios_publicos.pdf,Guia de Eficiência Energética em Edifícios Públicos,PROCEL / Ministério de Minas e Energia,relatorio_tecnico,eficiencia_energetica,2025,vigente,guia técnico,eficiência energética em edificações públicas,116," 
96 
 
A radiação solar incidente sobre o coletor provoca o aumento da temperatura (e 
consequente redução da densidade) do líquido dentro dos tubos, que tendem a 
subir, dando lugar à água mais fria (mais pesada) que vem do reservatório. Esta 
circulação vai ocorrer sempre que houver radiação solar suficiente para elevar a 
temperatura da água no coletor acima da temperatura da água no reservatório. 
Para que se evite a circulação inversa nos períodos sem insolação, a distância 
entre o fundo do reservatório e a saída do coletor (tubo superior) deve ser da 
ordem de 10 cm. A caixa d´água para alimentação de água fria deve estar a, pelo 
menos, 50 cm acima do reservatório, para que haja pressão suficiente no sistema. 
Esse tipo de sistema necessita de controle apenas no sistema de aquecimento 
auxiliar, onde um termostato regulável comanda o funcionamento da resistência 
de aquecimento. 
 
6.5 Sistemas de circulação forçada 
Este tipo de sistema, mostrado na figura 6.3, apresenta um rendimento térmico 
maior em relação ao termossifão, permitindo o uso de uma área de captação 
menor para a mesma demanda de energia. Outra vantagem da circulação forçada 
é a liberdade de localização do tanque de armazenamento, que poderá estar 
acima ou abaixo do coletor. 
Para a operação da bomba do circuito, utiliza-se um termostato diferencial ligado 
a sensores de temperatura, que ficam instalados na placa coletora e no tanque de 
armazenamento. Quando a diferença de temperatura entre a água na placa e a do 
tanque for próxima de 5°C, o termostato ativa a bomba hidráulica, para conduzir a 
água quente do coletor para o reservatório e puxar a água fria do fundo do 
reservatório para o coletor. Quando a diferença de temperatura entre a placa e o 
coletor se torna negativa (com a água do tanque cerca de 1°C acima da água no 
coletor), o termostato desliga a bomba e a água deixa de circular. 
 
 
Figura 6.3 – Sistema c/ Circulação Forçada 
",1955,"A radiação solar incidente sobre o coletor provoca o aumento da temperatura (e 
consequente redução da densidade) do líquido dentro dos tubos, que tendem a 
subir, dando lugar à água mais fria (mais pesada) que vem do reservatório. Esta 
circulação vai ocorrer sempre que houver radiação solar suficiente para elevar a 
temperatura da água no coletor acima da temperatura da água no reservatório. 
Para que se evite a circulação inversa nos períodos sem insolação, a distância 
entre o fundo do reservatório e a saída do coletor (tubo superior) deve ser da 
ordem de 10 cm. A caixa d´água para alimentação de água fria deve estar a, pelo 
menos, 50 cm acima do reservatório, para que haja pressão suficiente no sistema. 
Esse tipo de sistema necessita de controle apenas no sistema de aquecimento 
auxiliar, onde um termostato regulável comanda o funcionamento da resistência 
de aquecimento. 
 
6.5 Sistemas de circulação forçada 
Este tipo de sistema, mostrado na figura 6.3, apresenta um rendimento térmico 
maior em relação ao termossifão, permitindo o uso de uma área de captação 
menor para a mesma demanda de energia. Outra vantagem da circulação forçada 
é a liberdade de localização do tanque de armazenamento, que poderá estar 
acima ou abaixo do coletor. 
Para a operação da bomba do circuito, utiliza-se um termostato diferencial ligado 
a sensores de temperatura, que ficam instalados na placa coletora e no tanque de 
armazenamento. Quando a diferença de temperatura entre a água na placa e a do 
tanque for próxima de 5°C, o termostato ativa a bomba hidráulica, para conduzir a 
água quente do coletor para o reservatório e puxar a água fria do fundo do 
reservatório para o coletor. Quando a diferença de temperatura entre a placa e o 
coletor se torna negativa (com a água do tanque cerca de 1°C acima da água no 
coletor), o termostato desliga a bomba e a água deixa de circular. 
 
 
Figura 6.3 – Sistema c/ Circulação Forçada",1955,1945
06_procel_eficiencia_edificios_publicos.pdf,Guia de Eficiência Energética em Edifícios Públicos,PROCEL / Ministério de Minas e Energia,relatorio_tecnico,eficiencia_energetica,2025,vigente,guia técnico,eficiência energética em edificações públicas,117," 
97 
 
 
6.6 Dimensionamento do sistema de aquecimento solar 
O dimensionamento de um sistema de aquecimento de água por energia solar é 
função de uma série de variáveis tais como: a) carga térmica do sistema; 
b) disponibilidade do recurso solar; c) eficiência do coletor solar; d) fração da 
demanda de energia a ser atendida pelo sistema de aquecimento solar.  
a. Cálculo da Carga Térmica 
A fim de se estimar a energia necessária para o aquecimento de água para as 
aplicações diversas em prédios públicos, é necessário que se estime a 
quantidade de água utilizada em cada aplicação11. Na tabela 6.1 estão contidos 
dados de consumo médio de água quente, que podem servir de referência no 
dimensionamento do sistema de aquecimento. 
 
Tabela 6.1 – Consumo diário de água quente 
Alojamento provisório de Obra 
24 litros por indivíduo 
Casa Popular ou rural 
36 litros por indivíduo 
Residência 
45 litros por indivíduo 
Apartamento 
60 litros por indivíduo 
Quartel 
45 litros por indivíduo 
Escola (Internato) 
45 litros por indivíduo 
Hotel (sem incluir cozinha e 
lavanderia) 
36 litros por indivíduo 
Hospital 
125 litros por leito 
Restaurante e Similares 
12 litros por refeição 
Lavanderia 
15 litros por kg de roupa seca 
  Fonte: ABNT NB 128 – Tabela I 
 
Outra forma de estimativa da demanda de água quente se baseia em valores 
médios por uso final, como ilustrado na tabela 6.2: 
 
 
 
                                                          
11 Para este dimensionamento, são sugeridos: normas de instalações prediais de água 
quente, como NB128 e NBR7198, pesquisas de hábitos de uso de água quente no local, 
senso crítico sobre particularidades dos usuários e das instalações. 
",1705,"6.6 Dimensionamento do sistema de aquecimento solar 
O dimensionamento de um sistema de aquecimento de água por energia solar é 
função de uma série de variáveis tais como: a) carga térmica do sistema; 
b) disponibilidade do recurso solar; c) eficiência do coletor solar; d) fração da 
demanda de energia a ser atendida pelo sistema de aquecimento solar. 
a. Cálculo da Carga Térmica 
A fim de se estimar a energia necessária para o aquecimento de água para as 
aplicações diversas em prédios públicos, é necessário que se estime a 
quantidade de água utilizada em cada aplicação11. Na tabela 6.1 estão contidos 
dados de consumo médio de água quente, que podem servir de referência no 
dimensionamento do sistema de aquecimento. 
 
Tabela 6.1 – Consumo diário de água quente 
Alojamento provisório de Obra 
24 litros por indivíduo 
Casa Popular ou rural 
36 litros por indivíduo 
Residência 
45 litros por indivíduo 
Apartamento 
60 litros por indivíduo 
Quartel 
45 litros por indivíduo 
Escola (Internato) 
45 litros por indivíduo 
Hotel (sem incluir cozinha e 
lavanderia) 
36 litros por indivíduo 
Hospital 
125 litros por leito 
Restaurante e Similares 
12 litros por refeição 
Lavanderia 
15 litros por kg de roupa seca 
 Fonte: ABNT NB 128 – Tabela I 
 
Outra forma de estimativa da demanda de água quente se baseia em valores 
médios por uso final, como ilustrado na tabela 6.2: 
 
 
 
 
11 Para este dimensionamento, são sugeridos: normas de instalações prediais de água 
quente, como NB128 e NBR7198, pesquisas de hábitos de uso de água quente no local, 
senso crítico sobre particularidades dos usuários e das instalações.",1705,1634
06_procel_eficiencia_edificios_publicos.pdf,Guia de Eficiência Energética em Edifícios Públicos,PROCEL / Ministério de Minas e Energia,relatorio_tecnico,eficiencia_energetica,2025,vigente,guia técnico,eficiência energética em edificações públicas,118," 
98 
 
Tabela 6.2 – Vazão de água quente de equipamentos 
Peças de Utilização 
Vazão total por peça 
(litros/minuto) 
Bidê 
3,6 
Chuveiro 
7,2 
Lavabo 
7,2 
Tanque (lavanderia) 
18 
Pia cozinha 
15 
 
Para a avaliação do consumo de energia para aquecimento de água, as 
seguintes hipóteses podem ser adotadas: a água na temperatura adequada 
para seu uso final, deve ser obtida através da mistura da água quente 
(armazenada no reservatório a uma temperatura de cerca de 60°C) com a água 
do manancial (água de entrada). 
A temperatura da água no manancial varia ao longo do ano, e para efeitos 
práticos pode ser considerada, de forma conservadora, como sendo igual a 
três graus Celsius abaixo da temperatura ambiente (bulbo seco). Esta 
temperatura, tomada a partir de uma média mensal, permite calcular a carga 
térmica necessária para cada mês do ano e a quantidade de água quente (água 
a 60°C) que deve ser misturada à água de entrada a fim de se obter a condição 
de saída desejada. 
 
b. Disponibilidade do recurso solar 
Os valores médios mensais de radiação solar utilizados no dimensionamento 
de um sistema solar de aquecimento podem ser obtidos, para várias regiões do 
Brasil e do mundo, a partir dos bancos de dados e de programas desenvolvidos 
para esta finalidade. Existem programas disponibilizados na internet que 
permitem avaliar diversos tipos de sistemas de aquecimento solar de água 
com armazenamento térmico (ver item 6.8, 3a e 3b).  
Estes programas dispõem de metodologia para avaliar a incidência de radiação 
solar sobre um coletor instalado, combinando um banco de dados 
meteorológicos com a insolação nas principais cidades do mundo, com uma 
metodologia para estender os dados de insolação às superfícies inclinadas, 
bastando para isso que sejam conhecidas a inclinação e o azimute do coletor. 
 
 
 
",1839,"Tabela 6.2 – Vazão de água quente de equipamentos 
Peças de Utilização 
Vazão total por peça 
(litros/minuto) 
Bidê 
3,6 
Chuveiro 
7,2 
Lavabo 
7,2 
Tanque (lavanderia) 
 
Pia cozinha 
 
Para a avaliação do consumo de energia para aquecimento de água, as 
seguintes hipóteses podem ser adotadas: a água na temperatura adequada 
para seu uso final, deve ser obtida através da mistura da água quente 
(armazenada no reservatório a uma temperatura de cerca de 60°C) com a água 
do manancial (água de entrada). 
A temperatura da água no manancial varia ao longo do ano, e para efeitos 
práticos pode ser considerada, de forma conservadora, como sendo igual a 
três graus Celsius abaixo da temperatura ambiente (bulbo seco). Esta 
temperatura, tomada a partir de uma média mensal, permite calcular a carga 
térmica necessária para cada mês do ano e a quantidade de água quente (água 
a 60°C) que deve ser misturada à água de entrada a fim de se obter a condição 
de saída desejada. 
 
b. Disponibilidade do recurso solar 
Os valores médios mensais de radiação solar utilizados no dimensionamento 
de um sistema solar de aquecimento podem ser obtidos, para várias regiões do 
Brasil e do mundo, a partir dos bancos de dados e de programas desenvolvidos 
para esta finalidade. Existem programas disponibilizados na internet que 
permitem avaliar diversos tipos de sistemas de aquecimento solar de água 
com armazenamento térmico (ver item 6.8, 3a e 3b). 
Estes programas dispõem de metodologia para avaliar a incidência de radiação 
solar sobre um coletor instalado, combinando um banco de dados 
meteorológicos com a insolação nas principais cidades do mundo, com uma 
metodologia para estender os dados de insolação às superfícies inclinadas, 
bastando para isso que sejam conhecidas a inclinação e o azimute do coletor.",1839,1816
06_procel_eficiencia_edificios_publicos.pdf,Guia de Eficiência Energética em Edifícios Públicos,PROCEL / Ministério de Minas e Energia,relatorio_tecnico,eficiencia_energetica,2025,vigente,guia técnico,eficiência energética em edificações públicas,119," 
99 
 
c. Eficiência do coletor solar  
A eficiência do coletor é dada pela proporção de três parcelas de energia 
(absorvida, transmitida e refletida) em relação à quantidade total de energia 
incidente. Dessa forma, o coletor será mais eficiente quanto maior for a 
quantidade de energia transmitida para a água. 
Os coletores também podem ser avaliados pela quantidade média mensal de 
energia fornecida, por unidade coletora ou por metro quadrado, conforme a 
metodologia adotada no Programa Brasileiro de Etiquetagem – PBE. Tabelas 
com esses valores podem ser obtidas na página do Inmetro/PBE na internet 
(ver item 6.8, 4). 
Na tabela 6.3, extraída da página do PBE na internet, são apresentadas as 
faixas de eficiência para coletores e o número de modelos classificados em 
cada faixa. Os valores de PME (produção média mensal de energia) estão em 
kW∙h por mês por metro quadrado. 
 
Tabela 6.3 – Produção média mensal de energia em coletores solares de água 
para banho (kW∙h/m2.mês) e número de modelos classificados em cada faixa.  
 
Fonte PBE/Inmetro, 2013. 
 
d. Inclinação dos coletores  
Os coletores solares têm seu funcionamento otimizado quando recebem a 
radiação solar diretamente, por isso são instalados com sua face absorvedora 
inclinada em relação ao horizonte; isto deve ser feito para (1) corrigir o efeito 
da latitude local na incidência dos raios solares e (2) otimizar a captação 
durante os meses de inverno, quando o sol se encontra relativamente mais 
voltado para o hemisfério norte. Na figura 6.4 é apresentado o exemplo de um 
coletor solar instalado em Porto Alegre (latitude 30°), com sua face voltada 
para o norte, com duas configurações: com inclinação igual à latitude local 
(30°) e com inclinação igual à latitude local mais quinze graus (45°). A primeira 
configuração coloca o coletor exatamente perpendicular à posição média dos 
raios solares durante o ano (paralelo ao equador, que é a posição do sol no 
equinócio); a segunda, por sua vez, coloca o coletor em posição 
aproximadamente perpendicular aos raios solares durante o inverno (no 
",2095,"c. Eficiência do coletor solar 
A eficiência do coletor é dada pela proporção de três parcelas de energia 
(absorvida, transmitida e refletida) em relação à quantidade total de energia 
incidente. Dessa forma, o coletor será mais eficiente quanto maior for a 
quantidade de energia transmitida para a água. 
Os coletores também podem ser avaliados pela quantidade média mensal de 
energia fornecida, por unidade coletora ou por metro quadrado, conforme a 
metodologia adotada no Programa Brasileiro de Etiquetagem – PBE. Tabelas 
com esses valores podem ser obtidas na página do Inmetro/PBE na internet 
(ver item 6.8, 4). 
Na tabela 6.3, extraída da página do PBE na internet, são apresentadas as 
faixas de eficiência para coletores e o número de modelos classificados em 
cada faixa. Os valores de PME (produção média mensal de energia) estão em 
kW∙h por mês por metro quadrado. 
 
Tabela 6.3 – Produção média mensal de energia em coletores solares de água 
para banho (kW∙h/m2.mês) e número de modelos classificados em cada faixa. 
 
Fonte PBE/Inmetro, 2013. 
 
d. Inclinação dos coletores 
Os coletores solares têm seu funcionamento otimizado quando recebem a 
radiação solar diretamente, por isso são instalados com sua face absorvedora 
inclinada em relação ao horizonte; isto deve ser feito para (1) corrigir o efeito 
da latitude local na incidência dos raios solares e (2) otimizar a captação 
durante os meses de inverno, quando o sol se encontra relativamente mais 
voltado para o hemisfério norte. Na figura 6.4 é apresentado o exemplo de um 
coletor solar instalado em Porto Alegre (latitude 30°), com sua face voltada 
para o norte, com duas configurações: com inclinação igual à latitude local 
(30°) e com inclinação igual à latitude local mais quinze graus (45°). A primeira 
configuração coloca o coletor exatamente perpendicular à posição média dos 
raios solares durante o ano (paralelo ao equador, que é a posição do sol no 
equinócio); a segunda, por sua vez, coloca o coletor em posição 
aproximadamente perpendicular aos raios solares durante o inverno (no",2095,2082
06_procel_eficiencia_edificios_publicos.pdf,Guia de Eficiência Energética em Edifícios Públicos,PROCEL / Ministério de Minas e Energia,relatorio_tecnico,eficiencia_energetica,2025,vigente,guia técnico,eficiência energética em edificações públicas,120," 
100 
 
solstício de inverno, o sol chega a se afastar 23,5° para o norte do plano do 
equador). 
 
Figura 6.4 – Inclinação do coletor solar 
 
Apesar da primeira configuração mostrada resultar em maior captação anual 
total de energia, a segunda configuração é preferível na maioria das 
aplicações, porque apresenta valores de captação de energia maiores para o 
período de inverno, quando a demanda por água quente é maior. 
 
e. Fração da demanda de energia a ser atendida pelo sistema de 
aquecimento solar 
Para a avaliação da economia de energia elétrica obtida com a utilização do 
aquecimento solar, nas condições específicas de cada obra, utiliza-se, 
internacionalmente, o Método da Carta F (F-Chart). Este método avalia a 
contribuição da energia solar na demanda total de energia elétrica para 
aquecimento de água, conhecida como fração solar. O método permite o 
cálculo da quantidade mensal de energia entregue por um sistema solar de 
aquecimento de água com armazenamento, dados os valores mensais de 
radiação solar incidente, temperatura ambiente e carga térmica. Este valor é 
fundamental para as análises de custo-benefício dos sistemas a serem 
instalados, bem como para os cálculos de tempo de retorno do investimento a 
ser feito.  
Devido ao número de parâmetros envolvidos, utilizam-se programas 
computacionais para obtenção do fator solar (ver item 6.8, 3a e 3b). 
 
",1397,"solstício de inverno, o sol chega a se afastar 23,5° para o norte do plano do 
equador). 
 
Figura 6.4 – Inclinação do coletor solar 
 
Apesar da primeira configuração mostrada resultar em maior captação anual 
total de energia, a segunda configuração é preferível na maioria das 
aplicações, porque apresenta valores de captação de energia maiores para o 
período de inverno, quando a demanda por água quente é maior. 
 
e. Fração da demanda de energia a ser atendida pelo sistema de 
aquecimento solar 
Para a avaliação da economia de energia elétrica obtida com a utilização do 
aquecimento solar, nas condições específicas de cada obra, utiliza-se, 
internacionalmente, o Método da Carta F (F-Chart). Este método avalia a 
contribuição da energia solar na demanda total de energia elétrica para 
aquecimento de água, conhecida como fração solar. O método permite o 
cálculo da quantidade mensal de energia entregue por um sistema solar de 
aquecimento de água com armazenamento, dados os valores mensais de 
radiação solar incidente, temperatura ambiente e carga térmica. Este valor é 
fundamental para as análises de custo-benefício dos sistemas a serem 
instalados, bem como para os cálculos de tempo de retorno do investimento a 
ser feito. 
Devido ao número de parâmetros envolvidos, utilizam-se programas 
computacionais para obtenção do fator solar (ver item 6.8, 3a e 3b).",1397,1383
06_procel_eficiencia_edificios_publicos.pdf,Guia de Eficiência Energética em Edifícios Públicos,PROCEL / Ministério de Minas e Energia,relatorio_tecnico,eficiencia_energetica,2025,vigente,guia técnico,eficiência energética em edificações públicas,121," 
101 
 
6.7 Considerações Finais 
6.7.1 Instalação dos Coletores 
Distância entre os coletores: O local onde forem instalados os coletores deve 
estar isento de sombra pelo menos no período entre 8 h e 17 h, lembrando 
que a posição da sombra varia durante o ano. 
Quando são utilizados coletores em fila como indicado na figura 6.5, deve ser 
assegurado que o coletor da frente não projete sombra sobre o posterior. A 
distância A deve ser igual ou superior à altura H multiplicada pela tangente do 
ângulo de inclinação dos coletores em relação à horizontal. 
 
 
Figura 6.5 – Distância entre coletores 
 
Previsão de carga (peso) na estrutura: No local onde forem instalados os 
coletores, deve ser prevista uma carga na estrutura de sustentação para os 
coletores, que é da ordem de 45 kg/m², já incluídos coletores, suportes e 
tubulações. 
 
Orientação: Embora a orientação ideal para o coletor seja a norte, uma 
variação para Leste ou Oeste da ordem de 20° não altera significativamente a 
eficiência do sistema. 
 
A correta instalação de coletores solares depende de uma série de cuidados de 
ordem 
prática, 
que 
devem 
ser 
acompanhados 
pelo 
gestor 
do 
",1170,"6.7 Considerações Finais 
6.7.1 Instalação dos Coletores 
Distância entre os coletores: O local onde forem instalados os coletores deve 
estar isento de sombra pelo menos no período entre 8 h e 17 h, lembrando 
que a posição da sombra varia durante o ano. 
Quando são utilizados coletores em fila como indicado na figura 6.5, deve ser 
assegurado que o coletor da frente não projete sombra sobre o posterior. A 
distância A deve ser igual ou superior à altura H multiplicada pela tangente do 
ângulo de inclinação dos coletores em relação à horizontal. 
 
 
Figura 6.5 – Distância entre coletores 
 
Previsão de carga (peso) na estrutura: No local onde forem instalados os 
coletores, deve ser prevista uma carga na estrutura de sustentação para os 
coletores, que é da ordem de 45 kg/m², já incluídos coletores, suportes e 
tubulações. 
 
Orientação: Embora a orientação ideal para o coletor seja a norte, uma 
variação para Leste ou Oeste da ordem de 20° não altera significativamente a 
eficiência do sistema. 
 
A correta instalação de coletores solares depende de uma série de cuidados de 
ordem 
prática, 
que 
devem 
ser 
acompanhados 
pelo 
gestor 
do",1170,1159
06_procel_eficiencia_edificios_publicos.pdf,Guia de Eficiência Energética em Edifícios Públicos,PROCEL / Ministério de Minas e Energia,relatorio_tecnico,eficiencia_energetica,2025,vigente,guia técnico,eficiência energética em edificações públicas,122," 
102 
 
empreendimento. O manual Qualidade em Instalações de Aquecimento Solar 
apresenta a maioria dos procedimentos recomendados para instalação.  
 
6.7.2 Normas a serem consideradas 
ABNT NBR 7198/NB 128: Projeto e execução de instalações prediais de água 
quente. 
Objetivo: Esta Norma fixa as exigências técnicas mínimas quanto à higiene, à 
segurança, à economia e ao conforto dos usuários, pelas quais devem ser 
projetadas e executadas as instalações prediais de água quente. 
 
NBR 15569: Sistema de aquecimento solar de água em circuito direto – Projeto 
e instalação. 
Objetivo: Esta Norma estabelece os requisitos para o sistema de aquecimento 
solar (SAS), considerando aspectos de concepção, dimensionamento, arranjo 
hidráulico, instalação e manutenção, onde o fluido de transporte é a água. 
 
6.7.3 Leitura adicional 
Para maiores detalhes sobre o projeto, dimensionamento e instalação de 
sistemas de aquecimento solar para água, recomenda-se a leitura das 
referências (ver item 6.8, 5 e 6). 
 
 
",1018,"empreendimento. O manual Qualidade em Instalações de Aquecimento Solar 
apresenta a maioria dos procedimentos recomendados para instalação. 
 
6.7.2 Normas a serem consideradas 
ABNT NBR 7198/NB 128: Projeto e execução de instalações prediais de água 
quente. 
Objetivo: Esta Norma fixa as exigências técnicas mínimas quanto à higiene, à 
segurança, à economia e ao conforto dos usuários, pelas quais devem ser 
projetadas e executadas as instalações prediais de água quente. 
 
NBR 15569: Sistema de aquecimento solar de água em circuito direto – Projeto 
e instalação. 
Objetivo: Esta Norma estabelece os requisitos para o sistema de aquecimento 
solar (SAS), considerando aspectos de concepção, dimensionamento, arranjo 
hidráulico, instalação e manutenção, onde o fluido de transporte é a água. 
 
6.7.3 Leitura adicional 
Para maiores detalhes sobre o projeto, dimensionamento e instalação de 
sistemas de aquecimento solar para água, recomenda-se a leitura das 
referências (ver item 6.8, 5 e 6).",1018,1002
06_procel_eficiencia_edificios_publicos.pdf,Guia de Eficiência Energética em Edifícios Públicos,PROCEL / Ministério de Minas e Energia,relatorio_tecnico,eficiencia_energetica,2025,vigente,guia técnico,eficiência energética em edificações públicas,123," 
103 
 
6.8 Referências 
1. Eletrobras/Procel – Energia Solar para Aquecimento de Água no Brasil – 
Contribuições da Eletrobras Procel e Parceiros – 2012 
2. Dufﬁe, J.A. e Beckman, W.A., Solar Engineering of Thermal Processes, 
Segunda Edição, John Wiley & Sons, 1991.   
3. (a) http://www.retscreen.net/pt/home.php; 
(b) http://www.fchart.com/fchart/;    
(c) http://www.inmetro.gov.br/consumidor/tabelas.asp  
4. Manual de Capacitação em Projetos de Sistemas de Aquecimento Solar – 
ABRAVA – 2008 
5. Manual de Qualidade em Instalações de Aquecimento Solar – Boas 
práticas – Procobre/Abrava/GTZ - 2009 
 
 
 
 
 
",617,"6.8 Referências 
1. Eletrobras/Procel – Energia Solar para Aquecimento de Água no Brasil – 
Contribuições da Eletrobras Procel e Parceiros – 2012 
2. Dufﬁe, J.A. e Beckman, W.A., Solar Engineering of Thermal Processes, 
Segunda Edição, John Wiley & Sons, 1991. 
3. (a) 
(b) 
(c) 
4. Manual de Capacitação em Projetos de Sistemas de Aquecimento Solar – 
ABRAVA – 2008 
5. Manual de Qualidade em Instalações de Aquecimento Solar – Boas 
práticas – Procobre/Abrava/GTZ - 2009",617,472
06_procel_eficiencia_edificios_publicos.pdf,Guia de Eficiência Energética em Edifícios Públicos,PROCEL / Ministério de Minas e Energia,relatorio_tecnico,eficiencia_energetica,2025,vigente,guia técnico,eficiência energética em edificações públicas,124," 
104 
 
7. Transporte vertical (Elevadores) 
Elevadores são importantes sistemas que compõem praticamente todos os 
edifícios atuais. Em particular nos edifícios comerciais, estes têm grande 
importância e representam uma parte significativa das despesas de manutenção 
dos edifícios. 
Além do custo com a energia elétrica para sua operação, são sistemas de elevado 
custo inicial e também exigem manutenções periódicas, tanto preventivas como 
corretivas, que devem ser prestadas por empresas especializadas. Estas 
manutenções em geral têm custos elevados que incluem serviços e peças de 
reposição. 
Com a evolução da tecnologia estão constantemente sendo incorporados novos 
sistemas e funcionalidades que melhoram o seu desempenho e aumentam a sua 
confiabilidade, além de disponibilizarem funções de gerenciamento que podem 
reduzir o número de operações diárias, resultando em menor desgaste do 
equipamento e redução do consumo de energia. 
Existe uma gama considerável de modelos com capacidades de carga (no de 
passageiros) diversos e funcionalidades distintas. Ao longo dos anos muitos 
elevadores antigos foram sendo atualizados ou substituídos por modelos mais 
eficientes, contudo ainda preservam uma característica em comum com os 
primeiros modelos: têm motores elétricos como fonte de tração mecânica e em 
geral representam uma importante parcela do consumo de energia das 
edificações. 
A potência de um elevador médio de 10 HP, equivale a 75 lâmpadas de 100 W. 
Considerando este valor médio e uma estimativa de 200 mil elevadores em 
atividade no país, o consumo relativo a esses equipamentos pode representar 
uma parcela significativa da energia consumida no país inteiro. 
Como ilustração, num edifício típico, os gastos com a energia elétrica consumida 
pelos elevadores podem chegar a 6 % do custo total do prédio. 
O cálculo exato do consumo de um elevador não é uma tarefa simples, pois existe 
uma diversidade de variáveis envolvidas, tais como: 
 Modelo e características técnicas; 
 Tipo de utilização; 
 Carga transportada (no de passageiros); 
 Quantidade de viagens por dia. 
Porém, o consumo se deve principalmente à energia utilizada na máquina de 
tração, com uma menor participação da luz da cabina, do ventilador, do operador 
da porta e do quadro de comando. 
O sistema de elevadores em um prédio pode apresentar um bom potencial de 
economia de energia, principalmente em casos de idade avançada, através de 
investimentos na sua modernização. Outras medidas de menor custo também são 
passíveis de aplicação, como será mostrado adiante. 
",2586,"7. Transporte vertical (Elevadores) 
Elevadores são importantes sistemas que compõem praticamente todos os 
edifícios atuais. Em particular nos edifícios comerciais, estes têm grande 
importância e representam uma parte significativa das despesas de manutenção 
dos edifícios. 
Além do custo com a energia elétrica para sua operação, são sistemas de elevado 
custo inicial e também exigem manutenções periódicas, tanto preventivas como 
corretivas, que devem ser prestadas por empresas especializadas. Estas 
manutenções em geral têm custos elevados que incluem serviços e peças de 
reposição. 
Com a evolução da tecnologia estão constantemente sendo incorporados novos 
sistemas e funcionalidades que melhoram o seu desempenho e aumentam a sua 
confiabilidade, além de disponibilizarem funções de gerenciamento que podem 
reduzir o número de operações diárias, resultando em menor desgaste do 
equipamento e redução do consumo de energia. 
Existe uma gama considerável de modelos com capacidades de carga (no de 
passageiros) diversos e funcionalidades distintas. Ao longo dos anos muitos 
elevadores antigos foram sendo atualizados ou substituídos por modelos mais 
eficientes, contudo ainda preservam uma característica em comum com os 
primeiros modelos: têm motores elétricos como fonte de tração mecânica e em 
geral representam uma importante parcela do consumo de energia das 
edificações. 
A potência de um elevador médio de 10 HP, equivale a 75 lâmpadas de 100 W. 
Considerando este valor médio e uma estimativa de 200 mil elevadores em 
atividade no país, o consumo relativo a esses equipamentos pode representar 
uma parcela significativa da energia consumida no país inteiro. 
Como ilustração, num edifício típico, os gastos com a energia elétrica consumida 
pelos elevadores podem chegar a 6 % do custo total do prédio. 
O cálculo exato do consumo de um elevador não é uma tarefa simples, pois existe 
uma diversidade de variáveis envolvidas, tais como: 
 Modelo e características técnicas; 
 Tipo de utilização; 
 Carga transportada (no de passageiros); 
 Quantidade de viagens por dia. 
Porém, o consumo se deve principalmente à energia utilizada na máquina de 
tração, com uma menor participação da luz da cabina, do ventilador, do operador 
da porta e do quadro de comando. 
O sistema de elevadores em um prédio pode apresentar um bom potencial de 
economia de energia, principalmente em casos de idade avançada, através de 
investimentos na sua modernização. Outras medidas de menor custo também são 
passíveis de aplicação, como será mostrado adiante.",2586,2575
06_procel_eficiencia_edificios_publicos.pdf,Guia de Eficiência Energética em Edifícios Públicos,PROCEL / Ministério de Minas e Energia,relatorio_tecnico,eficiencia_energetica,2025,vigente,guia técnico,eficiência energética em edificações públicas,125," 
105 
 
7.1 Princípio básico de funcionamento 
Num sistema de tração, a cabina do elevador é sustentada no poço por vários 
cabos de aço, usando-se normalmente duas polias e um contrapeso. Os pesos do 
próprio elevador e do contrapeso fazem com que exista uma tração entre as 
polias e os cabos de aço. Assim, as polias movem os cabos de aço sem 
deslizamento excessivo. 
Além disso, a cabina e o contrapeso correm em guias verticais, usadas para evitar 
as oscilações. 
A casa de máquinas fica normalmente situada acima do poço do elevador e utiliza 
motores elétricos para movimentar o sistema. Existem também elevadores 
hidráulicos normalmente utilizados em pequenos percursos. 
1- Quadro de Comando 
2- Máquina de Tração 
3- Limitador de Velocidade 
4- Cabos de Tração 
5- Operador de Porta 
6- Guias da cabina 
7- Porta de Pavimento - Abertura Lateral 
8- Porta de Pavimento - Eixo Vertical 
9- Para-choque da Cabina 
10- Cabo do Limitador de Velocidade 
11- Polia Tensora do Limitador de Velocidade 
12- Cabina 
13- Contrapeso 
14- Freios de segurança 
 
 
As máquinas de tração podem ser classificadas quanto ao tipo de acionamento da 
seguinte forma:  
 Acionamento em corrente contínua – motor de corrente alternada 
acionando um gerador síncrono de corrente contínua que alimenta um 
motor de corrente contínua, ligado ao redutor de velocidade.  
 Acionamento em corrente alternada – motor assíncrono ligado direto no 
redutor de velocidade. 
 
",1459,"7.1 Princípio básico de funcionamento 
Num sistema de tração, a cabina do elevador é sustentada no poço por vários 
cabos de aço, usando-se normalmente duas polias e um contrapeso. Os pesos do 
próprio elevador e do contrapeso fazem com que exista uma tração entre as 
polias e os cabos de aço. Assim, as polias movem os cabos de aço sem 
deslizamento excessivo. 
Além disso, a cabina e o contrapeso correm em guias verticais, usadas para evitar 
as oscilações. 
A casa de máquinas fica normalmente situada acima do poço do elevador e utiliza 
motores elétricos para movimentar o sistema. Existem também elevadores 
hidráulicos normalmente utilizados em pequenos percursos. 
1- Quadro de Comando 
2- Máquina de Tração 
3- Limitador de Velocidade 
4- Cabos de Tração 
5- Operador de Porta 
6- Guias da cabina 
7- Porta de Pavimento - Abertura Lateral 
8- Porta de Pavimento - Eixo Vertical 
9- Para-choque da Cabina 
10- Cabo do Limitador de Velocidade 
11- Polia Tensora do Limitador de Velocidade 
12- Cabina 
13- Contrapeso 
14- Freios de segurança 
 
 
As máquinas de tração podem ser classificadas quanto ao tipo de acionamento da 
seguinte forma: 
 Acionamento em corrente contínua – motor de corrente alternada 
acionando um gerador síncrono de corrente contínua que alimenta um 
motor de corrente contínua, ligado ao redutor de velocidade. 
 Acionamento em corrente alternada – motor assíncrono ligado direto no 
redutor de velocidade.",1459,1444
06_procel_eficiencia_edificios_publicos.pdf,Guia de Eficiência Energética em Edifícios Públicos,PROCEL / Ministério de Minas e Energia,relatorio_tecnico,eficiencia_energetica,2025,vigente,guia técnico,eficiência energética em edificações públicas,126," 
106 
 
7.2 Cálculo do consumo 
Em transportes verticais podem ser encontradas basicamente três faixas de 
correntes. A mais alta, quando os elevadores estão descendo com sua cabina 
vazia, pois terão que arrastar seu contrapeso para cima e este é sempre 
dimensionado para equilibrar-se com a cabina em sua capacidade máxima. 
A segunda corrente seria uma média dos elevadores descendo e subindo com 
pessoas na cabina. 
E finalmente a terceira, a menor delas, quando o elevador sobe sem nenhuma 
carga no interior da cabina. Através de uma análise de fluxo de tráfego de 
passageiros por andar e horário e com essas noções de consumo apresentadas, é 
possível criar planos de zoneamento e uso racional de elevadores durante seus 
períodos de uso. 
Existe uma metodologia de cálculo para encontrar folgas (período de 
possibilidade de desligamento), cálculos de zoneamento (atendimento 
diferenciado por andares) e uso racional destes transportes. 
A Agência para Aplicação de Energia de São Paulo apresentou esta metodologia 
em uma de suas publicações de título Auto-Avaliação dos pontos de desperdício 
de energia elétrica no setor comercial. 
 
7.3 Recomendações de economia de energia 
Muitas são as sugestões de medidas que podem ser tomadas com objetivo de 
reduzir o consumo de energia de elevadores. Muitas delas envolvem investimento 
de capital para a modernização do equipamento, devendo ser analisadas com o 
objetivo de se verificar o tempo de recuperação do capital (tempo de retorno) em 
função da possível economia de energia.  
A modernização do elevador tem se mostrado como uma boa opção para prédios 
mais antigos, visando melhorar as condições de funcionamento do equipamento 
existente, sem a necessidade de altos investimentos em um novo equipamento. A 
vida média de um elevador é de 20 anos. 
Neste caso podemos citar as seguintes possibilidades: 
 Reforma total do aparelho, na qual podem ser trocados itens mais 
importantes, como o quadro de comando e a máquina de tração. Para 
equipamentos muito antigos, esse tipo de intervenção pode gerar 
economias de energia na ordem de 40 %. 
 Em sistemas antigos com excitatriz girante (gerador de corrente contínua 
– CC), fazer uma revitalização (retrofit) com a troca para um sistema com 
excitatriz estática, elimina o desperdício do motor de corrente alternada 
(CA) que fica permanentemente ligado, girando o gerador de CC. Mais 
informações sobre acionamentos eletrônicos de motores CA podem ser 
encontradas no manual Acionamento Eletrônico. 
",2526,"7.2 Cálculo do consumo 
Em transportes verticais podem ser encontradas basicamente três faixas de 
correntes. A mais alta, quando os elevadores estão descendo com sua cabina 
vazia, pois terão que arrastar seu contrapeso para cima e este é sempre 
dimensionado para equilibrar-se com a cabina em sua capacidade máxima. 
A segunda corrente seria uma média dos elevadores descendo e subindo com 
pessoas na cabina. 
E finalmente a terceira, a menor delas, quando o elevador sobe sem nenhuma 
carga no interior da cabina. Através de uma análise de fluxo de tráfego de 
passageiros por andar e horário e com essas noções de consumo apresentadas, é 
possível criar planos de zoneamento e uso racional de elevadores durante seus 
períodos de uso. 
Existe uma metodologia de cálculo para encontrar folgas (período de 
possibilidade de desligamento), cálculos de zoneamento (atendimento 
diferenciado por andares) e uso racional destes transportes. 
A Agência para Aplicação de Energia de São Paulo apresentou esta metodologia 
em uma de suas publicações de título Auto-Avaliação dos pontos de desperdício 
de energia elétrica no setor comercial. 
 
7.3 Recomendações de economia de energia 
Muitas são as sugestões de medidas que podem ser tomadas com objetivo de 
reduzir o consumo de energia de elevadores. Muitas delas envolvem investimento 
de capital para a modernização do equipamento, devendo ser analisadas com o 
objetivo de se verificar o tempo de recuperação do capital (tempo de retorno) em 
função da possível economia de energia. 
A modernização do elevador tem se mostrado como uma boa opção para prédios 
mais antigos, visando melhorar as condições de funcionamento do equipamento 
existente, sem a necessidade de altos investimentos em um novo equipamento. A 
vida média de um elevador é de 20 anos. 
Neste caso podemos citar as seguintes possibilidades: 
 Reforma total do aparelho, na qual podem ser trocados itens mais 
importantes, como o quadro de comando e a máquina de tração. Para 
equipamentos muito antigos, esse tipo de intervenção pode gerar 
economias de energia na ordem de 40 %. 
 Em sistemas antigos com excitatriz girante (gerador de corrente contínua 
– CC), fazer uma revitalização (retrofit) com a troca para um sistema com 
excitatriz estática, elimina o desperdício do motor de corrente alternada 
(CA) que fica permanentemente ligado, girando o gerador de CC. Mais 
informações sobre acionamentos eletrônicos de motores CA podem ser 
encontradas no manual Acionamento Eletrônico.",2526,2514
06_procel_eficiencia_edificios_publicos.pdf,Guia de Eficiência Energética em Edifícios Públicos,PROCEL / Ministério de Minas e Energia,relatorio_tecnico,eficiencia_energetica,2025,vigente,guia técnico,eficiência energética em edificações públicas,127," 
107 
 
 Analisar a possibilidade da instalação de sistemas mais eficientes para o 
acionamento dos elevadores, consultando os fabricantes ou firmas 
especializadas. Existem comandos eletrônicos que ligam a iluminação e a 
ventilação da cabina apenas quando os elevadores estiverem sendo 
utilizados, promovendo uma economia de energia. 
 Analisar a possibilidade de instalar controladores de tráfego para evitar 
que uma mesma chamada desloque mais de um elevador. 
 O uso de quadro de comandos computadorizados, em substituição aos 
antigos quadros eletromecânicos, reduz o consumo de energia, facilita a 
manutenção e elimina paralisações constantes. 
 Existem sistemas que registram as chamadas apenas para o elevador mais 
próximo do andar solicitante, evitando a duplicidade de chamadas. Se um 
usuário prender o elevador em um andar, com a porta aberta, um 
dispositivo sinalizador toca após 15 ou 30 segundos. Pode ser 
inconveniente em casos mais esporádicos como mudanças, mas no dia-a-
dia ajuda a agilizar o trabalho do aparelho, diminuindo a duplicidade de 
chamadas (um usuário chamar dois elevadores). Se uma criança acionou 
vários botões, o sistema identifica automaticamente se existe lógica no 
procedimento. Se não houver lógica, o elevador cancela as paradas. 
Existem ainda algumas medidas adicionais, relacionadas à racionalização do uso 
do elevador, que têm custo baixo ou nulo e em conjunto podem resultar em 
significativa redução do consumo de energia. 
Neste sentido é possível sugerir as seguintes medidas: 
 Elevadores mais modernos podem estar programados para retornar ao 
térreo quando ficam parados por mais de 60 segundos. Essa função pode 
ser desabilitada no sentido de economizar energia. 
 Respeitar a capacidade máxima de transporte do elevador. A sobrecarga 
do sistema causa fadiga no motor elétrico, podendo reduzir a sua vida útil, 
além de provocar aumento no consumo de energia. 
 Verificar a possibilidade de deixar um dos elevadores completamente 
desligado entre 22 h e 6 h. Mesmo parado no térreo, o equipamento 
gasta energia com sua iluminação. Essa medida ainda evita que o usuário 
chame dois elevadores neste período. 
 Quando existirem dois elevadores, estudar a possibilidade de atender 
andares pares com um e andares ímpares com o outro. 
 Estudar a possibilidade de desligar diariamente e de maneira alternada 
um dos elevadores no horário de menor movimento e menor utilização. 
Para tanto, recomendamos esclarecer aos usuários sobre os benefícios e 
objetivos a serem atingidos. 
 Utilizar o menor número possível de elevadores fora do horário de maior 
movimento. 
 Situar as áreas de atendimento ao público no andar térreo, evitando o uso 
de elevadores. Identificar com clareza as diversas seções, explicitando 
suas atividades, para evitar transportes desnecessários. 
",2848," Analisar a possibilidade da instalação de sistemas mais eficientes para o 
acionamento dos elevadores, consultando os fabricantes ou firmas 
especializadas. Existem comandos eletrônicos que ligam a iluminação e a 
ventilação da cabina apenas quando os elevadores estiverem sendo 
utilizados, promovendo uma economia de energia. 
 Analisar a possibilidade de instalar controladores de tráfego para evitar 
que uma mesma chamada desloque mais de um elevador. 
 O uso de quadro de comandos computadorizados, em substituição aos 
antigos quadros eletromecânicos, reduz o consumo de energia, facilita a 
manutenção e elimina paralisações constantes. 
 Existem sistemas que registram as chamadas apenas para o elevador mais 
próximo do andar solicitante, evitando a duplicidade de chamadas. Se um 
usuário prender o elevador em um andar, com a porta aberta, um 
dispositivo sinalizador toca após 15 ou 30 segundos. Pode ser 
inconveniente em casos mais esporádicos como mudanças, mas no dia-a-
dia ajuda a agilizar o trabalho do aparelho, diminuindo a duplicidade de 
chamadas (um usuário chamar dois elevadores). Se uma criança acionou 
vários botões, o sistema identifica automaticamente se existe lógica no 
procedimento. Se não houver lógica, o elevador cancela as paradas. 
Existem ainda algumas medidas adicionais, relacionadas à racionalização do uso 
do elevador, que têm custo baixo ou nulo e em conjunto podem resultar em 
significativa redução do consumo de energia. 
Neste sentido é possível sugerir as seguintes medidas: 
 Elevadores mais modernos podem estar programados para retornar ao 
térreo quando ficam parados por mais de 60 segundos. Essa função pode 
ser desabilitada no sentido de economizar energia. 
 Respeitar a capacidade máxima de transporte do elevador. A sobrecarga 
do sistema causa fadiga no motor elétrico, podendo reduzir a sua vida útil, 
além de provocar aumento no consumo de energia. 
 Verificar a possibilidade de deixar um dos elevadores completamente 
desligado entre 22 h e 6 h. Mesmo parado no térreo, o equipamento 
gasta energia com sua iluminação. Essa medida ainda evita que o usuário 
chame dois elevadores neste período. 
 Quando existirem dois elevadores, estudar a possibilidade de atender 
andares pares com um e andares ímpares com o outro. 
 Estudar a possibilidade de desligar diariamente e de maneira alternada 
um dos elevadores no horário de menor movimento e menor utilização. 
Para tanto, recomendamos esclarecer aos usuários sobre os benefícios e 
objetivos a serem atingidos. 
 Utilizar o menor número possível de elevadores fora do horário de maior 
movimento. 
 Situar as áreas de atendimento ao público no andar térreo, evitando o uso 
de elevadores. Identificar com clareza as diversas seções, explicitando 
suas atividades, para evitar transportes desnecessários.",2848,2837
06_procel_eficiencia_edificios_publicos.pdf,Guia de Eficiência Energética em Edifícios Públicos,PROCEL / Ministério de Minas e Energia,relatorio_tecnico,eficiencia_energetica,2025,vigente,guia técnico,eficiência energética em edificações públicas,128," 
108 
 
 Implantar medidas de conscientização dos usuários mediante cartazes 
explicativos, inclusive sugerindo que é mais prático utilizar a escada para 
chegar a andares próximos. 
 Afixar avisos aos usuários, sugerindo que utilizem as escadas para subir 
um andar ou descer dois. 
 Em caso de botoeiras com dois botões, acionar apenas o botão do sentido 
desejado, evitando paradas desnecessárias. 
 Portas de elevador com vidro fumê são muito apreciadas esteticamente, 
mas podem trazer um problema prático. O usuário chama, o aparelho 
chega no andar, e a pessoa não percebe. Então, chama o outro elevador, 
gastando mais energia elétrica. 
 
7.4 Conclusão 
O uso correto e a automação são as medidas que podem ser tomadas para 
proporcionar economia de energia com transporte vertical (elevadores). 
 
 
 
 
",819," Implantar medidas de conscientização dos usuários mediante cartazes 
explicativos, inclusive sugerindo que é mais prático utilizar a escada para 
chegar a andares próximos. 
 Afixar avisos aos usuários, sugerindo que utilizem as escadas para subir 
um andar ou descer dois. 
 Em caso de botoeiras com dois botões, acionar apenas o botão do sentido 
desejado, evitando paradas desnecessárias. 
 Portas de elevador com vidro fumê são muito apreciadas esteticamente, 
mas podem trazer um problema prático. O usuário chama, o aparelho 
chega no andar, e a pessoa não percebe. Então, chama o outro elevador, 
gastando mais energia elétrica. 
 
7.4 Conclusão 
O uso correto e a automação são as medidas que podem ser tomadas para 
proporcionar economia de energia com transporte vertical (elevadores).",819,800
06_procel_eficiencia_edificios_publicos.pdf,Guia de Eficiência Energética em Edifícios Públicos,PROCEL / Ministério de Minas e Energia,relatorio_tecnico,eficiencia_energetica,2025,vigente,guia técnico,eficiência energética em edificações públicas,129," 
109 
 
8. Sistemas de supervisão, controle e aquisição de 
dados 
Sistemas de Supervisão, Controle e Aquisição de Dados, também chamados 
SCADA (proveniente do seu nome em inglês Supervisory Control and Data 
Acquisition) ou mais simplesmente Sistemas de Supervisão e Controle (SSC), são 
sistemas computacionais que em associação com um conjunto de sensores e 
atuadores permitem supervisionar e controlar as variáveis e os equipamentos de 
sistemas elétricos, hidráulicos, ou outro tipo de sistema através de controladores 
(drivers) específicos. 
São largamente empregados na indústria para automação de processos de 
produção, contudo também tem papel importante no setor comercial, 
principalmente para as instalações de maior porte ou que integrem grande 
número de serviços (Shoppings Centers, Aeroportos, Complexos Esportivos, 
Edifícios Comerciais de Escritórios, etc.). 
 
8.1 Conceitos básicos 
Os SSC´s geralmente podem ser divididos em 2 módulos básicos:  
Módulo desenvolvedor: voltado ao projeto e a construção do sistema, ou seja, 
programação das funções que o mesmo irá executar e do banco de dados que 
será utilizado pelo sistema. 
Módulo executável (run-time): programa que estará sendo executado no 
computador para por em funcionamento as funções que foram programadas. 
Os nomes e a metodologia de desenvolvimento variam um pouco de fabricante 
para fabricante, mas sempre são bem parecidos. 
Estes sistemas podem assumir topologia mono-posto, cliente-servidor ou 
múltiplos servidores-clientes. Atualmente tendem a migrar de protocolos de 
comunicação proprietários, como os dispositivos Controladores Programáveis 
para Automação (PACs), módulos de Entradas/Saídas remotas, Controladores 
Lógicos Programáveis (CLPs), registradores, etc, para assumirem arquiteturas 
cliente-servidor do tipo OPC (Object Linking and Embedding (OLE) for Process 
Control). 
Para desenvolver projetos de SSC´s não é necessário o conhecimento de nenhuma 
linguagem de programação em específico. A maioria dos passos de programação é 
automatizada, suprindo a maior parte das necessidades de um projeto. Em casos 
mais complexos e específicos, onde os passos não estão automatizados, alguns 
SSC´s incorporam módulos de programação em VBA (Visual Basic For 
Applications) ou VBS (Visual Basic Script). 
Em alguns casos encontram-se linguagem próprias, mas sempre parecidas com 
linguagens comerciais que já são bem conhecidas. 
",2435,"8. Sistemas de supervisão, controle e aquisição de 
dados 
Sistemas de Supervisão, Controle e Aquisição de Dados, também chamados 
SCADA (proveniente do seu nome em inglês Supervisory Control and Data 
Acquisition) ou mais simplesmente Sistemas de Supervisão e Controle (SSC), são 
sistemas computacionais que em associação com um conjunto de sensores e 
atuadores permitem supervisionar e controlar as variáveis e os equipamentos de 
sistemas elétricos, hidráulicos, ou outro tipo de sistema através de controladores 
(drivers) específicos. 
São largamente empregados na indústria para automação de processos de 
produção, contudo também tem papel importante no setor comercial, 
principalmente para as instalações de maior porte ou que integrem grande 
número de serviços (Shoppings Centers, Aeroportos, Complexos Esportivos, 
Edifícios Comerciais de Escritórios, etc.). 
 
8.1 Conceitos básicos 
Os SSC´s geralmente podem ser divididos em 2 módulos básicos: 
Módulo desenvolvedor: voltado ao projeto e a construção do sistema, ou seja, 
programação das funções que o mesmo irá executar e do banco de dados que 
será utilizado pelo sistema. 
Módulo executável (run-time): programa que estará sendo executado no 
computador para por em funcionamento as funções que foram programadas. 
Os nomes e a metodologia de desenvolvimento variam um pouco de fabricante 
para fabricante, mas sempre são bem parecidos. 
Estes sistemas podem assumir topologia mono-posto, cliente-servidor ou 
múltiplos servidores-clientes. Atualmente tendem a migrar de protocolos de 
comunicação proprietários, como os dispositivos Controladores Programáveis 
para Automação (PACs), módulos de Entradas/Saídas remotas, Controladores 
Lógicos Programáveis (CLPs), registradores, etc, para assumirem arquiteturas 
cliente-servidor do tipo OPC (Object Linking and Embedding (OLE) for Process 
Control). 
Para desenvolver projetos de SSC´s não é necessário o conhecimento de nenhuma 
linguagem de programação em específico. A maioria dos passos de programação é 
automatizada, suprindo a maior parte das necessidades de um projeto. Em casos 
mais complexos e específicos, onde os passos não estão automatizados, alguns 
SSC´s incorporam módulos de programação em VBA (Visual Basic For 
Applications) ou VBS (Visual Basic Script). 
Em alguns casos encontram-se linguagem próprias, mas sempre parecidas com 
linguagens comerciais que já são bem conhecidas.",2435,2423
06_procel_eficiencia_edificios_publicos.pdf,Guia de Eficiência Energética em Edifícios Públicos,PROCEL / Ministério de Minas e Energia,relatorio_tecnico,eficiencia_energetica,2025,vigente,guia técnico,eficiência energética em edificações públicas,130," 
110 
 
8.2 Principais aplicações 
Os SSC´s têm aplicação bastante difundida na indústria para o controle de 
processos de produção, manutenção da qualidade, redução de custos, aumento 
da eficiência entre outras finalidades. 
Nos ambientes comerciais como Shopping Centers, serviços públicos, escritórios 
entre outros ambientes não industriais, estes sistemas podem disponibilizar 
informações sobre diversos sistemas como: consumo de energia, água, 
refrigeração, telecomunicações, entre outros insumos, que são importantes para 
o acompanhamento de desempenho e o planejamento estratégico de ações para 
melhoria da eficiência e redução dos gastos para a prestação dos serviços 
ofertados. 
Quanto mais complexos e mais diversificados forem os serviços a serem 
disponibilizados, maior a importância de se ter um sistema de supervisão. 
Atualmente quase todas as instalações e prédios comerciais já dispõem de 
sistemas de supervisão para a segurança patrimonial, contudo somente os 
estabelecimentos de maior porte como shoppings e prédios inteligentes de 
escritórios possuem sistemas para supervisão do sistema elétrico, água, 
abastecimento de gás, refrigeração, fluxo de veículos no estacionamento entre 
outros serviços presentes na operação da instalação. 
Com a implantação de SSC´s busca-se, portanto, aumento da qualidade do serviço 
prestado, redução dos custos operacionais, melhor desempenho dos sistemas e 
equipamentos monitorados e o estabelecimento de uma base de dados que pode 
ser utilizada por outros sistemas, visando o acompanhamento do funcionamento 
e desempenho da instalação, bem como o planejamento estratégico de futuras 
melhorias. 
Qualidade: Através do monitoramento das variáveis de um processo produtivo, 
(pressão, temperatura, vazão, etc.) é possível determinar níveis ótimos de 
trabalho. Caso estes níveis saiam da faixa aceitável o SSC pode gerar um alarme 
na tela, alertando o operador do processo para um eventual problema. Desta 
forma, as intervenções no processo são feitas rapidamente, garantindo que o 
produto final sempre tenha as mesmas características. No caso de instalações 
comerciais a supervisão do funcionamento de equipamentos e sistemas como ar 
condicionado, distribuição de água e consumo de energia elétrica podem indicar 
anormalidades que sendo corrigidas resultem em melhor funcionamento do 
sistema e consequentemente melhoria da qualidade do serviço ofertado. 
Redução dos custos operacionais: Imagine um processo produtivo ou a prestação 
de serviço envolvendo vários instrumentos de medição. Quanto tempo e quantos 
funcionários especializados seriam necessários para percorrer todo o processo a 
fim de realizar a leitura de todos os instrumentos? Quantas planilhas seriam 
necessárias e qual a probabilidade de erros humanos? Com um SSC é possível 
centralizar toda a leitura dos instrumentos remotos, gerar gráficos de tendência e 
gráficos históricos das variáveis do processo. São necessários poucos funcionários 
",2993,"8.2 Principais aplicações 
Os SSC´s têm aplicação bastante difundida na indústria para o controle de 
processos de produção, manutenção da qualidade, redução de custos, aumento 
da eficiência entre outras finalidades. 
Nos ambientes comerciais como Shopping Centers, serviços públicos, escritórios 
entre outros ambientes não industriais, estes sistemas podem disponibilizar 
informações sobre diversos sistemas como: consumo de energia, água, 
refrigeração, telecomunicações, entre outros insumos, que são importantes para 
o acompanhamento de desempenho e o planejamento estratégico de ações para 
melhoria da eficiência e redução dos gastos para a prestação dos serviços 
ofertados. 
Quanto mais complexos e mais diversificados forem os serviços a serem 
disponibilizados, maior a importância de se ter um sistema de supervisão. 
Atualmente quase todas as instalações e prédios comerciais já dispõem de 
sistemas de supervisão para a segurança patrimonial, contudo somente os 
estabelecimentos de maior porte como shoppings e prédios inteligentes de 
escritórios possuem sistemas para supervisão do sistema elétrico, água, 
abastecimento de gás, refrigeração, fluxo de veículos no estacionamento entre 
outros serviços presentes na operação da instalação. 
Com a implantação de SSC´s busca-se, portanto, aumento da qualidade do serviço 
prestado, redução dos custos operacionais, melhor desempenho dos sistemas e 
equipamentos monitorados e o estabelecimento de uma base de dados que pode 
ser utilizada por outros sistemas, visando o acompanhamento do funcionamento 
e desempenho da instalação, bem como o planejamento estratégico de futuras 
melhorias. 
Qualidade: Através do monitoramento das variáveis de um processo produtivo, 
(pressão, temperatura, vazão, etc.) é possível determinar níveis ótimos de 
trabalho. Caso estes níveis saiam da faixa aceitável o SSC pode gerar um alarme 
na tela, alertando o operador do processo para um eventual problema. Desta 
forma, as intervenções no processo são feitas rapidamente, garantindo que o 
produto final sempre tenha as mesmas características. No caso de instalações 
comerciais a supervisão do funcionamento de equipamentos e sistemas como ar 
condicionado, distribuição de água e consumo de energia elétrica podem indicar 
anormalidades que sendo corrigidas resultem em melhor funcionamento do 
sistema e consequentemente melhoria da qualidade do serviço ofertado. 
Redução dos custos operacionais: Imagine um processo produtivo ou a prestação 
de serviço envolvendo vários instrumentos de medição. Quanto tempo e quantos 
funcionários especializados seriam necessários para percorrer todo o processo a 
fim de realizar a leitura de todos os instrumentos? Quantas planilhas seriam 
necessárias e qual a probabilidade de erros humanos? Com um SSC é possível 
centralizar toda a leitura dos instrumentos remotos, gerar gráficos de tendência e 
gráficos históricos das variáveis do processo. São necessários poucos funcionários",2993,2982
06_procel_eficiencia_edificios_publicos.pdf,Guia de Eficiência Energética em Edifícios Públicos,PROCEL / Ministério de Minas e Energia,relatorio_tecnico,eficiencia_energetica,2025,vigente,guia técnico,eficiência energética em edificações públicas,131," 
111 
 
especializados e com poucos “cliques” de mouse é possível realizar a leitura de 
todos os instrumentos envolvidos. 
Maior desempenho de produção: Através da rapidez da leitura dos instrumentos 
de campo, as intervenções necessárias podem ser feitas mais rapidamente. 
Problemas de paradas de máquinas e equipamentos por defeitos podem ser 
diagnosticados mais pontualmente e os setup´s de máquina também são 
agilizados. 
Base para outros sistemas: Os SSC´s podem coletar os dados do processo e 
armazená-los em banco de dados. Desta forma estes poderão ser utilizados para 
gerar informações importantes, sendo integrados com sistemas MES 
(Manufacturing Execution Systems), ERP, SAP, etc. Podem também fornecer 
dados em tempo real, para sistemas que realizam cálculos de OEE – Overall 
Equipment Effectiveness, sistemas SFC – Shop Floor Control, sistemas de PCP – 
Planejamento e Controle de Produção, ou similares. 
 
8.3 Principais funções 
8.3.1 Sinóticos 
Através das telas de sinóticos é que um processo ou serviço pode ser 
monitorado. Estas telas são “projetadas e desenhadas” através de um 
desenvolvedor (conforme dito anteriormente) e depois executadas através do 
módulo executável (run-time). 
 
8.3.2 Alarmes 
Os SSC´s podem ser configurados para gerar alarmes, ou seja, avisar ao usuário 
do sistema quando uma variável ou condição do processo de produção está 
fora dos valores previstos. Os alarmes são mostrados na tela em formato de 
planilhas e/ou animações na tela. 
O gerenciamento de alarmes em um SSC é um vasto tema de estudos. A 
principal questão está no fato de que a grande maioria dos SSC´s não possui 
ferramentas adequadas para o tratamento de grande quantidade de alarmes. 
Dessa forma, os operadores de sistemas, como seres humanos, possuem um 
limite de processamento de mensagens a cada intervalo de tempo. Em 
situações de estresse contínuo ou mesmo de “avalanches”, o excesso de 
mensagens geradas pode fazer com que os operadores passem a desprezá-las. 
Nesse contexto, os sistemas de supervisão deveriam fornecer mais 
ferramentas que pudessem auxiliar os operadores nesses momentos, como 
por exemplo, distinguindo quais as ações são mais importantes e devem ter 
uma resposta mais imediata, e quais têm prioridade mais baixa, por ser apenas 
consequência de outros eventos. 
 
",2330,"especializados e com poucos “cliques” de mouse é possível realizar a leitura de 
todos os instrumentos envolvidos. 
Maior desempenho de produção: Através da rapidez da leitura dos instrumentos 
de campo, as intervenções necessárias podem ser feitas mais rapidamente. 
Problemas de paradas de máquinas e equipamentos por defeitos podem ser 
diagnosticados mais pontualmente e os setup´s de máquina também são 
agilizados. 
Base para outros sistemas: Os SSC´s podem coletar os dados do processo e 
armazená-los em banco de dados. Desta forma estes poderão ser utilizados para 
gerar informações importantes, sendo integrados com sistemas MES 
(Manufacturing Execution Systems), ERP, SAP, etc. Podem também fornecer 
dados em tempo real, para sistemas que realizam cálculos de OEE – Overall 
Equipment Effectiveness, sistemas SFC – Shop Floor Control, sistemas de PCP – 
Planejamento e Controle de Produção, ou similares. 
 
8.3 Principais funções 
8.3.1 Sinóticos 
Através das telas de sinóticos é que um processo ou serviço pode ser 
monitorado. Estas telas são “projetadas e desenhadas” através de um 
desenvolvedor (conforme dito anteriormente) e depois executadas através do 
módulo executável (run-time). 
 
8.3.2 Alarmes 
Os SSC´s podem ser configurados para gerar alarmes, ou seja, avisar ao usuário 
do sistema quando uma variável ou condição do processo de produção está 
fora dos valores previstos. Os alarmes são mostrados na tela em formato de 
planilhas e/ou animações na tela. 
O gerenciamento de alarmes em um SSC é um vasto tema de estudos. A 
principal questão está no fato de que a grande maioria dos SSC´s não possui 
ferramentas adequadas para o tratamento de grande quantidade de alarmes. 
Dessa forma, os operadores de sistemas, como seres humanos, possuem um 
limite de processamento de mensagens a cada intervalo de tempo. Em 
situações de estresse contínuo ou mesmo de “avalanches”, o excesso de 
mensagens geradas pode fazer com que os operadores passem a desprezá-las. 
Nesse contexto, os sistemas de supervisão deveriam fornecer mais 
ferramentas que pudessem auxiliar os operadores nesses momentos, como 
por exemplo, distinguindo quais as ações são mais importantes e devem ter 
uma resposta mais imediata, e quais têm prioridade mais baixa, por ser apenas 
consequência de outros eventos.",2330,2317
06_procel_eficiencia_edificios_publicos.pdf,Guia de Eficiência Energética em Edifícios Públicos,PROCEL / Ministério de Minas e Energia,relatorio_tecnico,eficiencia_energetica,2025,vigente,guia técnico,eficiência energética em edificações públicas,132," 
112 
 
8.4 Relatórios 
Atualmente, os SSC´s do mercado possuem ferramentas para a geração de 
relatórios na própria estação de trabalho. 
Os relatórios mais comuns que são utilizados são: 
 Relatório de alarmes: Lista um histórico com os alarmes ocorridos durante 
uma faixa de tempo escolhida pelo operador do sistema. 
 Relatório de Acesso: Lista quais foram os usuários que acessaram o SSC ou 
modificaram algum parâmetro do processo. 
 Relatório de variáveis: Lista a alteração de variáveis ao decorrer do 
tempo/lote/período. 
Os relatórios dependem da imaginação do desenvolvedor e das necessidades do 
cliente. Lógico que deve se observar as limitações de cada SSC para a geração de 
relatórios. Geralmente não são executados relatórios “pesados” (com muitos 
cálculos e relacionamentos) dentro do SSC, pois podem afetar drasticamente o 
desempenho do sistema (que geralmente é vital para o processo industrial). 
Relatórios complexos devem ser processados por outros sistemas de informação. 
 
8.5 Gráficos Históricos 
Uma das mais interessantes funcionalidades dos SSC´s é a possibilidade de 
geração de gráficos históricos. Gráficos históricos ajudam a avaliar valores de 
variáveis ao longo do tempo de forma rápida. 
 
8.6 Tipos de comunicação e protocolos 
Meio físico: Os SSC´s necessitam de um meio físico para que seja possível a 
aquisição de dados no controlador de campo (PLC). Este meio físico geralmente 
utiliza o padrão elétrico RS232, RS485 ou ethernet. O padrão RS232 pode ser 
utilizado até uma distância máxima de 12 metros. Já o padrão RS485 pode chegar 
a uma distância de até 1200 m sem repetidores. 
Atualmente, utiliza-se em maior parte, o padrão ethernet. Chega à distância de 
até 100 m entre seguimentos com cabeamento do tipo 10BaseT. Para distância 
elevadas, utiliza-se fibra óptica. 
Protocolos: Para que haja comunicação entre o controlador de campo e o SSC não 
basta apenas o meio físico. Os dois sistemas devem utilizar o mesmo protocolo de 
comunicação. Cada fabricante de PLC tem o seu protocolo de comunicação 
proprietário. Logo, os SSC´s possuem vários drivers de comunicação, para que 
possam ser compatíveis com os protocolos adotados pela maioria dos fabricantes. 
Existem protocolos de comunicação abertos, como por exemplo, o MODBUS. 
Existe nas versões RTU (Padrão serial RS232/RS485) e TCP (Padrão Ethernet). A 
maioria dos fabricantes de PLC já implementa este protocolo de forma nativa. 
",2450,"8.4 Relatórios 
Atualmente, os SSC´s do mercado possuem ferramentas para a geração de 
relatórios na própria estação de trabalho. 
Os relatórios mais comuns que são utilizados são: 
 Relatório de alarmes: Lista um histórico com os alarmes ocorridos durante 
uma faixa de tempo escolhida pelo operador do sistema. 
 Relatório de Acesso: Lista quais foram os usuários que acessaram o SSC ou 
modificaram algum parâmetro do processo. 
 Relatório de variáveis: Lista a alteração de variáveis ao decorrer do 
tempo/lote/período. 
Os relatórios dependem da imaginação do desenvolvedor e das necessidades do 
cliente. Lógico que deve se observar as limitações de cada SSC para a geração de 
relatórios. Geralmente não são executados relatórios “pesados” (com muitos 
cálculos e relacionamentos) dentro do SSC, pois podem afetar drasticamente o 
desempenho do sistema (que geralmente é vital para o processo industrial). 
Relatórios complexos devem ser processados por outros sistemas de informação. 
 
8.5 Gráficos Históricos 
Uma das mais interessantes funcionalidades dos SSC´s é a possibilidade de 
geração de gráficos históricos. Gráficos históricos ajudam a avaliar valores de 
variáveis ao longo do tempo de forma rápida. 
 
8.6 Tipos de comunicação e protocolos 
Meio físico: Os SSC´s necessitam de um meio físico para que seja possível a 
aquisição de dados no controlador de campo (PLC). Este meio físico geralmente 
utiliza o padrão elétrico RS232, RS485 ou ethernet. O padrão RS232 pode ser 
utilizado até uma distância máxima de 12 metros. Já o padrão RS485 pode chegar 
a uma distância de até 1200 m sem repetidores. 
Atualmente, utiliza-se em maior parte, o padrão ethernet. Chega à distância de 
até 100 m entre seguimentos com cabeamento do tipo 10BaseT. Para distância 
elevadas, utiliza-se fibra óptica. 
Protocolos: Para que haja comunicação entre o controlador de campo e o SSC não 
basta apenas o meio físico. Os dois sistemas devem utilizar o mesmo protocolo de 
comunicação. Cada fabricante de PLC tem o seu protocolo de comunicação 
proprietário. Logo, os SSC´s possuem vários drivers de comunicação, para que 
possam ser compatíveis com os protocolos adotados pela maioria dos fabricantes. 
Existem protocolos de comunicação abertos, como por exemplo, o MODBUS. 
Existe nas versões RTU (Padrão serial RS232/RS485) e TCP (Padrão Ethernet). A 
maioria dos fabricantes de PLC já implementa este protocolo de forma nativa.",2450,2439
06_procel_eficiencia_edificios_publicos.pdf,Guia de Eficiência Energética em Edifícios Públicos,PROCEL / Ministério de Minas e Energia,relatorio_tecnico,eficiencia_energetica,2025,vigente,guia técnico,eficiência energética em edificações públicas,133," 
113 
 
 
8.6.1 OPC (OLE for process control) 
OPC (OLE for Process Control) é um padrão industrial publicado para 
interconectividade de sistema. As especificações deste padrão são mantidas 
pela Fundação OPC. A Fundação OPC é uma organização dedicada ao 
desenvolvimento de tecnologias aplicadas a interoperabilidade na automação, 
a fim de criar e gerenciar especificações que padronizam a comunicação das 
arquiteturas de acesso a dados on line, alarmes, registros de eventos, 
comandos e bancos de dados de diferentes equipamentos, de vários 
fabricantes que se comunicam em diferentes protocolos. Seu funcionamento é 
baseado no OLE – Object Linking and Embedding de componentes orientados a 
objeto, por meio das tecnologias COM e DCOM da Microsoft permitindo que 
aplicações troquem dados que podem ser acessados por um ou mais 
computadores que usam uma arquitetura cliente/servidor, mesmo que essas 
aplicações trabalhem sobre sistemas que utilizem protocolos diferentes. 
O OPC funciona utilizando os serviços das tecnologias OLE COM da Microsoft 
(modelo 
objeto/componente) 
e 
DCOM 
(modelo 
objeto/componente 
distribuído); a especificação define o formato padrão de objetos, interfaces e 
métodos para uso em sistemas de automação e controle que facilitam a 
interoperabilidade. As tecnologias de COM/DCOM proveram o procedimento 
padrão para criação de softwares que objetivam a integração de 
equipamentos. Com base nessa tecnologia foram criadas centenas de OPC de 
acesso a dados tanto em servidores quanto em clientes. O OPC propõe a 
interface amigável entre sistemas que trabalham usando protocolos 
diferentes. Assim, diversas aplicações recebem dados no mesmo formato da 
sua base de dados, embora a fonte desses dados possa trabalhar com um 
padrão diferente de formatação e comunicação de dados. O OPC unifica o 
padrão de comunicação de dados de controle de processo e permite que 
diferentes produtos sejam interfaceados com uma única tecnologia, 
promovendo interações dos sistemas de operação e integração de vários 
processos em um só sistema, isso com custo e tempo de implementação 
reduzidos [1]. 
O OPC permite também a “integração vertical” entre os diferentes sistemas 
dentro de uma organização. Basicamente consiste em um programa servidor, 
geralmente disponibilizado pelo próprio fabricante do PLC, que se comunica 
com o PLC através do protocolo proprietário e disponibiliza os dados no 
padrão OPC. 
O cliente, ao invés de precisar ter um driver do protocolo proprietário, 
necessita ter apenas o driver OPC client instalado. O servidor OPC pode estar 
instalado na mesma máquina que o OPC client. 
Quando o servidor e o cliente estão instalados no mesmo computador, o OPC 
utiliza o COM para estabelecer a comunicação. O COM é de fácil configuração 
",2796,"8.6.1 OPC (OLE for process control) 
OPC (OLE for Process Control) é um padrão industrial publicado para 
interconectividade de sistema. As especificações deste padrão são mantidas 
pela Fundação OPC. A Fundação OPC é uma organização dedicada ao 
desenvolvimento de tecnologias aplicadas a interoperabilidade na automação, 
a fim de criar e gerenciar especificações que padronizam a comunicação das 
arquiteturas de acesso a dados on line, alarmes, registros de eventos, 
comandos e bancos de dados de diferentes equipamentos, de vários 
fabricantes que se comunicam em diferentes protocolos. Seu funcionamento é 
baseado no OLE – Object Linking and Embedding de componentes orientados a 
objeto, por meio das tecnologias COM e DCOM da Microsoft permitindo que 
aplicações troquem dados que podem ser acessados por um ou mais 
computadores que usam uma arquitetura cliente/servidor, mesmo que essas 
aplicações trabalhem sobre sistemas que utilizem protocolos diferentes. 
O OPC funciona utilizando os serviços das tecnologias OLE COM da Microsoft 
(modelo 
objeto/componente) 
e 
DCOM 
(modelo 
objeto/componente 
distribuído); a especificação define o formato padrão de objetos, interfaces e 
métodos para uso em sistemas de automação e controle que facilitam a 
interoperabilidade. As tecnologias de COM/DCOM proveram o procedimento 
padrão para criação de softwares que objetivam a integração de 
equipamentos. Com base nessa tecnologia foram criadas centenas de OPC de 
acesso a dados tanto em servidores quanto em clientes. O OPC propõe a 
interface amigável entre sistemas que trabalham usando protocolos 
diferentes. Assim, diversas aplicações recebem dados no mesmo formato da 
sua base de dados, embora a fonte desses dados possa trabalhar com um 
padrão diferente de formatação e comunicação de dados. O OPC unifica o 
padrão de comunicação de dados de controle de processo e permite que 
diferentes produtos sejam interfaceados com uma única tecnologia, 
promovendo interações dos sistemas de operação e integração de vários 
processos em um só sistema, isso com custo e tempo de implementação 
reduzidos [1]. 
O OPC permite também a “integração vertical” entre os diferentes sistemas 
dentro de uma organização. Basicamente consiste em um programa servidor, 
geralmente disponibilizado pelo próprio fabricante do PLC, que se comunica 
com o PLC através do protocolo proprietário e disponibiliza os dados no 
padrão OPC. 
O cliente, ao invés de precisar ter um driver do protocolo proprietário, 
necessita ter apenas o driver OPC client instalado. O servidor OPC pode estar 
instalado na mesma máquina que o OPC client. 
Quando o servidor e o cliente estão instalados no mesmo computador, o OPC 
utiliza o COM para estabelecer a comunicação. O COM é de fácil configuração",2796,2783
06_procel_eficiencia_edificios_publicos.pdf,Guia de Eficiência Energética em Edifícios Públicos,PROCEL / Ministério de Minas e Energia,relatorio_tecnico,eficiencia_energetica,2025,vigente,guia técnico,eficiência energética em edificações públicas,134," 
114 
 
e relativamente rápido. Em aplicações distribuídas, o servidor e o cliente OPC 
serão instalados em computadores diferentes. Neste caso, o OPC passa a 
utilizar o DCOM. O DCOM é de configuração complicada, difícil de trabalhar em 
WAN´s, tem timeout elevado e exige configurações avançadas no firewall. 
Tipos de OPC: 
 OPC DA – 'Qual o valor da variável “x” AGORA?'; 
 OPC HDA – 'Qual o valor da variável “x” ONTEM?;' 
 OPC A&E – 'A variável “x” MUDOU!' - Trata de alarmes e eventos; 
 OPC UA: - Independe de Plataforma. 
OPC UA é a ultima evolução do OPC, que pretende unificar todas as 
especificações anteriores do OPC e não se baseia mais nas tecnologias COM e 
DCOM, ou seja, liberta-se das amarras da MicroSoft podendo basear-se em 
sistemas UNIX. 
Trabalha com tecnologia orientada para web, como SOAP, XML etc. Promete 
ser o padrão dominante nos próximos 10 anos. 
 
8.6.2 Sistema Cliente/Servidor 
Quando se deseja visualizar e controlar diferentes processos em mais de um 
local dentro de uma planta industrial, com a mesma confiabilidade e precisão 
do sistema Scada local, é necessária a implantação de um protocolo que 
possibilite a coleta de dados e o envio de informações de controle a partir de 
um sistema central. 
Assim é necessária a implantação de uma arquitetura em rede onde o SSC 
central passa ser Cliente dos sistemas Scada locais, responsáveis pelo controle 
local dos diferentes processos. Desta forma os sistemas locais passam a serem 
servidores dessa rede, permitindo que Clientes remotos se conectem a ele e 
coletem dados, alarmes e históricos dos eventos ou enviem informações de 
controle. 
O processamento dos dados do sistema que está sendo controlado fica a cargo 
do sistema Scada local, garantindo que não haverá incertezas e que o trafego 
de rede será reduzido. Neste caso o Servidor Scada local, pode ou não ter uma 
interface gráfica já que é possível a visualização de todas as suas informações 
no SSC central. 
 
8.6.3 Sistema Web Server 
De forma análoga ao sistema Cliente/Servidor, o Web Server visa disponibilizar 
os dados do processo através da rede. Porém os Clientes ao invés de 
acessarem os dados através de um software instalado na máquina, acessam o 
Servidor Scada local via browser de internet. 
",2273,"e relativamente rápido. Em aplicações distribuídas, o servidor e o cliente OPC 
serão instalados em computadores diferentes. Neste caso, o OPC passa a 
utilizar o DCOM. O DCOM é de configuração complicada, difícil de trabalhar em 
WAN´s, tem timeout elevado e exige configurações avançadas no firewall. 
Tipos de OPC: 
 OPC DA – 'Qual o valor da variável “x” AGORA?'; 
 OPC HDA – 'Qual o valor da variável “x” ONTEM?;' 
 OPC A&E – 'A variável “x” MUDOU!' - Trata de alarmes e eventos; 
 OPC UA: - Independe de Plataforma. 
OPC UA é a ultima evolução do OPC, que pretende unificar todas as 
especificações anteriores do OPC e não se baseia mais nas tecnologias COM e 
DCOM, ou seja, liberta-se das amarras da MicroSoft podendo basear-se em 
sistemas UNIX. 
Trabalha com tecnologia orientada para web, como SOAP, XML etc. Promete 
ser o padrão dominante nos próximos 10 anos. 
 
8.6.2 Sistema Cliente/Servidor 
Quando se deseja visualizar e controlar diferentes processos em mais de um 
local dentro de uma planta industrial, com a mesma confiabilidade e precisão 
do sistema Scada local, é necessária a implantação de um protocolo que 
possibilite a coleta de dados e o envio de informações de controle a partir de 
um sistema central. 
Assim é necessária a implantação de uma arquitetura em rede onde o SSC 
central passa ser Cliente dos sistemas Scada locais, responsáveis pelo controle 
local dos diferentes processos. Desta forma os sistemas locais passam a serem 
servidores dessa rede, permitindo que Clientes remotos se conectem a ele e 
coletem dados, alarmes e históricos dos eventos ou enviem informações de 
controle. 
O processamento dos dados do sistema que está sendo controlado fica a cargo 
do sistema Scada local, garantindo que não haverá incertezas e que o trafego 
de rede será reduzido. Neste caso o Servidor Scada local, pode ou não ter uma 
interface gráfica já que é possível a visualização de todas as suas informações 
no SSC central. 
 
8.6.3 Sistema Web Server 
De forma análoga ao sistema Cliente/Servidor, o Web Server visa disponibilizar 
os dados do processo através da rede. Porém os Clientes ao invés de 
acessarem os dados através de um software instalado na máquina, acessam o 
Servidor Scada local via browser de internet.",2273,2262
06_procel_eficiencia_edificios_publicos.pdf,Guia de Eficiência Energética em Edifícios Públicos,PROCEL / Ministério de Minas e Energia,relatorio_tecnico,eficiencia_energetica,2025,vigente,guia técnico,eficiência energética em edificações públicas,135," 
115 
 
Geralmente é baseado no serviço IIS do Windows e através de um activeX 
instalado no PC Cliente, pode-se visualizar as telas do processo, gerar 
relatórios e até realizar comandos no processo. Tem como vantagem a não 
necessidade de instalação de softwares adicionais no micro Cliente e pode-se 
acessar o SSC através da internet de forma fácil e segura. Permite o fácil acesso 
através de palms e celulares mais avançados. 
A principal desvantagem é a relativa perda de robustez do sistema. A 
tendência é a substituição dos Clientes normais por sistemas web. Os custos 
são menores, há menor investimento em infraestrutura e gera ótimos 
resultados. 
A figura 8.1 ilustra a diferença entre o protocolo Cliente / Servidor local e o 
Web Server. 
 
Figura 8.1 – Protocolo Cliente / Servidor local e o Web Server 
 
8.7 Confiabilidade e redundância 
Existem processos industriais que não podem parar. A parada destes processos 
pode causar prejuízos financeiros imensos ou até mesmo riscos à vida. Desta 
forma, alguns dos sistemas Scada podem ser configurados de forma redundante. 
(depende do fabricante) 
Existem inúmeros métodos de arquitetura de redundância de dados, variando de 
fabricante a fabricante de SSC. O mais utilizado é comumente chamado de hot 
standby. Existem 2 servidores, um chamado primário e outro secundário ou 
",1345,"Geralmente é baseado no serviço IIS do Windows e através de um activeX 
instalado no PC Cliente, pode-se visualizar as telas do processo, gerar 
relatórios e até realizar comandos no processo. Tem como vantagem a não 
necessidade de instalação de softwares adicionais no micro Cliente e pode-se 
acessar o SSC através da internet de forma fácil e segura. Permite o fácil acesso 
através de palms e celulares mais avançados. 
A principal desvantagem é a relativa perda de robustez do sistema. A 
tendência é a substituição dos Clientes normais por sistemas web. Os custos 
são menores, há menor investimento em infraestrutura e gera ótimos 
resultados. 
A figura 8.1 ilustra a diferença entre o protocolo Cliente / Servidor local e o 
Web Server. 
 
Figura 8.1 – Protocolo Cliente / Servidor local e o Web Server 
 
8.7 Confiabilidade e redundância 
Existem processos industriais que não podem parar. A parada destes processos 
pode causar prejuízos financeiros imensos ou até mesmo riscos à vida. Desta 
forma, alguns dos sistemas Scada podem ser configurados de forma redundante. 
(depende do fabricante) 
Existem inúmeros métodos de arquitetura de redundância de dados, variando de 
fabricante a fabricante de SSC. O mais utilizado é comumente chamado de hot 
standby. Existem 2 servidores, um chamado primário e outro secundário ou",1345,1334
06_procel_eficiencia_edificios_publicos.pdf,Guia de Eficiência Energética em Edifícios Públicos,PROCEL / Ministério de Minas e Energia,relatorio_tecnico,eficiencia_energetica,2025,vigente,guia técnico,eficiência energética em edificações públicas,136," 
116 
 
backup. Os dois sistemas possuem base de dados idênticas (planilhas de 
comunicação com o PLC). 
Quando o servidor primário está em funcionamento, os clientes requisitam dados 
deste servidor. O próprio servidor secundário também requisita os dados do 
servidor primário e deixa a sua base de dados inativa. Quando o servidor primário 
não está mais ativo, os clientes automaticamente começam a requisitar dados do 
servidor secundário (failover automático). O servidor secundário, por sua vez, 
ativa a sua base de dados local e inicia a leitura das variáveis no PLC. 
Quando o servidor primário volta à ativa, o sistema chaveia-se automaticamente, 
ou seja, volta à condição inicial.  
 
8.8 Componentes principais 
8.8.1 Banco de Dados  
Os SSC´s têm plena capacidade de armazenamento em banco de dados 
relacionais. Podem ser armazenados: 
 Dados históricos. 
 Informações Logísticas. 
 Dados de logon/logoff. 
 Outros. 
Os dados podem ser utilizados para gerar relatórios, gráficos,  entre outras 
opções. Os bancos de dados mais utilizados são o SQL Server, Oracle e mySQL. 
Em alguns casos que exijam menor complexidade pode-se utilizar o MS Access 
(porém não recomendado). Geralmente os SSC´s e DB´s encontram-se 
instalados em máquinas separadas. Porém há casos em que se utiliza o DB 
instalado localmente. 
 
8.8.2 Controlador de informações do processo (PIMS) 
Basicamente, PIMS (do inglês Process Information Management System) é um 
software que contém um repositório, onde são concentradas todas as 
informações relevantes das células de produção, diretamente ligadas aos 
sistemas de supervisão e controle. O PIMS coleta informações dos sistemas de 
supervisão, CLPs, SDCDs e as armazena em uma base de dados de tempo real. 
Tal base tem características não encontradas nos bancos de dados 
convencionais, como grande capacidade de compactação (tipicamente de 
10:1) e alta velocidade de resposta a consultas em sua base histórica. Devido a 
isto, é capaz de armazenar um grande volume de dados com recursos 
mínimos, se comparada às soluções convencionais. 
 
",2091,"backup. Os dois sistemas possuem base de dados idênticas (planilhas de 
comunicação com o PLC). 
Quando o servidor primário está em funcionamento, os clientes requisitam dados 
deste servidor. O próprio servidor secundário também requisita os dados do 
servidor primário e deixa a sua base de dados inativa. Quando o servidor primário 
não está mais ativo, os clientes automaticamente começam a requisitar dados do 
servidor secundário (failover automático). O servidor secundário, por sua vez, 
ativa a sua base de dados local e inicia a leitura das variáveis no PLC. 
Quando o servidor primário volta à ativa, o sistema chaveia-se automaticamente, 
ou seja, volta à condição inicial. 
 
8.8 Componentes principais 
8.8.1 Banco de Dados 
Os SSC´s têm plena capacidade de armazenamento em banco de dados 
relacionais. Podem ser armazenados: 
 Dados históricos. 
 Informações Logísticas. 
 Dados de logon/logoff. 
 Outros. 
Os dados podem ser utilizados para gerar relatórios, gráficos, entre outras 
opções. Os bancos de dados mais utilizados são o SQL Server, Oracle e mySQL. 
Em alguns casos que exijam menor complexidade pode-se utilizar o MS Access 
(porém não recomendado). Geralmente os SSC´s e DB´s encontram-se 
instalados em máquinas separadas. Porém há casos em que se utiliza o DB 
instalado localmente. 
 
8.8.2 Controlador de informações do processo (PIMS) 
Basicamente, PIMS (do inglês Process Information Management System) é um 
software que contém um repositório, onde são concentradas todas as 
informações relevantes das células de produção, diretamente ligadas aos 
sistemas de supervisão e controle. O PIMS coleta informações dos sistemas de 
supervisão, CLPs, SDCDs e as armazena em uma base de dados de tempo real. 
Tal base tem características não encontradas nos bancos de dados 
convencionais, como grande capacidade de compactação (tipicamente de 
10:1) e alta velocidade de resposta a consultas em sua base histórica. Devido a 
isto, é capaz de armazenar um grande volume de dados com recursos 
mínimos, se comparada às soluções convencionais.",2091,2075
06_procel_eficiencia_edificios_publicos.pdf,Guia de Eficiência Energética em Edifícios Públicos,PROCEL / Ministério de Minas e Energia,relatorio_tecnico,eficiencia_energetica,2025,vigente,guia técnico,eficiência energética em edificações públicas,137," 
117 
 
8.9 Aplicação: controladores de demanda 
O controle de variação da demanda em uma instalação possibilita a redução dos 
custos com a energia, uma vez que em muitos casos os picos de demanda 
poderiam ser evitados, sem prejuízo ao bom funcionamento da instalação. 
Conforme apresentado na figura 8.2, para a execução desse controle existem 
equipamentos e sistemas de monitoramento que permitem ao administrador da 
instalação acompanhar e intervir no funcionamento das cargas em tempo real. 
 
Figura 8.2 – Controladores CCK – www.cck.com.br 
 
Os sistemas de gerenciamento da energia possuem controladores de demanda 
ligados às principais cargas da instalação, prioritariamente àquelas que não 
representam imediata alteração na operação usual do sistema, como, por 
exemplo, sistemas de ar-condicionado, bombas compensadoras de nível e 
bombas de esgoto, manobrando suas entradas e saídas de forma equilibrada a fim 
de se evitar os picos nos valores da demanda a ser medida pela concessionária de 
energia. 
A concessionária de energia cobra mensalmente, em sua fatura de energia, pelo 
maior valor de demanda registrada ao longo dos intervalos de medição de 15 min 
em 15 min. Os valores de demanda tendem a se manter em uma média de acordo 
com a forma de operação da instalação. 
A curva de carga permite ao administrador da instalação verificar o perfil de sua 
demanda ao longo do dia, identificando os períodos de maior e menor valor e o 
momento onde ocorrem os picos de demanda. Para formação dessa base 
estatística da variação da demanda pode-se solicitar à concessionária de energia 
uma memória de massa do medidor. Os equipamentos controladores de 
demanda também efetuam medições e possibilitam a extração dos dados 
monitorados e a confecção de gráficos e planilhas de acompanhamento. 
 
 
",1818,"8.9 Aplicação: controladores de demanda 
O controle de variação da demanda em uma instalação possibilita a redução dos 
custos com a energia, uma vez que em muitos casos os picos de demanda 
poderiam ser evitados, sem prejuízo ao bom funcionamento da instalação. 
Conforme apresentado na figura 8.2, para a execução desse controle existem 
equipamentos e sistemas de monitoramento que permitem ao administrador da 
instalação acompanhar e intervir no funcionamento das cargas em tempo real. 
 
Figura 8.2 – Controladores CCK – 
 
Os sistemas de gerenciamento da energia possuem controladores de demanda 
ligados às principais cargas da instalação, prioritariamente àquelas que não 
representam imediata alteração na operação usual do sistema, como, por 
exemplo, sistemas de ar-condicionado, bombas compensadoras de nível e 
bombas de esgoto, manobrando suas entradas e saídas de forma equilibrada a fim 
de se evitar os picos nos valores da demanda a ser medida pela concessionária de 
energia. 
A concessionária de energia cobra mensalmente, em sua fatura de energia, pelo 
maior valor de demanda registrada ao longo dos intervalos de medição de 15 min 
em 15 min. Os valores de demanda tendem a se manter em uma média de acordo 
com a forma de operação da instalação. 
A curva de carga permite ao administrador da instalação verificar o perfil de sua 
demanda ao longo do dia, identificando os períodos de maior e menor valor e o 
momento onde ocorrem os picos de demanda. Para formação dessa base 
estatística da variação da demanda pode-se solicitar à concessionária de energia 
uma memória de massa do medidor. Os equipamentos controladores de 
demanda também efetuam medições e possibilitam a extração dos dados 
monitorados e a confecção de gráficos e planilhas de acompanhamento.",1818,1788
06_procel_eficiencia_edificios_publicos.pdf,Guia de Eficiência Energética em Edifícios Públicos,PROCEL / Ministério de Minas e Energia,relatorio_tecnico,eficiencia_energetica,2025,vigente,guia técnico,eficiência energética em edificações públicas,138," 
118 
 
Figura 8.3 – Gráficos com dados de medição. 
 
Uma vez estabelecida a variação da demanda, em função do regime operacional 
da instalação, é então informado ao controlador de demanda o valor máximo 
estabelecido e as cargas que poderão ser desligadas momentaneamente sem 
prejudicar o andamento do regime de operação da instalação, porém evitando 
que a demanda máxima estabelecida seja ultrapassada. 
A instalação destes equipamentos de controle de demanda oferece ainda outras 
possibilidades, tais como o controle automático dos bancos de capacitores 
(mantendo sempre o fator de potência da instalação dentro do valor mínimo 
estabelecido de 0,92), medições de parâmetros elétricos em pontos 
estabelecidos, elaboração de gráficos etc. Alguns destes equipamentos possuem 
entradas de pulsos, que podem ser utilizadas para receber pulsos proporcionais, 
além do consumo de energia elétrica, para variação de vazão, de pressão, de 
temperatura etc. 
 
Figura 8.4 – Sistemas de controle com CCK 6500. 
 
8.10 Estimativa de custo 
O custo de um SSC é determinado a partir de uma análise de fatores como: 
número de pontos monitorados e controlados; complexidade das funções a serem 
executadas; grau de confiabilidade e redundância desejado; tamanho e tipo dos 
dados que deverão ser armazenados pelo banco de dados; requisitos e projeto 
adotado para a camada física (hardware). 
Dentre estes componentes, um dos mais difíceis de serem mensurados para a 
determinação de custo é sem dúvida o sistema computacional que deverá lidar 
",1542,"Figura 8.3 – Gráficos com dados de medição. 
 
Uma vez estabelecida a variação da demanda, em função do regime operacional 
da instalação, é então informado ao controlador de demanda o valor máximo 
estabelecido e as cargas que poderão ser desligadas momentaneamente sem 
prejudicar o andamento do regime de operação da instalação, porém evitando 
que a demanda máxima estabelecida seja ultrapassada. 
A instalação destes equipamentos de controle de demanda oferece ainda outras 
possibilidades, tais como o controle automático dos bancos de capacitores 
(mantendo sempre o fator de potência da instalação dentro do valor mínimo 
estabelecido de 0,92), medições de parâmetros elétricos em pontos 
estabelecidos, elaboração de gráficos etc. Alguns destes equipamentos possuem 
entradas de pulsos, que podem ser utilizadas para receber pulsos proporcionais, 
além do consumo de energia elétrica, para variação de vazão, de pressão, de 
temperatura etc. 
 
Figura 8.4 – Sistemas de controle com CCK 6500. 
 
8.10 Estimativa de custo 
O custo de um SSC é determinado a partir de uma análise de fatores como: 
número de pontos monitorados e controlados; complexidade das funções a serem 
executadas; grau de confiabilidade e redundância desejado; tamanho e tipo dos 
dados que deverão ser armazenados pelo banco de dados; requisitos e projeto 
adotado para a camada física (hardware). 
Dentre estes componentes, um dos mais difíceis de serem mensurados para a 
determinação de custo é sem dúvida o sistema computacional que deverá lidar",1542,1531
06_procel_eficiencia_edificios_publicos.pdf,Guia de Eficiência Energética em Edifícios Públicos,PROCEL / Ministério de Minas e Energia,relatorio_tecnico,eficiencia_energetica,2025,vigente,guia técnico,eficiência energética em edificações públicas,139," 
119 
 
com a complexidade das funções a serem executadas. Isto porque em termos de 
custo é muito mais simples determinar a parte física, ou seja, preço dos 
equipamentos e serviço de instalação dos mesmos, do que avaliar o esforço de 
desenvolvimento e programação das funções computacionais que implementarão 
de fato o sistema de supervisão e controle. 
Conforme indicado pela própria definição, a essência de um sistema de supervisão 
está na parte computacional, ou seja, na parte do software que irá executar as 
funções desejadas. Portanto, para se determinar o custo de um SSC 
primeiramente deve-se quantificar a sua complexidade, o que nem sempre é 
simples e objetivo, levando à necessidade de se aplicar uma metodologia 
padronizada que possa permitir a quantificação da complexidade de um 
determinado sistema. 
A partir de estudos para a criação de uma metodologia para se determinar a 
complexidade de determinado sistema computacional, chegou-se a uma proposta 
conhecida como Análise por Ponto de Função (APF) e que atualmente tem sido 
bastante difundida. 
 
8.11 Análise de Pontos de Função (APF) 
A Análise de Pontos de Função (APF) é uma medida de tamanho de claro 
significado ao nível do negócio. A APF foi divulgada pela primeira vez por Allan 
Albrecht da IBM em 1979. A APF quantifica as funções contidas no software em 
termos significativos para os respectivos usuários. A medida relaciona-se 
diretamente aos requisitos do negócio que o software pretende tratar. Dessa 
forma, a APF é imediatamente aplicável a um amplo espectro de ambientes e ao 
longo da vida de um projeto de desenvolvimento, desde a definição inicial dos 
requisitos até a fase de plena utilização operacional. Também podem ser 
derivadas outras medidas úteis ao negócio, tais como a produtividade do 
processo de desenvolvimento e o custo unitário de suporte ao software. 
A própria medida em pontos de função é derivada segundo um certo número de 
etapas. De acordo com um conjunto de critérios padronizados, é atribuído um 
índice numérico a cada uma das funções do negócio, conforme os respectivos tipo 
e complexidade. Tais índices são totalizados, de modo a fornecer uma medida 
inicial de tamanho, a qual é então normalizada, através da incorporação de um 
conjunto de fatores relacionados ao software como um todo. O resultado final é 
um único número, chamado o índice de Pontos de Função, que mede o tamanho 
e complexidade do produto de software. 
Em resumo, Análise de Pontos de Função (APF) é uma técnica para a medição de 
projetos de desenvolvimento de software, visando estabelecer uma medida de 
tamanho, em Pontos de Função (PF), considerando a funcionalidade 
implementada, sob o ponto de vista do usuário. A medida é independente da 
linguagem de programação ou da tecnologia que será usada para implementação. 
Portanto, a técnica de pontos de função fornece uma medida objetiva e 
",2905,"com a complexidade das funções a serem executadas. Isto porque em termos de 
custo é muito mais simples determinar a parte física, ou seja, preço dos 
equipamentos e serviço de instalação dos mesmos, do que avaliar o esforço de 
desenvolvimento e programação das funções computacionais que implementarão 
de fato o sistema de supervisão e controle. 
Conforme indicado pela própria definição, a essência de um sistema de supervisão 
está na parte computacional, ou seja, na parte do software que irá executar as 
funções desejadas. Portanto, para se determinar o custo de um SSC 
primeiramente deve-se quantificar a sua complexidade, o que nem sempre é 
simples e objetivo, levando à necessidade de se aplicar uma metodologia 
padronizada que possa permitir a quantificação da complexidade de um 
determinado sistema. 
A partir de estudos para a criação de uma metodologia para se determinar a 
complexidade de determinado sistema computacional, chegou-se a uma proposta 
conhecida como Análise por Ponto de Função (APF) e que atualmente tem sido 
bastante difundida. 
 
8.11 Análise de Pontos de Função (APF) 
A Análise de Pontos de Função (APF) é uma medida de tamanho de claro 
significado ao nível do negócio. A APF foi divulgada pela primeira vez por Allan 
Albrecht da IBM em 1979. A APF quantifica as funções contidas no software em 
termos significativos para os respectivos usuários. A medida relaciona-se 
diretamente aos requisitos do negócio que o software pretende tratar. Dessa 
forma, a APF é imediatamente aplicável a um amplo espectro de ambientes e ao 
longo da vida de um projeto de desenvolvimento, desde a definição inicial dos 
requisitos até a fase de plena utilização operacional. Também podem ser 
derivadas outras medidas úteis ao negócio, tais como a produtividade do 
processo de desenvolvimento e o custo unitário de suporte ao software. 
A própria medida em pontos de função é derivada segundo um certo número de 
etapas. De acordo com um conjunto de critérios padronizados, é atribuído um 
índice numérico a cada uma das funções do negócio, conforme os respectivos tipo 
e complexidade. Tais índices são totalizados, de modo a fornecer uma medida 
inicial de tamanho, a qual é então normalizada, através da incorporação de um 
conjunto de fatores relacionados ao software como um todo. O resultado final é 
um único número, chamado o índice de Pontos de Função, que mede o tamanho 
e complexidade do produto de software. 
Em resumo, Análise de Pontos de Função (APF) é uma técnica para a medição de 
projetos de desenvolvimento de software, visando estabelecer uma medida de 
tamanho, em Pontos de Função (PF), considerando a funcionalidade 
implementada, sob o ponto de vista do usuário. A medida é independente da 
linguagem de programação ou da tecnologia que será usada para implementação. 
Portanto, a técnica de pontos de função fornece uma medida objetiva e",2905,2894
06_procel_eficiencia_edificios_publicos.pdf,Guia de Eficiência Energética em Edifícios Públicos,PROCEL / Ministério de Minas e Energia,relatorio_tecnico,eficiencia_energetica,2025,vigente,guia técnico,eficiência energética em edificações públicas,140," 
120 
 
comparável que auxilia a avaliação, planejamento, gerência e controle da 
produção de software. 
Sob esse contexto, os objetivos da APF são: 
 Medir a funcionalidade solicitada pelo usuário, antes do projeto de 
software, de forma a estimar seu tamanho e seu custo; 
 Medir projetos de desenvolvimento e manutenção de software, 
independentemente da tecnologia utilizada na implementação, de forma 
a acompanhar sua evolução; 
 Medir a funcionalidade recebida pelo usuário, após o projeto de software, 
de forma a verificar seu tamanho e custo, comparando-os com o que foi 
originalmente estimado. 
 
As organizações podem aplicar a Análise de Pontos por Função como: 
 Uma ferramenta para determinar o tamanho de pacotes de software 
adquiridos, através da contagem de todos os Pontos por Função incluídos 
no pacote; 
 Uma ferramenta para apoiar a análise da qualidade e da produtividade; 
 Um mecanismo para estimar custos e recursos envolvidos em projetos de 
desenvolvimento e manutenção de software; 
 Um fator de normalização para comparação de software. 
 
 
 
 
 
 
 
 
",1095,"comparável que auxilia a avaliação, planejamento, gerência e controle da 
produção de software. 
Sob esse contexto, os objetivos da APF são: 
 Medir a funcionalidade solicitada pelo usuário, antes do projeto de 
software, de forma a estimar seu tamanho e seu custo; 
 Medir projetos de desenvolvimento e manutenção de software, 
independentemente da tecnologia utilizada na implementação, de forma 
a acompanhar sua evolução; 
 Medir a funcionalidade recebida pelo usuário, após o projeto de software, 
de forma a verificar seu tamanho e custo, comparando-os com o que foi 
originalmente estimado. 
 
As organizações podem aplicar a Análise de Pontos por Função como: 
 Uma ferramenta para determinar o tamanho de pacotes de software 
adquiridos, através da contagem de todos os Pontos por Função incluídos 
no pacote; 
 Uma ferramenta para apoiar a análise da qualidade e da produtividade; 
 Um mecanismo para estimar custos e recursos envolvidos em projetos de 
desenvolvimento e manutenção de software; 
 Um fator de normalização para comparação de software.",1095,1068
06_procel_eficiencia_edificios_publicos.pdf,Guia de Eficiência Energética em Edifícios Públicos,PROCEL / Ministério de Minas e Energia,relatorio_tecnico,eficiencia_energetica,2025,vigente,guia técnico,eficiência energética em edificações públicas,141," 
121 
 
8.12 Referências 
1. Iwanitz F., Lange J. (2006). OPC - Fundamentals, Implementation and 
Application. 3rd ed.. Hüthig Fachverlag. Germany. 
 
 
",154,"8.12 Referências 
1. Iwanitz F., Lange J. (2006). OPC - Fundamentals, Implementation and 
Application. 3rd ed.. Hüthig Fachverlag. Germany.",154,139
06_procel_eficiencia_edificios_publicos.pdf,Guia de Eficiência Energética em Edifícios Públicos,PROCEL / Ministério de Minas e Energia,relatorio_tecnico,eficiencia_energetica,2025,vigente,guia técnico,eficiência energética em edificações públicas,142," 
122 
 
9. Plano de medição e verificação 
9.1 Introdução 
Um plano de Medição e Verificação (M&V) tem por objetivo determinar de modo 
seguro a economia real de energia obtida dentro de uma instalação após a 
implementação das Ações de Eficiência Energética12 – AEEs. A metodologia para a 
determinação da economia obtida deve estar baseada no Protocolo Internacional 
de Medição e Verificação de Performance – PIMVP (Fontes de consulta: Efficiency 
Valuation Organization - EVO; Agência Nacional de Energia Elétrica - Aneel). 
A economia de energia não pode ser medida diretamente, uma vez que a 
economia representa a ausência do consumo de energia, deve ser calculada 
comparando-se o consumo de energia medido antes e depois da implementação 
das AEEs, com ajustes adequados, tendo em conta alterações nas condições de 
uso da energia. 
 
9.2 Limites de Medição 
O limite de medição estabelece uma fronteira fictícia, onde todos os consumos de 
energia dos equipamentos ou sistemas em análise devem ser medidos ou 
estimados. Desta forma é perceptível que a economia pode ser determinada para 
toda uma instalação ou simplesmente para parte dela, dependendo do objetivo. 
Se o objetivo for determinar a economia global de uma instalação, os medidores 
que medem o fornecimento de energia da instalação poderão ser utilizados para 
avaliar o desempenho energético e a economia. Neste caso o limite de medição 
engloba toda a instalação. 
Se a medição for apenas de sistemas ou equipamentos específicos, deverá ser 
estabelecido um limite de medição em torno destes. Esta situação representa 
uma medição isolada. 
Em situações onde os dados dos períodos antes ou após as AEEs não são de 
confiança ou não estão disponíveis, dados energéticos de um programa de 
simulação calibrada podem substituir os dados em falta, para toda ou apenas 
parte da instalação. 
 
9.3 Períodos de medição 
Os períodos de medição de energia antes e após as AEEs, denominados 
respectivamente de período de referência e período de determinação da 
economia, devem ser selecionados cuidadosamente. 
                                                          
12 Esta expressão é normalmente utilizada para significar: medidas que melhoram a 
eficiência , conservam energia ou água, ou gerenciam a demanda. 
",2289,"9. Plano de medição e verificação 
9.1 Introdução 
Um plano de Medição e Verificação (M&V) tem por objetivo determinar de modo 
seguro a economia real de energia obtida dentro de uma instalação após a 
implementação das Ações de Eficiência Energética12 – AEEs. A metodologia para a 
determinação da economia obtida deve estar baseada no Protocolo Internacional 
de Medição e Verificação de Performance – PIMVP (Fontes de consulta: Efficiency 
Valuation Organization - EVO; Agência Nacional de Energia Elétrica - Aneel). 
A economia de energia não pode ser medida diretamente, uma vez que a 
economia representa a ausência do consumo de energia, deve ser calculada 
comparando-se o consumo de energia medido antes e depois da implementação 
das AEEs, com ajustes adequados, tendo em conta alterações nas condições de 
uso da energia. 
 
9.2 Limites de Medição 
O limite de medição estabelece uma fronteira fictícia, onde todos os consumos de 
energia dos equipamentos ou sistemas em análise devem ser medidos ou 
estimados. Desta forma é perceptível que a economia pode ser determinada para 
toda uma instalação ou simplesmente para parte dela, dependendo do objetivo. 
Se o objetivo for determinar a economia global de uma instalação, os medidores 
que medem o fornecimento de energia da instalação poderão ser utilizados para 
avaliar o desempenho energético e a economia. Neste caso o limite de medição 
engloba toda a instalação. 
Se a medição for apenas de sistemas ou equipamentos específicos, deverá ser 
estabelecido um limite de medição em torno destes. Esta situação representa 
uma medição isolada. 
Em situações onde os dados dos períodos antes ou após as AEEs não são de 
confiança ou não estão disponíveis, dados energéticos de um programa de 
simulação calibrada podem substituir os dados em falta, para toda ou apenas 
parte da instalação. 
 
9.3 Períodos de medição 
Os períodos de medição de energia antes e após as AEEs, denominados 
respectivamente de período de referência e período de determinação da 
economia, devem ser selecionados cuidadosamente. 
 
12 Esta expressão é normalmente utilizada para significar: medidas que melhoram a 
eficiência, conservam energia ou água, ou gerenciam a demanda.",2289,2220
06_procel_eficiencia_edificios_publicos.pdf,Guia de Eficiência Energética em Edifícios Públicos,PROCEL / Ministério de Minas e Energia,relatorio_tecnico,eficiencia_energetica,2025,vigente,guia técnico,eficiência energética em edificações públicas,143," 
123 
 
Período de referência: Este período deve representar relativamente bem, todas 
as condições de funcionamento de uma instalação, cobrindo um ciclo completo 
de funcionamento (consumo máximo e mínimo de energia). Devem ser utilizados 
apenas períodos de tempo para os quais sejam conhecidos todos os fatores 
relativos à instalação, fixos e variáveis, que regem a economia. 
É importante que este período coincida com o período imediatamente anterior ao 
compromisso de implantação das AEEs. Períodos distantes podem não 
representar as condições existentes antes da reforma, e, por conseguinte, 
poderiam não fornecer um período de referência adequado. 
 Período de determinação da economia: O período de determinação da 
economia deve englobar no mínimo um ciclo completo de funcionamento 
normal do sistema ou equipamento, para caracterizar completamente a 
eficácia da economia em todos os modos de funcionamento normais. Este 
período pode ter duração fixa ou indeterminada e a medição poderá ser 
desde instantânea a contínua.  
 
9.4 Cálculo da economia 
A economia obtida com as AEEs é obtida utilizando-se a equação 10.1: 
Economia=(consumo ou demanda durante o período de referência-
 
consumo ou demanda durante o período de determinação da 
 
economia)±ajustes de rotina±ajustes não de rotina 
(10.1) 
 
Onde: 
Ajustes de rotina: fatores que interferem no consumo da energia, os quais se 
espera que mudem periodicamente durante o período de determinação de 
economia (clima, quantidade de pessoas trabalhando, etc.). 
Ajustes não de rotina: fatores que interferem no consumo de energia, os quais 
não existem expectativa de que mudem habitualmente (tamanho da instalação, 
quantidade de pessoas trabalhando, etc.). 
 
9.5 Opções de medição para um Plano de M&V 
O PIMVP apresenta quatro opções sobre como pode ser realizada a Medição e 
Verificação. A seguir, são apresentadas, resumidamente, cada uma delas: 
Opção A – Medição isolada da AEE (medição dos parâmetros-chave): Com a 
Opção A, os consumos de energia podem ser derivados de um cálculo, usando-se 
uma combinação de medições de alguns parâmetros e estimativas dos outros. 
Tais estimativas devem apenas ser usadas onde se possa mostrar que a incerteza 
combinada de todas não afetará significativamente a economia global. As 
estimativas podem ser baseadas em dados históricos, tais como as horas de 
",2384,"Período de referência: Este período deve representar relativamente bem, todas 
as condições de funcionamento de uma instalação, cobrindo um ciclo completo 
de funcionamento (consumo máximo e mínimo de energia). Devem ser utilizados 
apenas períodos de tempo para os quais sejam conhecidos todos os fatores 
relativos à instalação, fixos e variáveis, que regem a economia. 
É importante que este período coincida com o período imediatamente anterior ao 
compromisso de implantação das AEEs. Períodos distantes podem não 
representar as condições existentes antes da reforma, e, por conseguinte, 
poderiam não fornecer um período de referência adequado. 
 Período de determinação da economia: O período de determinação da 
economia deve englobar no mínimo um ciclo completo de funcionamento 
normal do sistema ou equipamento, para caracterizar completamente a 
eficácia da economia em todos os modos de funcionamento normais. Este 
período pode ter duração fixa ou indeterminada e a medição poderá ser 
desde instantânea a contínua. 
 
9.4 Cálculo da economia 
A economia obtida com as AEEs é obtida utilizando-se a equação 10.1: 
Economia=(consumo ou demanda durante o período de referência-
 
consumo ou demanda durante o período de determinação da 
 
economia)±ajustes de rotina±ajustes não de rotina 
(10.1) 
 
Onde: 
Ajustes de rotina: fatores que interferem no consumo da energia, os quais se 
espera que mudem periodicamente durante o período de determinação de 
economia (clima, quantidade de pessoas trabalhando, etc.). 
Ajustes não de rotina: fatores que interferem no consumo de energia, os quais 
não existem expectativa de que mudem habitualmente (tamanho da instalação, 
quantidade de pessoas trabalhando, etc.). 
 
9.5 Opções de medição para um Plano de M&V 
O PIMVP apresenta quatro opções sobre como pode ser realizada a Medição e 
Verificação. A seguir, são apresentadas, resumidamente, cada uma delas: 
Opção A – Medição isolada da AEE (medição dos parâmetros-chave): Com a 
Opção A, os consumos de energia podem ser derivados de um cálculo, usando-se 
uma combinação de medições de alguns parâmetros e estimativas dos outros. 
Tais estimativas devem apenas ser usadas onde se possa mostrar que a incerteza 
combinada de todas não afetará significativamente a economia global. As 
estimativas podem ser baseadas em dados históricos, tais como as horas de",2384,2372
06_procel_eficiencia_edificios_publicos.pdf,Guia de Eficiência Energética em Edifícios Públicos,PROCEL / Ministério de Minas e Energia,relatorio_tecnico,eficiencia_energetica,2025,vigente,guia técnico,eficiência energética em edificações públicas,144," 
124 
 
funcionamento registradas do período de referência, dados publicados dos 
fabricantes dos equipamentos, testes laboratoriais, ou dados típicos do clima. 
O uso desta opção pode ser menos dispendiosa do que nas outras opções, uma 
vez que o custo de estimar um parâmetro é muitas vezes significativamente 
menor do que o custo da medição. No entanto, em algumas situações em que a 
estimativa é a única possibilidade, uma boa estimativa pode ser mais dispendiosa 
do que a medição direta. 
 Aplicações típicas: Um exemplo de aplicação típica é a revitalização de 
um sistema de iluminação onde a potência requerida, medida 
periodicamente, é o parâmetro-chave de desempenho energético. As 
horas de funcionamento da iluminação são calculadas com base nos 
horários de funcionamento do edifício e no comportamento dos 
ocupantes. 
 
Opção B – Medição isolada da AEE (medição de todos os parâmetros): Esta 
opção requer a medição de todos os parâmetros necessários para calcular a 
energia, ou de todos os consumos de energia. 
A economia proporcionada pela maior parte dos tipos de AEEs pode ser 
determinada com a Opção B. No entanto, o grau de dificuldade e os custos 
aumentam em função do aumento da complexidade da medição. Os métodos da 
Opção B serão geralmente mais difíceis e dispendiosos do que os da Opção A. 
Todavia, a Opção B produzirá resultados mais precisos. 
 Aplicações típicas: Um exemplo de aplicação típica é a aplicação de 
variador de frequência e controle de motor para ajustar o fluxo da bomba. 
Deve-se medir o consumo de energia elétrica através de um analisador de 
energia tanto no período de referência quanto no período de 
determinação da economia. 
 
Opção C – Toda a instalação: A Opção C implica a utilização de medidores da 
concessionária, medidores de toda a instalação, ou submedidores, para avaliar o 
desempenho energético de toda a instalação. A fronteira de medição inclui toda a 
instalação ou parte desta. Esta Opção determina a economia coletiva de todas as 
AEEs aplicadas à parte da instalação monitorada pelo medidor de energia. 
 Aplicações típicas: A Opção C aplica-se melhor onde: existem muitos tipos 
de AEEs em uma instalação, as técnicas de medição isoladas de AEE 
(Opção A ou B) são excessivamente complexas e a utilização de programa 
de gestão de energia multifacetado, afetando muitos sistemas em uma 
instalação.  
 
Opção D – Simulação calibrada: A economia é determinada através da utilização 
de um software de simulação computadorizada a fim de prever o consumo de 
energia da instalação para um ou ambos os termos da equação utilizada para 
",2619,"funcionamento registradas do período de referência, dados publicados dos 
fabricantes dos equipamentos, testes laboratoriais, ou dados típicos do clima. 
O uso desta opção pode ser menos dispendiosa do que nas outras opções, uma 
vez que o custo de estimar um parâmetro é muitas vezes significativamente 
menor do que o custo da medição. No entanto, em algumas situações em que a 
estimativa é a única possibilidade, uma boa estimativa pode ser mais dispendiosa 
do que a medição direta. 
 Aplicações típicas: Um exemplo de aplicação típica é a revitalização de 
um sistema de iluminação onde a potência requerida, medida 
periodicamente, é o parâmetro-chave de desempenho energético. As 
horas de funcionamento da iluminação são calculadas com base nos 
horários de funcionamento do edifício e no comportamento dos 
ocupantes. 
 
Opção B – Medição isolada da AEE (medição de todos os parâmetros): Esta 
opção requer a medição de todos os parâmetros necessários para calcular a 
energia, ou de todos os consumos de energia. 
A economia proporcionada pela maior parte dos tipos de AEEs pode ser 
determinada com a Opção B. No entanto, o grau de dificuldade e os custos 
aumentam em função do aumento da complexidade da medição. Os métodos da 
Opção B serão geralmente mais difíceis e dispendiosos do que os da Opção A. 
Todavia, a Opção B produzirá resultados mais precisos. 
 Aplicações típicas: Um exemplo de aplicação típica é a aplicação de 
variador de frequência e controle de motor para ajustar o fluxo da bomba. 
Deve-se medir o consumo de energia elétrica através de um analisador de 
energia tanto no período de referência quanto no período de 
determinação da economia. 
 
Opção C – Toda a instalação: A Opção C implica a utilização de medidores da 
concessionária, medidores de toda a instalação, ou submedidores, para avaliar o 
desempenho energético de toda a instalação. A fronteira de medição inclui toda a 
instalação ou parte desta. Esta Opção determina a economia coletiva de todas as 
AEEs aplicadas à parte da instalação monitorada pelo medidor de energia. 
 Aplicações típicas: A Opção C aplica-se melhor onde: existem muitos tipos 
de AEEs em uma instalação, as técnicas de medição isoladas de AEE 
(Opção A ou B) são excessivamente complexas e a utilização de programa 
de gestão de energia multifacetado, afetando muitos sistemas em uma 
instalação. 
 
Opção D – Simulação calibrada: A economia é determinada através da utilização 
de um software de simulação computadorizada a fim de prever o consumo de 
energia da instalação para um ou ambos os termos da equação utilizada para",2619,2607
06_procel_eficiencia_edificios_publicos.pdf,Guia de Eficiência Energética em Edifícios Públicos,PROCEL / Ministério de Minas e Energia,relatorio_tecnico,eficiencia_energetica,2025,vigente,guia técnico,eficiência energética em edificações públicas,145," 
125 
 
determinar a economia. Esta opção requer bastante conhecimento de simulações 
calibradas. 
 Aplicações típicas: Uma aplicação típica ocorre quando da instalação de 
um sistema múltiplo de gerenciamento de energia em uma instalação, do 
qual não se podem obter dados consistentes para a geração de uma base. 
Neste caso o consumo do período de determinação de economia é 
determinado através dos medidores da concessionária, por exemplo, e o 
consumo do período de referência é calibrado com base nestes dados 
após a implementação das medidas. 
 
9.6 Seleção da melhor opção 
A escolha da Opção a ser utilizada, dentre as quatro existentes no PIMVP, é uma 
decisão tomada pelo técnico responsável pela elaboração do plano de M&V, com 
base em todo o conjunto de condições de projeto, análises, orçamentos, e 
avaliação profissional.  
É impossível generalizar acerca da melhor opção apresentada no PIMVP para 
qualquer tipo de situação. No entanto, algumas características chaves do projeto 
sugerem opções frequentes mais favorecidas, mostradas na tabela 9.1. 
 
Tabela 9.1 – Características chave das Opções existentes no PIMVP 
 
",1143,"determinar a economia. Esta opção requer bastante conhecimento de simulações 
calibradas. 
 Aplicações típicas: Uma aplicação típica ocorre quando da instalação de 
um sistema múltiplo de gerenciamento de energia em uma instalação, do 
qual não se podem obter dados consistentes para a geração de uma base. 
Neste caso o consumo do período de determinação de economia é 
determinado através dos medidores da concessionária, por exemplo, e o 
consumo do período de referência é calibrado com base nestes dados 
após a implementação das medidas. 
 
9.6 Seleção da melhor opção 
A escolha da Opção a ser utilizada, dentre as quatro existentes no PIMVP, é uma 
decisão tomada pelo técnico responsável pela elaboração do plano de M&V, com 
base em todo o conjunto de condições de projeto, análises, orçamentos, e 
avaliação profissional. 
É impossível generalizar acerca da melhor opção apresentada no PIMVP para 
qualquer tipo de situação. No entanto, algumas características chaves do projeto 
sugerem opções frequentes mais favorecidas, mostradas na tabela 9.1. 
 
Tabela 9.1 – Características chave das Opções existentes no PIMVP",1143,1129
06_procel_eficiencia_edificios_publicos.pdf,Guia de Eficiência Energética em Edifícios Públicos,PROCEL / Ministério de Minas e Energia,relatorio_tecnico,eficiencia_energetica,2025,vigente,guia técnico,eficiência energética em edificações públicas,146," 
126 
 
9.7 Referências 
1. Protocolo Internacional de Medição e Verificação de Performance – 
PIMVP, Conceitos e Opções para a Determinação de Economias de 
Energia e de Água – Volume 1, setembro de 2010. 
 
 
 
 
 
",218,"9.7 Referências 
1. Protocolo Internacional de Medição e Verificação de Performance – 
PIMVP, Conceitos e Opções para a Determinação de Economias de 
Energia e de Água – Volume 1, setembro de 2010.",218,197
06_procel_eficiencia_edificios_publicos.pdf,Guia de Eficiência Energética em Edifícios Públicos,PROCEL / Ministério de Minas e Energia,relatorio_tecnico,eficiencia_energetica,2025,vigente,guia técnico,eficiência energética em edificações públicas,147," 
127 
 
10. Análise Econômica em Conservação de Energia 
Qualquer que seja a decisão de investimento em alternativas e projetos de 
economia e uso eficiente de energia elétrica é necessário submeter as alternativas 
possíveis à análise de viabilidade técnica e econômica. 
Os índices que melhor expressam a atratividade, ou não, do investimento em 
eficiência energética são: o valor presente líquido, o valor anual líquido, a taxa 
interna de retorno e o tempo de retorno do capital (payback). 
No capítulo 6 do livro Conservação de Energia 
– 
Eficiência 
Energética 
de 
Equipamentos e Instalações a forma de utilização destes índices para análise da 
viabilidade econômica do projeto de eficiência energética é mostrada 
detalhadamente. 
 
 
 
 
 
 
 
",757,"10. Análise Econômica em Conservação de Energia 
Qualquer que seja a decisão de investimento em alternativas e projetos de 
economia e uso eficiente de energia elétrica é necessário submeter as alternativas 
possíveis à análise de viabilidade técnica e econômica. 
Os índices que melhor expressam a atratividade, ou não, do investimento em 
eficiência energética são: o valor presente líquido, o valor anual líquido, a taxa 
interna de retorno e o tempo de retorno do capital (payback). 
No capítulo 6 do livro Conservação de Energia 
– 
Eficiência 
Energética 
de 
Equipamentos e Instalações a forma de utilização destes índices para análise da 
viabilidade econômica do projeto de eficiência energética é mostrada 
detalhadamente.",757,732
06_procel_eficiencia_edificios_publicos.pdf,Guia de Eficiência Energética em Edifícios Públicos,PROCEL / Ministério de Minas e Energia,relatorio_tecnico,eficiencia_energetica,2025,vigente,guia técnico,eficiência energética em edificações públicas,148," 
128 
 
Parte III – Procedimentos para Contratações 
1. Introdução 
A realização de reformas em edificações da administração pública requer atenção 
para diversos aspectos, entre os quais destaca-se o fiel cumprimento da legislação 
em vigor. As contratações para fins de aumento da eficiência energética em 
prédios públicos não se excluem desses procedimentos, porém, por suas 
especificidades, merecem considerações adicionais por parte do gestor público, 
para que o efeito desejado seja plenamente obtido. O sucesso de uma 
revitalização energética (processo de retrofit) depende da correta especificação, 
contratação e acompanhamento de diversas etapas, desde o diagnóstico 
energético até a medição e verificação dos resultados. Nesta parte do manual, 
pretende-se alertar os gestores (tanto o profissional responsável pelos editais 
para contratação de serviços de engenharia quanto o encarregado da 
manutenção e operação da edificação) para alguns aspectos básicos da 
contratação de serviços de conservação de energia, procurando fornecer critérios 
e sugestões de procedimentos que propiciem o melhor resultado final. 
Partindo-se do pressuposto de que a legislação básica de contratação de serviços 
é de amplo conhecimento dos gestores públicos em geral, neste manual será 
dado destaque a procedimentos e técnicas relativas à seleção de métodos, 
equipamentos e sistemas que devem, sempre que possível, ser incluídos nos 
editais ou chamadas públicas para contratação de serviços de eficiência 
energética. 
 
2. Formas de contratação 
Neste item, são abordadas as principais etapas a serem contratadas em projetos 
de revitalização típicos em edificações públicas. 
Em geral, identificam-se cinco etapas distintas em ciclo completo de revitalização 
para fins de aumento da eficiência energética. São elas: 
1. Diagnóstico energético 
2. Elaboração de projeto básico 
3. Elaboração de projeto executivo 
4. Execução das obras 
5. Fiscalização e acompanhamento dos resultados 
 
Existem várias possibilidades de agrupamento nas contratações das etapas 1 a 5, 
além, é claro, da realização de 5 contratações individuais. Contudo, a experiência 
",2161,"Parte III – Procedimentos para Contratações 
1. Introdução 
A realização de reformas em edificações da administração pública requer atenção 
para diversos aspectos, entre os quais destaca-se o fiel cumprimento da legislação 
em vigor. As contratações para fins de aumento da eficiência energética em 
prédios públicos não se excluem desses procedimentos, porém, por suas 
especificidades, merecem considerações adicionais por parte do gestor público, 
para que o efeito desejado seja plenamente obtido. O sucesso de uma 
revitalização energética (processo de retrofit) depende da correta especificação, 
contratação e acompanhamento de diversas etapas, desde o diagnóstico 
energético até a medição e verificação dos resultados. Nesta parte do manual, 
pretende-se alertar os gestores (tanto o profissional responsável pelos editais 
para contratação de serviços de engenharia quanto o encarregado da 
manutenção e operação da edificação) para alguns aspectos básicos da 
contratação de serviços de conservação de energia, procurando fornecer critérios 
e sugestões de procedimentos que propiciem o melhor resultado final. 
Partindo-se do pressuposto de que a legislação básica de contratação de serviços 
é de amplo conhecimento dos gestores públicos em geral, neste manual será 
dado destaque a procedimentos e técnicas relativas à seleção de métodos, 
equipamentos e sistemas que devem, sempre que possível, ser incluídos nos 
editais ou chamadas públicas para contratação de serviços de eficiência 
energética. 
 
2. Formas de contratação 
Neste item, são abordadas as principais etapas a serem contratadas em projetos 
de revitalização típicos em edificações públicas. 
Em geral, identificam-se cinco etapas distintas em ciclo completo de revitalização 
para fins de aumento da eficiência energética. São elas: 
1. Diagnóstico energético 
2. Elaboração de projeto básico 
3. Elaboração de projeto executivo 
4. Execução das obras 
5. Fiscalização e acompanhamento dos resultados 
 
Existem várias possibilidades de agrupamento nas contratações das etapas 1 a 5, 
além, é claro, da realização de 5 contratações individuais. Contudo, a experiência",2161,2150
06_procel_eficiencia_edificios_publicos.pdf,Guia de Eficiência Energética em Edifícios Públicos,PROCEL / Ministério de Minas e Energia,relatorio_tecnico,eficiencia_energetica,2025,vigente,guia técnico,eficiência energética em edificações públicas,149," 
129 
 
de trabalhos anteriores do Cepel e de outras instituições tem indicado que uma 
boa abordagem seria o seguinte agrupamento: 
 Contratação conjunta do diagnóstico energético e da elaboração do 
projeto básico, podendo incluir ainda a posterior fiscalização; 
 Contratação do projeto executivo; 
 Contratação da execução das obras. 
 
As razões para este procedimento são: 
 Reduzir o número de editais ou chamadas para serviços, preservando, no 
entanto, a necessária independência entre a concepção do projeto, 
detalhamento e execução. 
 Permitir flexibilidade de opções na execução das obras, através da 
contratação em separado e modular do projeto executivo. 
 Delegar a fiscalização e o acompanhamento a quem concebeu o projeto, 
permitindo o fechamento do ciclo concepção-realização-verificação sem 
perda de qualidade. Embora seja possível a contratação de uma quarta 
parte independente para a fiscalização, entende-se que este agente pode 
não deter todo o conhecimento técnico e o nível de detalhamento 
necessário ao acompanhamento das soluções propostas desde a etapa do 
diagnóstico. Também são reduzidos os problemas de comunicação entre 
as partes, falhas de documentação e os atrasos decorrentes da seleção de 
uma entidade adicional somente para fiscalização, entre outras 
vantagens. 
 
3. Características 
importantes 
e 
recomendações 
relativas às principais etapas 
3.1 Diagnóstico energético e projeto básico 
O diagnóstico energético deve ser tão abrangente quanto possível, considerando 
o melhor da técnica disponível, tanto para identificação de oportunidades de 
economia, quanto para a elaboração de um “leque de opções” de procedimentos 
e tecnologias para redução do consumo energético. No Quadro 1 apresenta-se o 
sumário de um relatório de diagnóstico energético típico, referente ao trabalho 
realizado pelo Cepel em uma edificação pública.  
 
 
",1896,"de trabalhos anteriores do Cepel e de outras instituições tem indicado que uma 
boa abordagem seria o seguinte agrupamento: 
 Contratação conjunta do diagnóstico energético e da elaboração do 
projeto básico, podendo incluir ainda a posterior fiscalização; 
 Contratação do projeto executivo; 
 Contratação da execução das obras. 
 
As razões para este procedimento são: 
 Reduzir o número de editais ou chamadas para serviços, preservando, no 
entanto, a necessária independência entre a concepção do projeto, 
detalhamento e execução. 
 Permitir flexibilidade de opções na execução das obras, através da 
contratação em separado e modular do projeto executivo. 
 Delegar a fiscalização e o acompanhamento a quem concebeu o projeto, 
permitindo o fechamento do ciclo concepção-realização-verificação sem 
perda de qualidade. Embora seja possível a contratação de uma quarta 
parte independente para a fiscalização, entende-se que este agente pode 
não deter todo o conhecimento técnico e o nível de detalhamento 
necessário ao acompanhamento das soluções propostas desde a etapa do 
diagnóstico. Também são reduzidos os problemas de comunicação entre 
as partes, falhas de documentação e os atrasos decorrentes da seleção de 
uma entidade adicional somente para fiscalização, entre outras 
vantagens. 
 
3. Características 
importantes 
e 
recomendações 
relativas às principais etapas 
3.1 Diagnóstico energético e projeto básico 
O diagnóstico energético deve ser tão abrangente quanto possível, considerando 
o melhor da técnica disponível, tanto para identificação de oportunidades de 
economia, quanto para a elaboração de um “leque de opções” de procedimentos 
e tecnologias para redução do consumo energético. No Quadro 1 apresenta-se o 
sumário de um relatório de diagnóstico energético típico, referente ao trabalho 
realizado pelo Cepel em uma edificação pública.",1896,1880
06_procel_eficiencia_edificios_publicos.pdf,Guia de Eficiência Energética em Edifícios Públicos,PROCEL / Ministério de Minas e Energia,relatorio_tecnico,eficiencia_energetica,2025,vigente,guia técnico,eficiência energética em edificações públicas,150," 
130 
 
Quadro 1 – Exemplo de itemização (sumário) de um relatório de diagnóstico 
energético.  
1. RESUMO EXECUTIVO 
1.1 
INTRODUÇÃO 
1.1.1 
Contextualização 
1.1.2 
Descrição da Edificação 
1.1.3 
Localização 
1.1.3.1 
Características construtivas 
1.1.3.2 
Operação 
1.2 
SISTEMAS ESTUDADOS 
1.3 
METODOLOGIA 
1.4 
RESULTADOS 
1.4.1 
Sistema de ar condicionado 
1.4.2 
Sistema de Iluminação 
1.4.3 
Análise energética e tarifária 
1.4.4 
Análise do uso da água 
2. GERENCIAMENTO ENERGÉTICO 
2.1 
CONCEITUAÇÃO 
2.2 
ESPECIFICIDADES DA EDIFICAÇÃO 
3. SISTEMA DE AR CONDICIONADO 
3.1 
INTRODUÇÃO 
3.2 
OBJETIVO 
3.3 
METODOLOGIA 
3.3.1 
Estimativa da carga térmica global do prédio 
3.3.2 
Testes em vidros das janelas 
3.4 
ALTERNATIVAS ESTUDADAS 
3.5 
SISTEMAS CENTRAIS DE CLIMATIZAÇÃO 
3.6 
SISTEMAS UNITÁRIOS OTIMIZADOS 
3.6.1 
Estimativa da carga térmica global do prédio 
3.6.2 
Redução nos custos de investimentos com a compra de equipamentos de ar condicionado 
otimizados 
3.7 
TROCA DOS EQUIPAMENTOS CONSIDERADOS OBSOLETOS POR EQUIPAMENTOS OTIMIZADOS E 
EFICIENTES 
3.8 
APLICAÇÕES DE PINTURA DE COR CLARA NAS EMPENAS CEGAS DO PRÉDIO 
3.9 
OUTRAS RECOMENDAÇÕES 
3.10 CONCLUSÕES E RECOMENDAÇÕES 
4. SISTEMA DE ILUMINAÇÃO 
4.1 
INTRODUÇÃO 
4.2 
METODOLOGIA ADOTADA 
4.3 
RESULTADOS DA SIMULAÇÃO DO SISTEMA DE ILUMINAÇÃO EFICIENTE EXISTENTE NA EDIFICAÇÃO 
4.4 
ESTUDO DE REVITALIZAÇÃO DO SISTEMA DE ILUMINAÇÃO COM LUMINÁRIAS PARA LÂMPADAS 
MODELO T5 DE 28W 
4.5 
COMENTÁRIOS E SUGESTÕES 
5. ANÁLISE DE ENERGIA E TARIFAÇÃO 
5.1 
INTRODUÇÃO 
5.2 
DESCRIÇÃO DO SISTEMA ANALISADO 
5.2.1 
Enquadramento tarifário 
5.2.2 
Sistemas de medição e de distribuição 
5.2.3 
Resumo das contas de energia elétrica 
5.2.4 
Perfil de consumo de energia elétrica 
5.3 
ESTUDO DA DEMANDA ÓTIMA 
5.3.1 
Medições realizadas 
5.3.2 
Simulações 
5.4 
ANÁLISE DOS DADOS 
5.5 
CONCLUSÕES E RECOMENDAÇÕES 
6. USO DA ÁGUA 
6.1 
CONTEXTUALIZAÇÃO 
6.2 
ANÁLISES DAS INFORMAÇÕES DISPONÍVEIS 
6.3 
INFORMAÇÕES IMPORTANTES 
6.3.1 
Uso de torneiras 
6.3.1.1 
Outras informações relevantes 
6.3.2 
Uso de descarga sanitária 
6.3.2.1 
Outras informações relevantes 
6.4 
CONCLUSÕES E RECOMENDAÇÕES 
ANEXOS 
",2181,"Quadro 1 – Exemplo de itemização (sumário) de um relatório de diagnóstico 
energético. 
1. RESUMO EXECUTIVO 
1.1 
INTRODUÇÃO 
1.1.1 
Contextualização 
1.1.2 
Descrição da Edificação 
1.1.3 
Localização 
1.1.3.1 
Características construtivas 
1.1.3.2 
Operação 
1.2 
SISTEMAS ESTUDADOS 
1.3 
METODOLOGIA 
1.4 
RESULTADOS 
1.4.1 
Sistema de ar condicionado 
1.4.2 
Sistema de Iluminação 
1.4.3 
Análise energética e tarifária 
1.4.4 
Análise do uso da água 
2. GERENCIAMENTO ENERGÉTICO 
2.1 
CONCEITUAÇÃO 
2.2 
ESPECIFICIDADES DA EDIFICAÇÃO 
3. SISTEMA DE AR CONDICIONADO 
3.1 
INTRODUÇÃO 
3.2 
OBJETIVO 
3.3 
METODOLOGIA 
3.3.1 
Estimativa da carga térmica global do prédio 
3.3.2 
Testes em vidros das janelas 
3.4 
ALTERNATIVAS ESTUDADAS 
3.5 
SISTEMAS CENTRAIS DE CLIMATIZAÇÃO 
3.6 
SISTEMAS UNITÁRIOS OTIMIZADOS 
3.6.1 
Estimativa da carga térmica global do prédio 
3.6.2 
Redução nos custos de investimentos com a compra de equipamentos de ar condicionado 
otimizados 
3.7 
TROCA DOS EQUIPAMENTOS CONSIDERADOS OBSOLETOS POR EQUIPAMENTOS OTIMIZADOS E 
EFICIENTES 
3.8 
APLICAÇÕES DE PINTURA DE COR CLARA NAS EMPENAS CEGAS DO PRÉDIO 
3.9 
OUTRAS RECOMENDAÇÕES 
3.10 CONCLUSÕES E RECOMENDAÇÕES 
4. SISTEMA DE ILUMINAÇÃO 
4.1 
INTRODUÇÃO 
4.2 
METODOLOGIA ADOTADA 
4.3 
RESULTADOS DA SIMULAÇÃO DO SISTEMA DE ILUMINAÇÃO EFICIENTE EXISTENTE NA EDIFICAÇÃO 
4.4 
ESTUDO DE REVITALIZAÇÃO DO SISTEMA DE ILUMINAÇÃO COM LUMINÁRIAS PARA LÂMPADAS 
MODELO T5 DE 28W 
4.5 
COMENTÁRIOS E SUGESTÕES 
5. ANÁLISE DE ENERGIA E TARIFAÇÃO 
5.1 
INTRODUÇÃO 
5.2 
DESCRIÇÃO DO SISTEMA ANALISADO 
5.2.1 
Enquadramento tarifário 
5.2.2 
Sistemas de medição e de distribuição 
5.2.3 
Resumo das contas de energia elétrica 
5.2.4 
Perfil de consumo de energia elétrica 
5.3 
ESTUDO DA DEMANDA ÓTIMA 
5.3.1 
Medições realizadas 
5.3.2 
Simulações 
5.4 
ANÁLISE DOS DADOS 
5.5 
CONCLUSÕES E RECOMENDAÇÕES 
6. USO DA ÁGUA 
6.1 
CONTEXTUALIZAÇÃO 
6.2 
ANÁLISES DAS INFORMAÇÕES DISPONÍVEIS 
6.3 
INFORMAÇÕES IMPORTANTES 
6.3.1 
Uso de torneiras 
6.3.1.1 
Outras informações relevantes 
6.3.2 
Uso de descarga sanitária 
6.3.2.1 
Outras informações relevantes 
6.4 
CONCLUSÕES E RECOMENDAÇÕES 
ANEXOS",2181,2169
06_procel_eficiencia_edificios_publicos.pdf,Guia de Eficiência Energética em Edifícios Públicos,PROCEL / Ministério de Minas e Energia,relatorio_tecnico,eficiencia_energetica,2025,vigente,guia técnico,eficiência energética em edificações públicas,151," 
131 
 
 
O diagnóstico deve ser realizado considerando ainda os limites explicitados na 
contratação, tais como: 
 Definição prévia das áreas a serem abordadas (por exemplo: identificar 
oportunidades de economia de energia na envoltória da edificação, nos 
sistemas de iluminação, no ar-condicionado, equipamentos de escritório, 
transporte vertical, sistemas de bombeamento etc); 
 Exclusão de áreas sensíveis (segurança), de uso específico ou que já 
tenham sido objeto de revitalização recente; 
 Limites operacionais (horários para realização das medições e acesso aos 
ambientes de trabalho); 
 Limites orçamentários ou de prazos para execução. 
 
Cada alternativa técnica e economicamente viável13 deve ser apresentada no 
relatório do diagnóstico, com seus custos/benefícios associados, prazos estimados 
para execução e tempo de retorno do investimento para cada opção. 
No relatório do diagnóstico energético também deverão ser apontados os 
procedimentos para medição e verificação dos resultados previstos. Por exemplo, 
devem ser mencionados os pontos de medição, os tipos de instrumentos 
recomendados, os períodos de medição e as variáveis a serem acompanhadas, 
entre outros parâmetros. Recomenda-se a adoção, sempre que possível, do 
Protocolo Internacional de Medição e Verificação de Performance – PIMVP/2012 
(Fontes de consulta: Efficiency Valuation Organization - EVO; Agência Nacional de 
Energia Elétrica - Aneel).  
Na contratação do diagnóstico energético é recomendável que seja solicitada a 
classificação da edificação segundo os critérios do sistema de etiquetagem de 
edificações comerciais e de serviços do PBE14- Procel/Inmetro. É desejável que 
seja fornecida a classificação obtida nas condições originais (antes da 
revitalização) e as classificações decorrentes das medidas de revitalização 
propostas, individualmente e no conjunto. Assim, poderíamos ter, entre os 
resultados esperados do diagnóstico, uma tabela com um resumo de 
classificações semelhante ao apresentado na Tabela 1. Nesse resumo, a cada linha 
da tabela inclui-se uma melhoria na classificação (iluminação, ar-condicionado ou 
envoltória), de forma que na última linha seja apresentada a melhor classificação 
possível para a edificação. 
 
 
                                                          
13 Devem ser levadas em conta, na seleção de alternativas, as recomendações da Instrução 
Normativa Nº 2, de 4 de junho de 2014, do Ministério do Planejamento, Orçamento e 
Gestão. 
14 Programa Brasileiro de Etiquetagem 
",2537,"O diagnóstico deve ser realizado considerando ainda os limites explicitados na 
contratação, tais como: 
 Definição prévia das áreas a serem abordadas (por exemplo: identificar 
oportunidades de economia de energia na envoltória da edificação, nos 
sistemas de iluminação, no ar-condicionado, equipamentos de escritório, 
transporte vertical, sistemas de bombeamento etc); 
 Exclusão de áreas sensíveis (segurança), de uso específico ou que já 
tenham sido objeto de revitalização recente; 
 Limites operacionais (horários para realização das medições e acesso aos 
ambientes de trabalho); 
 Limites orçamentários ou de prazos para execução. 
 
Cada alternativa técnica e economicamente viável13 deve ser apresentada no 
relatório do diagnóstico, com seus custos/benefícios associados, prazos estimados 
para execução e tempo de retorno do investimento para cada opção. 
No relatório do diagnóstico energético também deverão ser apontados os 
procedimentos para medição e verificação dos resultados previstos. Por exemplo, 
devem ser mencionados os pontos de medição, os tipos de instrumentos 
recomendados, os períodos de medição e as variáveis a serem acompanhadas, 
entre outros parâmetros. Recomenda-se a adoção, sempre que possível, do 
Protocolo Internacional de Medição e Verificação de Performance – PIMVP/2012 
(Fontes de consulta: Efficiency Valuation Organization - EVO; Agência Nacional de 
Energia Elétrica - Aneel). 
Na contratação do diagnóstico energético é recomendável que seja solicitada a 
classificação da edificação segundo os critérios do sistema de etiquetagem de 
edificações comerciais e de serviços do PBE14- Procel/Inmetro. É desejável que 
seja fornecida a classificação obtida nas condições originais (antes da 
revitalização) e as classificações decorrentes das medidas de revitalização 
propostas, individualmente e no conjunto. Assim, poderíamos ter, entre os 
resultados esperados do diagnóstico, uma tabela com um resumo de 
classificações semelhante ao apresentado na Tabela 1. Nesse resumo, a cada linha 
da tabela inclui-se uma melhoria na classificação (iluminação, ar-condicionado ou 
envoltória), de forma que na última linha seja apresentada a melhor classificação 
possível para a edificação. 
 
 
 
13 Devem ser levadas em conta, na seleção de alternativas, as recomendações da Instrução 
Normativa Nº 2, de 4 de junho de 2014, do Ministério do Planejamento, Orçamento e 
Gestão. 
14 Programa Brasileiro de Etiquetagem",2537,2466
06_procel_eficiencia_edificios_publicos.pdf,Guia de Eficiência Energética em Edifícios Públicos,PROCEL / Ministério de Minas e Energia,relatorio_tecnico,eficiencia_energetica,2025,vigente,guia técnico,eficiência energética em edificações públicas,152," 
132 
 
Tabela 1 – Exemplo de resumo das classificações segundo o regulamento da 
etiquetagem de edificações 
 
Classificação 
geral da 
edificação 
Classificação 
da envoltória 
Classificação 
do sistema de 
iluminação 
Classificação do 
sistema de ar-
condicionado 
Classificação 
original (pré-
revitalização) 
C 
C 
D 
C 
Classificação 
com reforma 
da iluminação 
e envoltória 
B 
B 
C 
C 
Classificação 
com reforma 
do ar-
condicionado 
e envoltória 
B 
B 
D 
B 
Classificação 
com reforma 
da iluminação, 
ar-
condicionado 
e envoltória* 
A 
B 
B 
B 
*Utilizando pontuação adicional por bonificação 
Fonte: relatório de etiquetagem do nível de eficiência energética do prédio do 
Ministério de Minas e Energia – UnB/LACAM – Autor: Amorim, Cláudia et al. 
 
No exemplo da Tabela 1, observa-se que a classificação geral máxima foi “A”. Isto 
nem sempre é possível nos casos de reformas de edificações antigas, em que 
algumas soluções necessárias à classificação na nota máxima podem ser inviáveis 
do ponto de vista técnico ou simplesmente antieconômicas nos prazos esperados. 
Há casos de instalações que apresentam limitações físicas para a instalação de 
determinados sistemas de ar-condicionado, assim como podem existir 
impedimentos incontornáveis de ordem arquitetônica em fachadas, ou de 
materiais construtivos da envoltória, por exemplo. Podem ocorrer também 
impedimentos legais por força de tombamento como patrimônio histórico. Todos 
esses fatores podem reduzir o “leque de opções” para redução de consumo 
energético, limitando a nota máxima a ser obtida pela edificação. 
O projeto básico deve refletir fielmente as economias de energia identificadas no 
diagnóstico energético. Deve fornecer elementos para a contratação do projeto 
executivo, preferencialmente de forma modular, evitando o atrelamento de 
propostas entre si. 
A elaboração do projeto básico só deve ocorrer após a aprovação, pela 
administração da edificação, das medidas consideradas convenientes dentre as 
sugeridas no relatório do diagnóstico energético. Desta forma, restringe-se a 
",2081,"Tabela 1 – Exemplo de resumo das classificações segundo o regulamento da 
etiquetagem de edificações 
 
Classificação 
geral da 
edificação 
Classificação 
da envoltória 
Classificação 
do sistema de 
iluminação 
Classificação do 
sistema de ar-
condicionado 
Classificação 
original (pré-
revitalização) 
C 
C 
D 
C 
Classificação 
com reforma 
da iluminação 
e envoltória 
B 
B 
C 
C 
Classificação 
com reforma 
do ar-
condicionado 
e envoltória 
B 
B 
D 
B 
Classificação 
com reforma 
da iluminação, 
ar-
condicionado 
e envoltória* 
A 
B 
B 
B 
*Utilizando pontuação adicional por bonificação 
Fonte: relatório de etiquetagem do nível de eficiência energética do prédio do 
Ministério de Minas e Energia – UnB/LACAM – Autor: Amorim, Cláudia et al. 
 
No exemplo da Tabela 1, observa-se que a classificação geral máxima foi “A”. Isto 
nem sempre é possível nos casos de reformas de edificações antigas, em que 
algumas soluções necessárias à classificação na nota máxima podem ser inviáveis 
do ponto de vista técnico ou simplesmente antieconômicas nos prazos esperados. 
Há casos de instalações que apresentam limitações físicas para a instalação de 
determinados sistemas de ar-condicionado, assim como podem existir 
impedimentos incontornáveis de ordem arquitetônica em fachadas, ou de 
materiais construtivos da envoltória, por exemplo. Podem ocorrer também 
impedimentos legais por força de tombamento como patrimônio histórico. Todos 
esses fatores podem reduzir o “leque de opções” para redução de consumo 
energético, limitando a nota máxima a ser obtida pela edificação. 
O projeto básico deve refletir fielmente as economias de energia identificadas no 
diagnóstico energético. Deve fornecer elementos para a contratação do projeto 
executivo, preferencialmente de forma modular, evitando o atrelamento de 
propostas entre si. 
A elaboração do projeto básico só deve ocorrer após a aprovação, pela 
administração da edificação, das medidas consideradas convenientes dentre as 
sugeridas no relatório do diagnóstico energético. Desta forma, restringe-se a",2081,2070
06_procel_eficiencia_edificios_publicos.pdf,Guia de Eficiência Energética em Edifícios Públicos,PROCEL / Ministério de Minas e Energia,relatorio_tecnico,eficiencia_energetica,2025,vigente,guia técnico,eficiência energética em edificações públicas,153," 
133 
 
elaboração de cálculos e especificações adicionais àquelas medidas de real 
interesse da administração. 
Quadro 2 – Exemplo de tabela com opções de retrofit em relatório de diagnóstico 
energético – sistemas de iluminação 
 
 
Quadro 3 – Exemplo de tabela com opções de retrofit em relatório de diagnóstico 
energético – sistemas de ar condicionado 
 
 
A administração ou o coordenador do projeto de revitalização pode estabelecer 
critérios de atratividade para inclusão das medidas de eficiência energética no 
projeto básico. Estes critérios podem ser baseados no tempo máximo aceitável de 
retorno do investimento, em uma taxa interna de retorno limite, em um capital 
máximo a ser investido etc. No caso do Quadro 2, por exemplo, se houvesse uma 
determinação de tempo máximo de retorno de 2 anos, apenas os ambientes 7 e 8 
seriam incluídos na elaboração de um projeto básico de revitalização da 
edificação em questão. 
Medida 
Investimento 
(x 1000 R$) 
Economia anual 
(x 1000 R$) 
Payback 
(meses) 
A - Elevação do set point 
nos fins de semana 
 
0,00 
28,6 
Imediato 
B - Substituição do chiller X 
 
100,0 
21,3 
57 
C - Troca de bombas para o 
chiller X 
 
2,5 
8,7 
4 
Local 
Potencial de 
redução 
(%) 
Potencial de 
redução 
(MWh/ano) 
Investimento 
necessário 
(1000 R$) 
Tempo de 
retorno estimado 
(anos) 
Ambiente 1 
4,4 
8,95 
55,4 
> 10 
Ambiente 2 
38,6 
148,18 
173,6 
4,7 
Ambiente 3  
36,6 
149,45 
145,3 
3,9 
Ambiente 4 
31,5 
45,88 
60,7 
5,3 
Ambiente 5 
47,6 
52,78 
56,4 
4,3 
Ambiente 6 
28,2 
3,25 
6,2 
7,7 
Ambiente 7 
60,2 
189,43 
84,9 
1,8 
Ambiente 8 
52,8 
6,02 
2,1 
1,4 
Ambiente 9 
24,3 
4,87 
15,0 
> 10 
",1662,"elaboração de cálculos e especificações adicionais àquelas medidas de real 
interesse da administração. 
Quadro 2 – Exemplo de tabela com opções de retrofit em relatório de diagnóstico 
energético – sistemas de iluminação 
 
 
Quadro 3 – Exemplo de tabela com opções de retrofit em relatório de diagnóstico 
energético – sistemas de ar condicionado 
 
 
A administração ou o coordenador do projeto de revitalização pode estabelecer 
critérios de atratividade para inclusão das medidas de eficiência energética no 
projeto básico. Estes critérios podem ser baseados no tempo máximo aceitável de 
retorno do investimento, em uma taxa interna de retorno limite, em um capital 
máximo a ser investido etc. No caso do Quadro 2, por exemplo, se houvesse uma 
determinação de tempo máximo de retorno de 2 anos, apenas os ambientes 7 e 8 
seriam incluídos na elaboração de um projeto básico de revitalização da 
edificação em questão. 
Medida 
Investimento 
(x 1000 R$) 
Economia anual 
(x 1000 R$) 
Payback 
(meses) 
A - Elevação do set point 
nos fins de semana 
 
0,00 
28,6 
Imediato 
B - Substituição do chiller X 
 
100,0 
21,3 
 
C - Troca de bombas para o 
chiller X 
 
2,5 
8,7 
 
Local 
Potencial de 
redução 
(%) 
Potencial de 
redução 
(MWh/ano) 
Investimento 
necessário 
(1000 R$) 
Tempo de 
retorno estimado 
(anos) 
Ambiente 1 
4,4 
8,95 
55,4 
> 10 
Ambiente 2 
38,6 
148,18 
173,6 
4,7 
Ambiente 3 
36,6 
149,45 
145,3 
3,9 
Ambiente 4 
31,5 
45,88 
60,7 
5,3 
Ambiente 5 
47,6 
52,78 
56,4 
4,3 
Ambiente 6 
28,2 
3,25 
6,2 
7,7 
Ambiente 7 
60,2 
189,43 
84,9 
1,8 
Ambiente 8 
52,8 
6,02 
2,1 
1,4 
Ambiente 9 
24,3 
4,87 
15,0 
> 10",1662,1647
06_procel_eficiencia_edificios_publicos.pdf,Guia de Eficiência Energética em Edifícios Públicos,PROCEL / Ministério de Minas e Energia,relatorio_tecnico,eficiencia_energetica,2025,vigente,guia técnico,eficiência energética em edificações públicas,154," 
134 
 
Existem também as medidas com retorno imediato, sem investimentos, como é o 
caso da medida “A” (elevação de setpoint) apresentada no exemplo do Quadro 3. 
 
3.2 Projeto executivo 
O projeto executivo consiste no detalhamento das opções definidas no projeto 
básico, considerando as condições de implementação, interferências entre 
sistemas, detalhes operacionais da obra, especificações completas de 
equipamentos, componentes, acessórios e sistemas. Deve também contemplar os 
cronogramas de execução e de desembolsos e estar de acordo com as normas 
pertinentes da Associação Brasileira de Normas Técnicas – ABNT. 
Deve ser dedicada especial atenção, nesta etapa, à documentação de cada 
projeto, inclusive com as memórias de cálculo correspondentes. Esta 
documentação será de fundamental importância para a manutenção e possíveis 
alterações futuras na edificação. 
Também nesta etapa é importante manter a modularidade das opções 
apresentadas, uma vez que, por questões orçamentárias, pode não ser possível 
implementar todas as medidas previstas no projeto básico de uma só vez. Por 
outro lado, é preciso cuidado na postergação da implementação de determinadas 
medidas, pois estas podem perder sentido com o passar do tempo. Isto pode 
ocorrer tanto pela obsolescência das tecnologias propostas (por exemplo: 
iluminação fluorescente versus iluminação a LED) quanto pela modificação das 
condições de contorno encontradas no diagnóstico e consideradas no projeto 
básico. 
 
3.3 Principais requisitos considerados nos projetos básicos e 
nos projetos executivos de obras e serviços 
Nos projetos básicos e projetos executivos de obras e serviços serão considerados 
principalmente os seguintes requisitos: 
 Segurança; 
 Funcionalidade e adequação ao interesse público; 
 Economia na execução, conservação e operação; 
 Possibilidade de emprego de mão de obra, materiais, tecnologia e 
matérias-primas existentes no local para execução, conservação e 
operação; 
 Facilidade na execução, conservação e operação, sem prejuízo da 
durabilidade da obra ou do serviço; 
 Adoção das normas técnicas, de saúde e de segurança do trabalho 
adequadas; 
 Impacto ambiental. 
Fonte: Lei 8.666/93, art.12. 
 
",2224,"Existem também as medidas com retorno imediato, sem investimentos, como é o 
caso da medida “A” (elevação de setpoint) apresentada no exemplo do Quadro 3. 
 
3.2 Projeto executivo 
O projeto executivo consiste no detalhamento das opções definidas no projeto 
básico, considerando as condições de implementação, interferências entre 
sistemas, detalhes operacionais da obra, especificações completas de 
equipamentos, componentes, acessórios e sistemas. Deve também contemplar os 
cronogramas de execução e de desembolsos e estar de acordo com as normas 
pertinentes da Associação Brasileira de Normas Técnicas – ABNT. 
Deve ser dedicada especial atenção, nesta etapa, à documentação de cada 
projeto, inclusive com as memórias de cálculo correspondentes. Esta 
documentação será de fundamental importância para a manutenção e possíveis 
alterações futuras na edificação. 
Também nesta etapa é importante manter a modularidade das opções 
apresentadas, uma vez que, por questões orçamentárias, pode não ser possível 
implementar todas as medidas previstas no projeto básico de uma só vez. Por 
outro lado, é preciso cuidado na postergação da implementação de determinadas 
medidas, pois estas podem perder sentido com o passar do tempo. Isto pode 
ocorrer tanto pela obsolescência das tecnologias propostas (por exemplo: 
iluminação fluorescente versus iluminação a LED) quanto pela modificação das 
condições de contorno encontradas no diagnóstico e consideradas no projeto 
básico. 
 
3.3 Principais requisitos considerados nos projetos básicos e 
nos projetos executivos de obras e serviços 
Nos projetos básicos e projetos executivos de obras e serviços serão considerados 
principalmente os seguintes requisitos: 
 Segurança; 
 Funcionalidade e adequação ao interesse público; 
 Economia na execução, conservação e operação; 
 Possibilidade de emprego de mão de obra, materiais, tecnologia e 
matérias-primas existentes no local para execução, conservação e 
operação; 
 Facilidade na execução, conservação e operação, sem prejuízo da 
durabilidade da obra ou do serviço; 
 Adoção das normas técnicas, de saúde e de segurança do trabalho 
adequadas; 
 Impacto ambiental. 
Fonte: Lei 8.666/93, art.12.",2224,2211
06_procel_eficiencia_edificios_publicos.pdf,Guia de Eficiência Energética em Edifícios Públicos,PROCEL / Ministério de Minas e Energia,relatorio_tecnico,eficiencia_energetica,2025,vigente,guia técnico,eficiência energética em edificações públicas,155," 
135 
 
3.4 Execução das obras 
A modalidade preferencial para contratação da execução das obras é do tipo 
turnkey, com total responsabilidade da empresa contratada sobre: 
 Aquisições dos equipamentos;  
 Instalação; 
 Compatibilidade entre sistemas; 
 Partida dos equipamentos e ajustes; 
 Garantia de operação correta. 
Utilizando-se a modalidade turnkey reduz-se a probabilidade de fracionamento ou 
diluição de responsabilidades e também os riscos de incompatibilidade entre 
equipamentos e sistemas. Esta modalidade é especialmente recomendada em 
edificações públicas com equipes técnicas reduzidas ou carentes de profissionais 
em áreas de conhecimento específicas. 
Embora a correta elaboração do projeto executivo minimize as chances de 
alterações deste ao longo da execução das obras, algumas situações inesperadas 
podem ocorrer, principalmente quando se trata da reforma de edificações 
antigas. Neste caso, é de extrema importância o cuidado no registro das 
modificações exigidas durante a execução dos serviços, detalhando-as em 
documentação conhecida como as built (expressão do idioma inglês que significa 
“como construído”). O gestor das obras deve estar particularmente atento a este 
aspecto da documentação, muitas vezes negligenciado ou sub-priorizado pela 
empresa contratada em função de razões diversas, tais como esgotamento do 
prazo para execução, realocação de pessoal para outros serviços, prioridade no 
atendimento de solicitações urgentes por parte do contratante, entre outros 
motivos. 
 
4. Definições básicas 
Projeto Básico: Conjunto de elementos necessários e suficientes, com nível de 
precisão adequado, para caracterizar a obra ou serviço, ou complexo de obras ou 
serviços objeto da licitação, elaborado com base nas indicações dos estudos 
preliminares, que assegurem a viabilidade técnica e o adequado tratamento do 
impacto ambiental do empreendimento, e que possibilite a avaliação do custo da 
obra e a definição dos métodos e do prazo de execução, devendo conter os 
seguintes elementos:  
Os itens relacionados abaixo são elementos obrigatórios do Projeto Básico, 
exigidos pela lei 8.666/93, nas alíneas do inciso IX do art. 6º: 
 Desenvolvimento da solução escolhida de forma a fornecer visão global 
da obra e identificar todos os seus elementos constitutivos com clareza;  
",2340,"3.4 Execução das obras 
A modalidade preferencial para contratação da execução das obras é do tipo 
turnkey, com total responsabilidade da empresa contratada sobre: 
 Aquisições dos equipamentos; 
 Instalação; 
 Compatibilidade entre sistemas; 
 Partida dos equipamentos e ajustes; 
 Garantia de operação correta. 
Utilizando-se a modalidade turnkey reduz-se a probabilidade de fracionamento ou 
diluição de responsabilidades e também os riscos de incompatibilidade entre 
equipamentos e sistemas. Esta modalidade é especialmente recomendada em 
edificações públicas com equipes técnicas reduzidas ou carentes de profissionais 
em áreas de conhecimento específicas. 
Embora a correta elaboração do projeto executivo minimize as chances de 
alterações deste ao longo da execução das obras, algumas situações inesperadas 
podem ocorrer, principalmente quando se trata da reforma de edificações 
antigas. Neste caso, é de extrema importância o cuidado no registro das 
modificações exigidas durante a execução dos serviços, detalhando-as em 
documentação conhecida como as built (expressão do idioma inglês que significa 
“como construído”). O gestor das obras deve estar particularmente atento a este 
aspecto da documentação, muitas vezes negligenciado ou sub-priorizado pela 
empresa contratada em função de razões diversas, tais como esgotamento do 
prazo para execução, realocação de pessoal para outros serviços, prioridade no 
atendimento de solicitações urgentes por parte do contratante, entre outros 
motivos. 
 
4. Definições básicas 
Projeto Básico: Conjunto de elementos necessários e suficientes, com nível de 
precisão adequado, para caracterizar a obra ou serviço, ou complexo de obras ou 
serviços objeto da licitação, elaborado com base nas indicações dos estudos 
preliminares, que assegurem a viabilidade técnica e o adequado tratamento do 
impacto ambiental do empreendimento, e que possibilite a avaliação do custo da 
obra e a definição dos métodos e do prazo de execução, devendo conter os 
seguintes elementos: 
Os itens relacionados abaixo são elementos obrigatórios do Projeto Básico, 
exigidos pela lei 8.666/93, nas alíneas do inciso IX do art. 6º: 
 Desenvolvimento da solução escolhida de forma a fornecer visão global 
da obra e identificar todos os seus elementos constitutivos com clareza;",2340,2326
06_procel_eficiencia_edificios_publicos.pdf,Guia de Eficiência Energética em Edifícios Públicos,PROCEL / Ministério de Minas e Energia,relatorio_tecnico,eficiencia_energetica,2025,vigente,guia técnico,eficiência energética em edificações públicas,156," 
136 
 
 Soluções técnicas globais e localizadas, suficientemente detalhadas, de 
forma a minimizar a necessidade de reformulação ou de variantes 
durante as fases de elaboração do projeto executivo e de realização das 
obras e montagem; 
 Identificação dos tipos de serviços a executar e de materiais e 
equipamentos a incorporar à obra, bem como suas especificações que 
assegurem os melhores resultados para o empreendimento, sem frustrar 
o caráter competitivo para a sua execução; 
 Informações que possibilitem o estudo e a dedução de métodos 
construtivos, instalações provisórias e condições organizacionais para a 
obra, sem frustrar o caráter competitivo para a sua execução; 
 Subsídios para montagem do plano de licitação e gestão da obra, 
compreendendo a sua programação, a estratégia de suprimentos, as 
normas de fiscalização e outros dados necessários em cada caso; 
 Orçamento detalhado do custo global da obra, fundamentado em 
quantitativos de serviços e fornecimentos propriamente avaliados. 
Fonte: Lei 8.666/93, art.6º, inciso IX.  
 
Projeto Executivo: O conjunto de elementos necessários e suficientes à execução 
completa da obra, de acordo com as normas pertinentes da Associação Brasileira 
de Normas Técnicas – ABNT.  
Fonte: Lei 8.666/93, art.6º, inciso X. 
 
Memorial Descritivo: É a exposição descritiva dos projetos, das partes que os 
compõem e dos princípios em que se basearam, de modo que se evidencie a 
compatibilidade entre as soluções apresentadas com o projeto básico e/ou 
executivo. 
 
Orçamento Estimado: É o levantamento das quantidades e preços dos serviços 
expressos em planilhas, elaborado com base no projeto básico.  
 
Cronograma físico-financeiro: É a definição de como a obra será executada por 
etapas, compatibilizando o valor a ser desembolsado pela contratante ao estágio 
em que se encontra a obra. 
 
Execução direta: A execução da obra é feita pelos órgãos e entidades da 
Administração, pelos próprios meios.  
Fonte: Lei 8.666/93, art.6º, inciso VII.  
 
",2025," Soluções técnicas globais e localizadas, suficientemente detalhadas, de 
forma a minimizar a necessidade de reformulação ou de variantes 
durante as fases de elaboração do projeto executivo e de realização das 
obras e montagem; 
 Identificação dos tipos de serviços a executar e de materiais e 
equipamentos a incorporar à obra, bem como suas especificações que 
assegurem os melhores resultados para o empreendimento, sem frustrar 
o caráter competitivo para a sua execução; 
 Informações que possibilitem o estudo e a dedução de métodos 
construtivos, instalações provisórias e condições organizacionais para a 
obra, sem frustrar o caráter competitivo para a sua execução; 
 Subsídios para montagem do plano de licitação e gestão da obra, 
compreendendo a sua programação, a estratégia de suprimentos, as 
normas de fiscalização e outros dados necessários em cada caso; 
 Orçamento detalhado do custo global da obra, fundamentado em 
quantitativos de serviços e fornecimentos propriamente avaliados. 
Fonte: Lei 8.666/93, art.6º, inciso IX. 
 
Projeto Executivo: O conjunto de elementos necessários e suficientes à execução 
completa da obra, de acordo com as normas pertinentes da Associação Brasileira 
de Normas Técnicas – ABNT. 
Fonte: Lei 8.666/93, art.6º, inciso X. 
 
Memorial Descritivo: É a exposição descritiva dos projetos, das partes que os 
compõem e dos princípios em que se basearam, de modo que se evidencie a 
compatibilidade entre as soluções apresentadas com o projeto básico e/ou 
executivo. 
 
Orçamento Estimado: É o levantamento das quantidades e preços dos serviços 
expressos em planilhas, elaborado com base no projeto básico. 
 
Cronograma físico-financeiro: É a definição de como a obra será executada por 
etapas, compatibilizando o valor a ser desembolsado pela contratante ao estágio 
em que se encontra a obra. 
 
Execução direta: A execução da obra é feita pelos órgãos e entidades da 
Administração, pelos próprios meios. 
Fonte: Lei 8.666/93, art.6º, inciso VII.",2025,2007
06_procel_eficiencia_edificios_publicos.pdf,Guia de Eficiência Energética em Edifícios Públicos,PROCEL / Ministério de Minas e Energia,relatorio_tecnico,eficiencia_energetica,2025,vigente,guia técnico,eficiência energética em edificações públicas,157," 
137 
 
Execução indireta: O órgão ou entidade contrata com terceiros para a execução 
da obra, sob qualquer dos seguintes regimes:  
 Empreitada por preço global – quando se contrata a execução da obra ou 
do serviço por preço certo e total;  
 Empreitada por preço unitário – quando se contrata a execução da obra 
ou do serviço por preço certo de unidades determinadas;  
 Tarefa – quando se ajusta mão de obra para pequenos trabalhos por 
preço certo, com ou sem fornecimento de materiais;  
 Empreitada integral – quando se contrata um empreendimento em sua 
integralidade, compreendendo todas as etapas da obra, serviços e 
instalações necessárias, sob inteira responsabilidade da contratada até a 
sua entrega ao contratante em condições de entrada em operação, 
atendidos os requisitos técnicos e legais para sua utilização em condições 
de segurança estrutural e operacional e com as características adequadas 
às finalidades para as quais foi contratada. 
Fonte: Lei 8.666/93, art.6º, inciso VIII. 
 
Sequência para Execução de Obras Públicas  
“Art. 7º As licitações para a execução de obras e para a prestação de serviços 
obedecerão ao disposto neste artigo e, em particular, à seguinte sequencia”:  
 Projeto básico;  
 Projeto executivo;  
 Execução das obras e serviços. 
Fonte: Lei 8.666/93, art. 7º. 
 
Tipos de Licitação  
 Menor Preço: É utilizado para serviços cujo preço representa o fator de 
maior relevância, como critério de seleção da proposta mais vantajosa. 
Fonte: Lei 8.666/93, art.45 § 1º, inciso I. 
 
 Melhor Técnica ou Técnica e Preço: São utilizados, exclusivamente para 
serviços de natureza predominantemente intelectual, em especial na 
elaboração de projetos, cálculos, fiscalização, supervisão e gerenciamento 
e de engenharia consultiva em geral, e em particular, para a elaboração e 
estudos técnicos preliminares e projetos básicos e executivos.  
Fonte: Lei 8.666/93, art.46 
 
Proibição de participação da licitação ou da execução de obra: O autor do 
projeto básico ou executivo ou empresa responsável pela elaboração do projeto, 
",2088,"Execução indireta: O órgão ou entidade contrata com terceiros para a execução 
da obra, sob qualquer dos seguintes regimes: 
 Empreitada por preço global – quando se contrata a execução da obra ou 
do serviço por preço certo e total; 
 Empreitada por preço unitário – quando se contrata a execução da obra 
ou do serviço por preço certo de unidades determinadas; 
 Tarefa – quando se ajusta mão de obra para pequenos trabalhos por 
preço certo, com ou sem fornecimento de materiais; 
 Empreitada integral – quando se contrata um empreendimento em sua 
integralidade, compreendendo todas as etapas da obra, serviços e 
instalações necessárias, sob inteira responsabilidade da contratada até a 
sua entrega ao contratante em condições de entrada em operação, 
atendidos os requisitos técnicos e legais para sua utilização em condições 
de segurança estrutural e operacional e com as características adequadas 
às finalidades para as quais foi contratada. 
Fonte: Lei 8.666/93, art.6º, inciso VIII. 
 
Sequência para Execução de Obras Públicas 
“Art. 7º As licitações para a execução de obras e para a prestação de serviços 
obedecerão ao disposto neste artigo e, em particular, à seguinte sequencia”: 
 Projeto básico; 
 Projeto executivo; 
 Execução das obras e serviços. 
Fonte: Lei 8.666/93, art. 7º. 
 
Tipos de Licitação 
 Menor Preço: É utilizado para serviços cujo preço representa o fator de 
maior relevância, como critério de seleção da proposta mais vantajosa. 
Fonte: Lei 8.666/93, art.45 § 1º, inciso I. 
 
 Melhor Técnica ou Técnica e Preço: São utilizados, exclusivamente para 
serviços de natureza predominantemente intelectual, em especial na 
elaboração de projetos, cálculos, fiscalização, supervisão e gerenciamento 
e de engenharia consultiva em geral, e em particular, para a elaboração e 
estudos técnicos preliminares e projetos básicos e executivos. 
Fonte: Lei 8.666/93, art.46 
 
Proibição de participação da licitação ou da execução de obra: O autor do 
projeto básico ou executivo ou empresa responsável pela elaboração do projeto,",2088,2067
06_procel_eficiencia_edificios_publicos.pdf,Guia de Eficiência Energética em Edifícios Públicos,PROCEL / Ministério de Minas e Energia,relatorio_tecnico,eficiencia_energetica,2025,vigente,guia técnico,eficiência energética em edificações públicas,158," 
138 
 
ou empresa da qual o autor do projeto seja dirigente, gerente, acionista ou 
detentor de mais de 5% do capital com direito a voto ou controlador, responsável 
técnico ou subcontratado, não pode participar direta ou indiretamente da 
licitação ou da execução da obra ou serviço e do fornecimento de bens a eles 
necessários. 
 
É permitida a participação do autor do projeto ou da empresa a que se refere 
acima na licitação de obra ou serviço, ou na execução, como consultor ou técnico, 
nas funções de fiscalização, supervisão ou gerenciamento, exclusivamente a 
serviço da Administração interessada.  
Fonte: Lei 8.666/93, art.9º 
 
Qualificação técnica: As exigências nos editais para fins de comprovação de 
qualificação técnica da licitante devem se ater aos limites da documentação 
prevista no art. 30 da Lei 8.666/93, vedada a exigência de comprovação de 
atividade ou de aptidão com limitações de tempo ou de época ou ainda em locais 
específicos, evitando se exigências excessivas e desnecessárias a ponto de 
comprometer o caráter competitivo do certame licitatório. 
Os requisitos técnicos previstos no projeto básico, anexo do edital de licitação, 
devem ser avaliados caso a caso, pois é a complexidade do objeto licitado que 
permite definir as condições técnicas necessárias para a comprovação da 
qualificação técnica da licitante em executar o objeto. A avaliação destes 
requisitos deve ser feita por profissional dotado de conhecimentos técnicos 
específicos.  
Fonte: Lei 8.666/93, art.30. 
 
",1523,"ou empresa da qual o autor do projeto seja dirigente, gerente, acionista ou 
detentor de mais de 5% do capital com direito a voto ou controlador, responsável 
técnico ou subcontratado, não pode participar direta ou indiretamente da 
licitação ou da execução da obra ou serviço e do fornecimento de bens a eles 
necessários. 
 
É permitida a participação do autor do projeto ou da empresa a que se refere 
acima na licitação de obra ou serviço, ou na execução, como consultor ou técnico, 
nas funções de fiscalização, supervisão ou gerenciamento, exclusivamente a 
serviço da Administração interessada. 
Fonte: Lei 8.666/93, art.9º 
 
Qualificação técnica: As exigências nos editais para fins de comprovação de 
qualificação técnica da licitante devem se ater aos limites da documentação 
prevista no art. 30 da Lei 8.666/93, vedada a exigência de comprovação de 
atividade ou de aptidão com limitações de tempo ou de época ou ainda em locais 
específicos, evitando se exigências excessivas e desnecessárias a ponto de 
comprometer o caráter competitivo do certame licitatório. 
Os requisitos técnicos previstos no projeto básico, anexo do edital de licitação, 
devem ser avaliados caso a caso, pois é a complexidade do objeto licitado que 
permite definir as condições técnicas necessárias para a comprovação da 
qualificação técnica da licitante em executar o objeto. A avaliação destes 
requisitos deve ser feita por profissional dotado de conhecimentos técnicos 
específicos. 
Fonte: Lei 8.666/93, art.30.",1523,1508
06_procel_eficiencia_edificios_publicos.pdf,Guia de Eficiência Energética em Edifícios Públicos,PROCEL / Ministério de Minas e Energia,relatorio_tecnico,eficiencia_energetica,2025,vigente,guia técnico,eficiência energética em edificações públicas,160," 
140 
 
Sumário Executivo 
A simulação energética do prédio do MME teve por objetivo avaliar o potencial de 
transformá-lo em um edifício de energia zero. 
Esta atividade foi divida em três etapas: 
Etapa 01: Simulação da situação atual da edificação; 
Etapa 02: Calibração15 do modelo computacional e simulação das alternativas de 
revitalização; 
Etapa 03: Verificação da viabilidade de implantação de cada alternativa de 
revitalização. 
A edificação foi modelada utilizando-se o programa de simulação computacional 
EnergyPlus. 
A partir das plantas do projeto arquitetônico e do projeto do sistema de 
condicionamento de ar foram estabelecidas as zonas térmicas16 de cada 
pavimento do edifício. 
Para cada zona térmica foram definidos os valores de carga interna, incluindo: 
sistema de iluminação e equipamentos elétricos. As cargas do sistema de 
iluminação, equipamentos, cargas de emergência e cargas nominais, assim como 
a potência média do sistema de condicionamento de ar foram estabelecidas de 
acordo com as medições realizadas. 
O sistema de condicionamento de ar foi modelado de acordo com o observado in 
loco, procurando-se representar a mesma condição de funcionamento quando o 
prédio estiver em uso. 
A calibração do modelo computacional foi baseada nas contas de energia elétrica 
referentes ao ano de 2012. 
As diferenças encontradas entre o consumo de energia elétrica total real e do 
modelo base podem ser observados na Tabela 1. 
Analisando-se os resultados obtidos, nota-se que a maior diferença encontrada é 
para o mês de Março. Para os outros meses, a diferença encontrada é próxima ou 
inferior a 10% e o valor do consumo anual é inferior a 10%, portanto, o modelo 
computacional é considerado satisfatório.  
 
 
                                                          
15 Calibração é uma etapa necessária e importante, pois consiste em comparar dados de 
desempenho real com os de simulação, com o objetivo de corrigir as variáveis de entrada 
para melhorar a fidelidade do modelo. 
16 Zona térmica é definida como um volume de ar com temperatura uniforme. 
",2098,"Sumário Executivo 
A simulação energética do prédio do MME teve por objetivo avaliar o potencial de 
transformá-lo em um edifício de energia zero. 
Esta atividade foi divida em três etapas: 
Etapa 01: Simulação da situação atual da edificação; 
Etapa 02: Calibração15 do modelo computacional e simulação das alternativas de 
revitalização; 
Etapa 03: Verificação da viabilidade de implantação de cada alternativa de 
revitalização. 
A edificação foi modelada utilizando-se o programa de simulação computacional 
EnergyPlus. 
A partir das plantas do projeto arquitetônico e do projeto do sistema de 
condicionamento de ar foram estabelecidas as zonas térmicas16 de cada 
pavimento do edifício. 
Para cada zona térmica foram definidos os valores de carga interna, incluindo: 
sistema de iluminação e equipamentos elétricos. As cargas do sistema de 
iluminação, equipamentos, cargas de emergência e cargas nominais, assim como 
a potência média do sistema de condicionamento de ar foram estabelecidas de 
acordo com as medições realizadas. 
O sistema de condicionamento de ar foi modelado de acordo com o observado in 
loco, procurando-se representar a mesma condição de funcionamento quando o 
prédio estiver em uso. 
A calibração do modelo computacional foi baseada nas contas de energia elétrica 
referentes ao ano de 2012. 
As diferenças encontradas entre o consumo de energia elétrica total real e do 
modelo base podem ser observados na Tabela 1. 
Analisando-se os resultados obtidos, nota-se que a maior diferença encontrada é 
para o mês de Março. Para os outros meses, a diferença encontrada é próxima ou 
inferior a 10% e o valor do consumo anual é inferior a 10%, portanto, o modelo 
computacional é considerado satisfatório. 
 
 
 
15 Calibração é uma etapa necessária e importante, pois consiste em comparar dados de 
desempenho real com os de simulação, com o objetivo de corrigir as variáveis de entrada 
para melhorar a fidelidade do modelo. 
16 Zona térmica é definida como um volume de ar com temperatura uniforme.",2098,2029
06_procel_eficiencia_edificios_publicos.pdf,Guia de Eficiência Energética em Edifícios Públicos,PROCEL / Ministério de Minas e Energia,relatorio_tecnico,eficiencia_energetica,2025,vigente,guia técnico,eficiência energética em edificações públicas,161," 
141 
 
 
Tabela 1 – Comparação entre o consumo do sistema real e do modelo 
base. 
 
Após a calibração do modelo base foram simuladas as seguintes alternativas de 
revitalização: 
 Desempenho dos vidros: utilização de vidros de alto desempenho; 
 Sistema de condicionamento de ar: uso de sistemas de condicionamento 
de ar mais eficientes, destacando entre os sistemas o do tipo VRF; 
 Painel fotovoltaico: Uso de painéis fotovoltaicos. 
Na tabela 2 são apresentados o investimento, a estimativa de economia anual de 
energia e o tempo de retorno para as alternativas simuladas. 
Para o cálculo do tempo de retorno dos investimentos, foram calculados o 
payback simples e o composto para uma taxa anual de 10,75 % (taxa Selic do dia 
17/03/2014). A análise da viabilidade de implantação de cada uma das 
alternativas foi considerada para um tempo de retorno de investimento de 10 
anos. Ressalta-se que o tempo de retorno de investimento leva em consideração 
o custo da mão de obra. 
Pode-se observar que somente a alternativa do sistema de condicionamento de ar 
do tipo inverter Nível A apresentou tempo de retorno do investimento inferior a 
10 anos, para o cálculo do payback simples. Todas as outras alternativas 
apresentaram um tempo de retorno do investimento superior a 10 anos. 
 
(kWh) 
(kWh) 
",1313,"Tabela 1 – Comparação entre o consumo do sistema real e do modelo 
base. 
 
Após a calibração do modelo base foram simuladas as seguintes alternativas de 
revitalização: 
 Desempenho dos vidros: utilização de vidros de alto desempenho; 
 Sistema de condicionamento de ar: uso de sistemas de condicionamento 
de ar mais eficientes, destacando entre os sistemas o do tipo VRF; 
 Painel fotovoltaico: Uso de painéis fotovoltaicos. 
Na tabela 2 são apresentados o investimento, a estimativa de economia anual de 
energia e o tempo de retorno para as alternativas simuladas. 
Para o cálculo do tempo de retorno dos investimentos, foram calculados o 
payback simples e o composto para uma taxa anual de 10,75 % (taxa Selic do dia 
17/03/2014). A análise da viabilidade de implantação de cada uma das 
alternativas foi considerada para um tempo de retorno de investimento de 10 
anos. Ressalta-se que o tempo de retorno de investimento leva em consideração 
o custo da mão de obra. 
Pode-se observar que somente a alternativa do sistema de condicionamento de ar 
do tipo inverter Nível A apresentou tempo de retorno do investimento inferior a 
10 anos, para o cálculo do payback simples. Todas as outras alternativas 
apresentaram um tempo de retorno do investimento superior a 10 anos. 
 
(kWh) 
(kWh)",1313,1300
06_procel_eficiencia_edificios_publicos.pdf,Guia de Eficiência Energética em Edifícios Públicos,PROCEL / Ministério de Minas e Energia,relatorio_tecnico,eficiencia_energetica,2025,vigente,guia técnico,eficiência energética em edificações públicas,163," 
Laboratório de Eficiência Energética em Edificações 
http://www.labeee.ufsc.br 
 
SIMULAÇÃO ENERGÉTICA DO PRÉDIO 
DO MINISTÉRIO DE MINAS E 
ENERGIA EM BRASÍLIA - DF 
 
ETAPA 01 – SIMULAÇÃO DA SITUAÇÃO ATUAL DA 
EDIFICAÇÃO 
 
 
 
 
 
Roberto Lamberts, PhD 
Ana Paula Melo, Dra 
Maurício Nath Lopes, Msc 
Miguel Pacheco, Msc 
 
 
 
 
 
 
 
Florianópolis, Outubro 2013.
",369,"Laboratório de Eficiência Energética em Edificações 
 
 
SIMULAÇÃO ENERGÉTICA DO PRÉDIO 
DO MINISTÉRIO DE MINAS E 
ENERGIA EM BRASÍLIA - DF 
 
ETAPA 01 – SIMULAÇÃO DA SITUAÇÃO ATUAL DA 
EDIFICAÇÃO 
 
 
 
 
 
Roberto Lamberts, PhD 
Ana Paula Melo, Dra 
Maurício Nath Lopes, Msc 
Miguel Pacheco, Msc 
 
 
 
 
 
 
 
Florianópolis, Outubro 2013.",369,341
06_procel_eficiencia_edificios_publicos.pdf,Guia de Eficiência Energética em Edifícios Públicos,PROCEL / Ministério de Minas e Energia,relatorio_tecnico,eficiencia_energetica,2025,vigente,guia técnico,eficiência energética em edificações públicas,164," 
  
www.labeee.ufsc.br 
1 
 
SUMÁRIO 
 
1. 
O PROJETO ________________________________________ 2 
2. 
O PRÉDIO DO MINISTÉRIO DE MINAS E ENERGIA __________ 2 
3. 
O MODELO BASE ____________________________________ 3 
4. 
PRÓXIMA ETAPA – ETAPA 02 __________________________ 8 
 
 
 
 
 
 
 
 
 
 
 
 
 
 
 
 
 
 
 
",314,"SUMÁRIO 
 
1. 
O PROJETO ________________________________________ 2 
2. 
O PRÉDIO DO MINISTÉRIO DE MINAS E ENERGIA __________ 2 
3. 
O MODELO BASE ____________________________________ 3 
4. 
PRÓXIMA ETAPA – ETAPA 02 __________________________ 8",314,244
06_procel_eficiencia_edificios_publicos.pdf,Guia de Eficiência Energética em Edifícios Públicos,PROCEL / Ministério de Minas e Energia,relatorio_tecnico,eficiencia_energetica,2025,vigente,guia técnico,eficiência energética em edificações públicas,165," 
  
www.labeee.ufsc.br 
2 
 
1. O PROJETO 
O projeto tem por objetivo a simulação energética do prédio do Ministério de Minas e 
Energia, localizado em Brasília – DF. Este objetivo visa avaliar o potencial de transformar o 
prédio do Ministério de Minas e Energia em um edifício de energia zero. 
Dentre as atividades que compõem este estudo, contemplam: 
- Etapa 01: Simulação da situação atual da edificação; 
- Etapa 02: Calibração do modelo computacional e simulação das alternativas de 
revitalização (retrofit); 
- Etapa 03: Verificação da viabilidade de implantação de cada alternativa de retrofit. 
Ressalta-se que neste relatório serão apresentadas as atividades referentes à Etapa 
01. 
 
2. O PRÉDIO DO MINISTÉRIO DE MINAS E ENERGIA 
O prédio do Ministério de Minas e Energia está localizado na capital do Brasil, em 
Brasília, na denominada Esplanada dos Ministérios. O prédio em questão, construído em 
1979, apresenta formato retangular com as maiores fachadas voltadas para Leste (Figura 1) 
e Oeste (Figura 2). 
 
 
Figura 1 – Fachada Leste do prédio do Ministério de Minas e Energia. 
Fonte: Nicoletti (2009) 
",1128,"1. O PROJETO 
O projeto tem por objetivo a simulação energética do prédio do Ministério de Minas e 
Energia, localizado em Brasília – DF. Este objetivo visa avaliar o potencial de transformar o 
prédio do Ministério de Minas e Energia em um edifício de energia zero. 
Dentre as atividades que compõem este estudo, contemplam: 
- Etapa 01: Simulação da situação atual da edificação; 
- Etapa 02: Calibração do modelo computacional e simulação das alternativas de 
revitalização (retrofit); 
- Etapa 03: Verificação da viabilidade de implantação de cada alternativa de retrofit. 
Ressalta-se que neste relatório serão apresentadas as atividades referentes à Etapa 
01. 
 
2. O PRÉDIO DO MINISTÉRIO DE MINAS E ENERGIA 
O prédio do Ministério de Minas e Energia está localizado na capital do Brasil, em 
Brasília, na denominada Esplanada dos Ministérios. O prédio em questão, construído em 
1979, apresenta formato retangular com as maiores fachadas voltadas para Leste (Figura 1) 
e Oeste (Figura 2). 
 
 
Figura 1 – Fachada Leste do prédio do Ministério de Minas e Energia. 
Fonte: Nicoletti (2009)",1128,1096
06_procel_eficiencia_edificios_publicos.pdf,Guia de Eficiência Energética em Edifícios Públicos,PROCEL / Ministério de Minas e Energia,relatorio_tecnico,eficiencia_energetica,2025,vigente,guia técnico,eficiência energética em edificações públicas,166," 
  
www.labeee.ufsc.br 
3 
 
 
 
 
Figura 2 – Fachada Oeste do prédio do Ministério de Minas e Energia. 
Fonte: Nicoletti (2009) 
 
O prédio é composto por dez pavimentos e dois subsolos. Nos pavimentos tipo, 
encontram-se escritórios e gabinetes. No segundo subsolo, encontram-se depósitos e salas 
para arquivamento de processo. No primeiro subsolo, além de áreas administrativas e 
depósito, está localizado um restaurante.  
As plantas do prédio do Ministério de Minas e Energia foram fornecidas pelo o Sr. 
Alvanir da Silva Carvalho e pelo Sr. Júnior Brandão.  
 
3. O MODELO BASE 
A edificação foi modelada de acordo com o código de interpretação do programa de 
simulação computacional EnergyPlus. A partir das plantas do projeto arquitetônico e do 
projeto do sistema de condicionamento de ar foram estabelecidas as zonas térmicas de cada 
pavimento do edifício. 
 
 
 
 
",881,"Figura 2 – Fachada Oeste do prédio do Ministério de Minas e Energia. 
Fonte: Nicoletti (2009) 
 
O prédio é composto por dez pavimentos e dois subsolos. Nos pavimentos tipo, 
encontram-se escritórios e gabinetes. No segundo subsolo, encontram-se depósitos e salas 
para arquivamento de processo. No primeiro subsolo, além de áreas administrativas e 
depósito, está localizado um restaurante. 
As plantas do prédio do Ministério de Minas e Energia foram fornecidas pelo o Sr. 
Alvanir da Silva Carvalho e pelo Sr. Júnior Brandão. 
 
3. O MODELO BASE 
A edificação foi modelada de acordo com o código de interpretação do programa de 
simulação computacional EnergyPlus. A partir das plantas do projeto arquitetônico e do 
projeto do sistema de condicionamento de ar foram estabelecidas as zonas térmicas de cada 
pavimento do edifício.",881,833
06_procel_eficiencia_edificios_publicos.pdf,Guia de Eficiência Energética em Edifícios Públicos,PROCEL / Ministério de Minas e Energia,relatorio_tecnico,eficiencia_energetica,2025,vigente,guia técnico,eficiência energética em edificações públicas,167," 
  
www.labeee.ufsc.br 
4 
 
Para cada zona térmica foram definidos os valores de carga interna, incluindo: sistema 
de iluminação e equipamentos elétricos. As cargas do sistema de iluminação, equipamentos, 
cargas de emergência e cargas nominais, assim como a potência média do sistema de 
condicionamento de ar foram estabelecidas de acordo com as medições realizadas pelo Sr. 
José Carlos Guedes.  
Estas medições foram realizadas em três períodos distintos, utilizando seis 
analisadores de energia elétrica de fabricação Yokogawa, modelo CW 240. As datas das 
medições realizadas são: 05/02/2013 a 20/02/2013; 20/02/2013 a 08/03/2013; e 11/04/2013 
a 27/04/2013. 
O sistema de condicionamento de ar foi modelado de acordo com o observado in loco, 
procurando-se representar a mesma condição de funcionamento quando o prédio estiver em 
uso. Observou-se que o sistema de condicionamento de ar é composto por aparelhos do tipo 
split, com Nível C de eficiência energética de acordo com a Tabela de Eficiência Energética 
para os sistemas de condicionamento de ar do tipo split do INMETRO. 
Foram realizadas visitas técnicas ao prédio do Ministério de Minas e Energia, onde se 
observou as rotinas de ocupação dos usuários e o uso dos sistemas do edifício. Com base 
nestas observações, elaborou-se schedules de ocupação e funcionamento dos sistemas no 
programa EnergyPlus. O padrão de uso adotado para o sistema de iluminação e ocupação 
podem ser observados na Figura 3 e na Figura 4.  
 
0
10
20
30
40
50
60
70
80
90
100
1 2 3 4 5 6 7 8 9 10 1112 1314 1516171819 2021 222324
Iluminação (%)
Horas
 
Figura 3 – Padrão de uso do sistema de iluminação. 
 
",1659,"Para cada zona térmica foram definidos os valores de carga interna, incluindo: sistema 
de iluminação e equipamentos elétricos. As cargas do sistema de iluminação, equipamentos, 
cargas de emergência e cargas nominais, assim como a potência média do sistema de 
condicionamento de ar foram estabelecidas de acordo com as medições realizadas pelo Sr. 
José Carlos Guedes. 
Estas medições foram realizadas em três períodos distintos, utilizando seis 
analisadores de energia elétrica de fabricação Yokogawa, modelo CW 240. As datas das 
medições realizadas são: 05/02/2013 a 20/02/2013; 20/02/2013 a 08/03/2013; e 11/04/2013 
a 27/04/2013. 
O sistema de condicionamento de ar foi modelado de acordo com o observado in loco, 
procurando-se representar a mesma condição de funcionamento quando o prédio estiver em 
uso. Observou-se que o sistema de condicionamento de ar é composto por aparelhos do tipo 
split, com Nível C de eficiência energética de acordo com a Tabela de Eficiência Energética 
para os sistemas de condicionamento de ar do tipo split do INMETRO. 
Foram realizadas visitas técnicas ao prédio do Ministério de Minas e Energia, onde se 
observou as rotinas de ocupação dos usuários e o uso dos sistemas do edifício. Com base 
nestas observações, elaborou-se schedules de ocupação e funcionamento dos sistemas no 
programa EnergyPlus. O padrão de uso adotado para o sistema de iluminação e ocupação 
podem ser observados na Figura 3 e na Figura 4. 
 
 
 
 
 
 
 
 
 
 
 
1 2 3 4 5 6 7 8 9 10 1112 1314 1516171819 2021 222324
Iluminação (%)
Horas
 
Figura 3 – Padrão de uso do sistema de iluminação.",1659,1610
06_procel_eficiencia_edificios_publicos.pdf,Guia de Eficiência Energética em Edifícios Públicos,PROCEL / Ministério de Minas e Energia,relatorio_tecnico,eficiencia_energetica,2025,vigente,guia técnico,eficiência energética em edificações públicas,168," 
  
www.labeee.ufsc.br 
5 
0
10
20
30
40
50
60
70
80
90
100
1 2 3 4 5 6 7 8 9 1011 1213 1415 1617 1819 2021222324
Ocupação (%)
Horas
 
Figura 4 – Padrão de uso de ocupação. 
 
Foram também observadas as características construtivas da edificação, observando o 
dimensionamento das aberturas, uso do dispositivo de sombreamento, construção das 
paredes externas e internas, piso e cobertura. Informações sobre a construção dos elementos 
construtivos também foram obtidas através de informações fornecidas pelo Sr. Júnior 
Brandão.  
Observou-se que as aberturas da fachada Leste e Oeste são vedadas com vidro 
laminado incolor 6 mm. Na fachada Leste, foi instalada uma película prata espelhada da 
marca Intercontrol nos vidros. Na fachada Oeste estão incorporados brises verticais, 
conforme apresentado na Figura 5.  
 
 
Figura 5 – Brises verticais instalados na fachada Oeste. 
 
",885,"1 2 3 4 5 6 7 8 9 1011 1213 1415 1617 1819 2021222324
Ocupação (%)
Horas
 
Figura 4 – Padrão de uso de ocupação. 
 
Foram também observadas as características construtivas da edificação, observando o 
dimensionamento das aberturas, uso do dispositivo de sombreamento, construção das 
paredes externas e internas, piso e cobertura. Informações sobre a construção dos elementos 
construtivos também foram obtidas através de informações fornecidas pelo Sr. Júnior 
Brandão. 
Observou-se que as aberturas da fachada Leste e Oeste são vedadas com vidro 
laminado incolor 6 mm. Na fachada Leste, foi instalada uma película prata espelhada da 
marca Intercontrol nos vidros. Na fachada Oeste estão incorporados brises verticais, 
conforme apresentado na Figura 5. 
 
 
Figura 5 – Brises verticais instalados na fachada Oeste.",885,818
06_procel_eficiencia_edificios_publicos.pdf,Guia de Eficiência Energética em Edifícios Públicos,PROCEL / Ministério de Minas e Energia,relatorio_tecnico,eficiencia_energetica,2025,vigente,guia técnico,eficiência energética em edificações públicas,169," 
  
www.labeee.ufsc.br 
6 
 
Com relação à construção das paredes internas, observou-se que estas são compostas 
por divisórias de compensado de piso a teto. Já as paredes externas da fachada Norte e Sul 
são compostas por alvenaria de bloco cerâmico, emboço e reboco interno e externo. As lajes 
intermediárias são compostas por laje maciça de concreto de 15 cm. A cobertura também é 
composta por laje maciça de concreto, mas com 20 cm de espessura, impermeabilizada com 
betume asfáltico e sobreposta com placa de concreto (Figura 6).  
 
 
Figura 6 - Imagem da cobertura do prédio do Ministério de Minas e Energia. 
 
Com base nas condições reais da edificação em estudo foi realizada a simulação da 
situação atual. Os dez pavimentos e os dois subsolos foram distribuídos em um total de 122 
zonas térmicas. A fachada Leste e Oeste do modelo podem ser observadas na Figura 7 e na 
Figura 8.  
 
 
 
 
 
 
 
 
",915,"Com relação à construção das paredes internas, observou-se que estas são compostas 
por divisórias de compensado de piso a teto. Já as paredes externas da fachada Norte e Sul 
são compostas por alvenaria de bloco cerâmico, emboço e reboco interno e externo. As lajes 
intermediárias são compostas por laje maciça de concreto de 15 cm. A cobertura também é 
composta por laje maciça de concreto, mas com 20 cm de espessura, impermeabilizada com 
betume asfáltico e sobreposta com placa de concreto (Figura 6). 
 
 
Figura 6 - Imagem da cobertura do prédio do Ministério de Minas e Energia. 
 
Com base nas condições reais da edificação em estudo foi realizada a simulação da 
situação atual. Os dez pavimentos e os dois subsolos foram distribuídos em um total de 122 
zonas térmicas. A fachada Leste e Oeste do modelo podem ser observadas na Figura 7 e na 
Figura 8.",915,865
06_procel_eficiencia_edificios_publicos.pdf,Guia de Eficiência Energética em Edifícios Públicos,PROCEL / Ministério de Minas e Energia,relatorio_tecnico,eficiencia_energetica,2025,vigente,guia técnico,eficiência energética em edificações públicas,170," 
  
www.labeee.ufsc.br 
7 
 
 
Figura 7 – Fachada Leste do prédio do Ministério de Minas e Energia. 
 
 
Figura 8 – Fachada Oeste do Ministério de Minas e Energia. 
 
 
 
",172,"Figura 7 – Fachada Leste do prédio do Ministério de Minas e Energia. 
 
 
Figura 8 – Fachada Oeste do Ministério de Minas e Energia.",172,132
06_procel_eficiencia_edificios_publicos.pdf,Guia de Eficiência Energética em Edifícios Públicos,PROCEL / Ministério de Minas e Energia,relatorio_tecnico,eficiencia_energetica,2025,vigente,guia técnico,eficiência energética em edificações públicas,171," 
  
www.labeee.ufsc.br 
8 
 
O arquivo climático utilizado para a simulação do prédio do Ministério de Minas e 
Energia foi o TRY da cidade de Brasília. Os resultados da simulação apresentaram um valor 
de transmitância térmica das paredes externas de 1,64 W/m2K, e de 1,76 W/m2K para a 
cobertura. 
A densidade de potência do sistema de iluminação variou em torno de 6 a 9 W/m2 nas 
122 zonas térmicas, considerando o sistema de emergência. Com relação à carga de 
ocupação, considerou-se uma densidade de 5 m2/pessoa para as zonas que contemplam os 
gabinetes e uma densidade de 3 m2/pessoa para as outras zonas dos pavimentos tipo.  
 
4. PRÓXIMA ETAPA – ETAPA 02 
Para a próxima etapa do trabalho será realizada a calibração do modelo computacional 
e a simulação das alternativas de revitalização (retrofit). 
A elaboração de um modelo de simulação energética requer a sua calibração, que no 
caso de edificações existentes consiste em ajustar parâmetros do modelo para uma adequada 
representação da realidade. Nessa calibração, os resultados estimados pela ferramenta de 
simulação são comparados com os dados de desempenho registrados no prédio.  
Após a calibração do modelo, serão analisadas alternativas de retrofit visando o 
aumento da eficiência energética da edificação.  
 
",1291,"O arquivo climático utilizado para a simulação do prédio do Ministério de Minas e 
Energia foi o TRY da cidade de Brasília. Os resultados da simulação apresentaram um valor 
de transmitância térmica das paredes externas de 1,64 W/m2K, e de 1,76 W/m2K para a 
cobertura. 
A densidade de potência do sistema de iluminação variou em torno de 6 a 9 W/m2 nas 
122 zonas térmicas, considerando o sistema de emergência. Com relação à carga de 
ocupação, considerou-se uma densidade de 5 m2/pessoa para as zonas que contemplam os 
gabinetes e uma densidade de 3 m2/pessoa para as outras zonas dos pavimentos tipo. 
 
4. PRÓXIMA ETAPA – ETAPA 02 
Para a próxima etapa do trabalho será realizada a calibração do modelo computacional 
e a simulação das alternativas de revitalização (retrofit). 
A elaboração de um modelo de simulação energética requer a sua calibração, que no 
caso de edificações existentes consiste em ajustar parâmetros do modelo para uma adequada 
representação da realidade. Nessa calibração, os resultados estimados pela ferramenta de 
simulação são comparados com os dados de desempenho registrados no prédio. 
Após a calibração do modelo, serão analisadas alternativas de retrofit visando o 
aumento da eficiência energética da edificação.",1291,1254
06_procel_eficiencia_edificios_publicos.pdf,Guia de Eficiência Energética em Edifícios Públicos,PROCEL / Ministério de Minas e Energia,relatorio_tecnico,eficiencia_energetica,2025,vigente,guia técnico,eficiência energética em edificações públicas,172," 
Laboratório de Eficiência Energética em Edificações 
http://www.labeee.ufsc.br 
 
SIMULAÇÃO ENERGÉTICA DO PRÉDIO 
DO MINISTÉRIO DE MINAS E 
ENERGIA EM BRASÍLIA - DF 
 
ETAPA 02 – CALIBRAÇÃO DO MODELO 
COMPUTACIONAL E SIMULAÇÃO DAS 
ALTERNATIVAS DE REVITALIZAÇÃO (RETROFIT) 
 
 
 
 
 
Roberto Lamberts, PhD 
Ana Paula Melo, Dra 
Maurício Nath Lopes, Msc 
Miguel Pacheco, Msc 
 
 
 
 
 
 
 
Florianópolis, Dezembro 2013.
",421,"Laboratório de Eficiência Energética em Edificações 
 
 
SIMULAÇÃO ENERGÉTICA DO PRÉDIO 
DO MINISTÉRIO DE MINAS E 
ENERGIA EM BRASÍLIA - DF 
 
ETAPA 02 – CALIBRAÇÃO DO MODELO 
COMPUTACIONAL E SIMULAÇÃO DAS 
ALTERNATIVAS DE REVITALIZAÇÃO (RETROFIT) 
 
 
 
 
 
Roberto Lamberts, PhD 
Ana Paula Melo, Dra 
Maurício Nath Lopes, Msc 
Miguel Pacheco, Msc 
 
 
 
 
 
 
 
Florianópolis, Dezembro 2013.",421,393
06_procel_eficiencia_edificios_publicos.pdf,Guia de Eficiência Energética em Edifícios Públicos,PROCEL / Ministério de Minas e Energia,relatorio_tecnico,eficiencia_energetica,2025,vigente,guia técnico,eficiência energética em edificações públicas,173," 
  
www.labeee.ufsc.br 
1 
 
SUMÁRIO 
 
1. 
O PROJETO _____________________________________________ 2 
2. 
CALIBRAÇÃO DO MODELO COMPUTACIONAL ___________________ 2 
2.1 CONTAS DE ENERGIA ____________________________________________ 2 
2.2 CARGAS INTERNAS ______________________________________________ 3 
2.2.1 SISTEMA DE ILUMINAÇÃO E EQUIPAMENTOS _______________________ 4 
2.2.2 SISTEMA DE CONDICIONAMENTO DE AR ___________________________ 6 
2.2.3 OCUPAÇÃO ___________________________________________________ 7 
2.3 CONSUMO DO MODELO BASE ______________________________________ 9 
3. 
SIMULAÇÃO DAS ALTERNATIVAS DE REVITALIZAÇÃO (retrofit) ____ 12 
3.1 DESEMPENHO DOS VIDROS ______________________________________ 13 
3.2 SISTEMA DE CONDICIONAMENTO DE AR ____________________________ 15 
3.2.1 COEFICIENTE DE PERFORMANCE DO SISTEMA SPLIT ________________ 15 
3.2.2 RENOVAÇÃO DO AR PARA SISTEMA SPLIT _________________________ 16 
3.2.3 SISTEMA INVERTER COM COEFICIENTE DE PERFORMANCE NÍVEL A ____ 18 
3.2.4 SISTEMA VAV COM CHILLER A ÁGUA _____________________________ 19 
3.2.5 SISTEMA VAV COM CHILLER A ÁGUA + CICLO ECONOMIZADOR _______ 20 
3.2.6 SISTEMA FANCOIL AMBIENTE COM CHILLER A AR __________________ 22 
3.2.7 SISTEMA VRF ________________________________________________ 24 
3.2.8 RESUMO DOS SISTEMAS DE CONDICIONAMENTO DE AR ANALISADOS __ 25 
3.3 PAINEL FOTOVOLTAICO _________________________________________ 26 
3.4 RESUMO DAS ALTERNATIVAS ANALISADAS __________________________ 36 
3.5 MODELOS PROPOSTOS __________________________________________ 37 
ANEXO 01 ________________________________________________________ 40 
ANEXO 02 ________________________________________________________ 47 
 
 
 
 
 
 
 
 
",1722,"SUMÁRIO 
 
1. 
O PROJETO _____________________________________________ 2 
2. 
CALIBRAÇÃO DO MODELO COMPUTACIONAL ___________________ 2 
2.1 CONTAS DE ENERGIA ____________________________________________ 2 
2.2 CARGAS INTERNAS ______________________________________________ 3 
2.2.1 SISTEMA DE ILUMINAÇÃO E EQUIPAMENTOS _______________________ 4 
2.2.2 SISTEMA DE CONDICIONAMENTO DE AR ___________________________ 6 
2.2.3 OCUPAÇÃO ___________________________________________________ 7 
2.3 CONSUMO DO MODELO BASE ______________________________________ 9 
3. 
SIMULAÇÃO DAS ALTERNATIVAS DE REVITALIZAÇÃO (retrofit) ____ 12 
3.1 DESEMPENHO DOS VIDROS ______________________________________ 13 
3.2 SISTEMA DE CONDICIONAMENTO DE AR ____________________________ 15 
3.2.1 COEFICIENTE DE PERFORMANCE DO SISTEMA SPLIT ________________ 15 
3.2.2 RENOVAÇÃO DO AR PARA SISTEMA SPLIT _________________________ 16 
3.2.3 SISTEMA INVERTER COM COEFICIENTE DE PERFORMANCE NÍVEL A ____ 18 
3.2.4 SISTEMA VAV COM CHILLER A ÁGUA _____________________________ 19 
3.2.5 SISTEMA VAV COM CHILLER A ÁGUA + CICLO ECONOMIZADOR _______ 20 
3.2.6 SISTEMA FANCOIL AMBIENTE COM CHILLER A AR __________________ 22 
3.2.7 SISTEMA VRF ________________________________________________ 24 
3.2.8 RESUMO DOS SISTEMAS DE CONDICIONAMENTO DE AR ANALISADOS __ 25 
3.3 PAINEL FOTOVOLTAICO _________________________________________ 26 
3.4 RESUMO DAS ALTERNATIVAS ANALISADAS __________________________ 36 
3.5 MODELOS PROPOSTOS __________________________________________ 37 
ANEXO 01 ________________________________________________________ 40 
ANEXO 02 ________________________________________________________ 47",1722,1674
06_procel_eficiencia_edificios_publicos.pdf,Guia de Eficiência Energética em Edifícios Públicos,PROCEL / Ministério de Minas e Energia,relatorio_tecnico,eficiencia_energetica,2025,vigente,guia técnico,eficiência energética em edificações públicas,174," 
  
www.labeee.ufsc.br 
2 
 
1. O PROJETO 
O projeto tem por objetivo a simulação energética do prédio do Ministério de Minas e 
Energia, localizado em Brasília – DF. Este objetivo visa avaliar o potencial de transformar o 
prédio do Ministério de Minas e Energia em um edifício de energia zero. 
Dentre as atividades que compõem este estudo, contemplam: 
- Etapa 01: Simulação da situação real da edificação; 
- Etapa 02: Calibração do modelo computacional e simulação das alternativas de 
revitalização (retrofit); 
- Etapa 03: Verificação da viabilidade de implantação de cada alternativa de retrofit. 
Ressalta-se que neste relatório serão apresentadas as atividades referentes à Etapa 
02. 
 
2. CALIBRAÇÃO DO MODELO COMPUTACIONAL 
A elaboração de um modelo de simulação energética requer a sua calibração, que no 
caso de edificações existentes consiste em ajustar parâmetros do modelo para uma adequada 
representação da realidade. Nessa calibração, os resultados estimados pela ferramenta de 
simulação são comparados com os dados de desempenho registrados no prédio. 
2.1 
CONTAS DE ENERGIA 
As contas de energia elétrica referente ao ano de 2012 do prédio do Ministério de 
Minas e Energia foram encaminhadas pelo Centro de Pesquisas de Energia Elétrica - CEPEL. 
No prédio em estudo existem dois medidores de energia elétrica: um para o sistema de 
condicionamento de ar e outro para sistema de iluminação e equipamentos existentes no 
prédio. O resumo dos valores de consumo (kWh) de ambas as contas de energia elétrica 
podem ser observados através da Tabela 1. 
Ressalta-se que os consumos de energia elétrica fornecidos na conta referem-se ao 
mês anterior da cobrança (a leitura foi realizada no início do mês da cobrança). 
 
 
 
 
 
",1752,"1. O PROJETO 
O projeto tem por objetivo a simulação energética do prédio do Ministério de Minas e 
Energia, localizado em Brasília – DF. Este objetivo visa avaliar o potencial de transformar o 
prédio do Ministério de Minas e Energia em um edifício de energia zero. 
Dentre as atividades que compõem este estudo, contemplam: 
- Etapa 01: Simulação da situação real da edificação; 
- Etapa 02: Calibração do modelo computacional e simulação das alternativas de 
revitalização (retrofit); 
- Etapa 03: Verificação da viabilidade de implantação de cada alternativa de retrofit. 
Ressalta-se que neste relatório serão apresentadas as atividades referentes à Etapa 
02. 
 
2. CALIBRAÇÃO DO MODELO COMPUTACIONAL 
A elaboração de um modelo de simulação energética requer a sua calibração, que no 
caso de edificações existentes consiste em ajustar parâmetros do modelo para uma adequada 
representação da realidade. Nessa calibração, os resultados estimados pela ferramenta de 
simulação são comparados com os dados de desempenho registrados no prédio. 
2.1 
CONTAS DE ENERGIA 
As contas de energia elétrica referente ao ano de 2012 do prédio do Ministério de 
Minas e Energia foram encaminhadas pelo Centro de Pesquisas de Energia Elétrica - CEPEL. 
No prédio em estudo existem dois medidores de energia elétrica: um para o sistema de 
condicionamento de ar e outro para sistema de iluminação e equipamentos existentes no 
prédio. O resumo dos valores de consumo (kWh) de ambas as contas de energia elétrica 
podem ser observados através da Tabela 1. 
Ressalta-se que os consumos de energia elétrica fornecidos na conta referem-se ao 
mês anterior da cobrança (a leitura foi realizada no início do mês da cobrança).",1752,1710
06_procel_eficiencia_edificios_publicos.pdf,Guia de Eficiência Energética em Edifícios Públicos,PROCEL / Ministério de Minas e Energia,relatorio_tecnico,eficiencia_energetica,2025,vigente,guia técnico,eficiência energética em edificações públicas,175," 
  
www.labeee.ufsc.br 
3 
 
Tabela 1. Consumo do prédio do MME para o ano de 2012. 
 
CONSUMO (kWh) 
Iluminação + 
 Equipamentos 
Sistema de  
condicionamento de ar 
Janeiro 
151.632 
58.215 
Fevereiro 
127.644 
58.594 
Março 
151.815 
68.230 
Abril 
150.079 
64.451 
Maio 
146.537 
35.459 
Junho 
151.330 
40.537 
Julho 
154.649 
37.830 
Agosto 
147.483 
40.470 
Setembro 
152.376 
86.768 
Outubro 
149.888 
86.476 
Novembro  
146.924 
71.504 
Dezembro 
142.768 
86.211 
 
 
Pode-se observar que o consumo com relação ao sistema de iluminação e 
equipamentos é praticamente constante durante o ano de 2012, apresentando uma média de 
147.760 kWh. Somente o mês de Fevereiro apresentou um consumo inferior aos outros 
meses, com uma diferença de 20.116 kWh (14%) com relação à média do consumo calculada 
para o ano de 2012. 
Com relação ao sistema de condicionamento de ar, pode-se observar que os maiores 
consumos de energia são referentes aos meses de Setembro a Dezembro. Nota-se que os 
meses de Maio a Agosto (período de inverno) apresentam a metade do consumo observado 
para os meses de Setembro a Dezembro. Os meses de Janeiro e Fevereiro (período de verão) 
também apresentam baixo consumo com relação ao consumo dos meses de Setembro a 
Dezembro. Este fato foi justificado pelo Centro de Pesquisas de Energia Elétrica - CEPEL, 
ressaltando que entre os meses de Janeiro e Fevereiro a maioria dos funcionários tira férias 
neste período. 
 
2.2 
CARGAS INTERNAS 
Foram realizadas visitas técnicas ao prédio do Ministério de Minas e Energia, onde se 
observou as rotinas de ocupação dos usuários e o uso dos sistemas existentes em cada 
pavimento do edifício. 
",1673,"Tabela 1. Consumo do prédio do MME para o ano de 2012. 
 
CONSUMO (kWh) 
Iluminação + 
 Equipamentos 
Sistema de 
condicionamento de ar 
Janeiro 
151.632 
58.215 
Fevereiro 
127.644 
58.594 
Março 
151.815 
68.230 
Abril 
150.079 
64.451 
Maio 
146.537 
35.459 
Junho 
151.330 
40.537 
Julho 
154.649 
37.830 
Agosto 
147.483 
40.470 
Setembro 
152.376 
86.768 
Outubro 
149.888 
86.476 
Novembro 
146.924 
71.504 
Dezembro 
142.768 
86.211 
 
 
Pode-se observar que o consumo com relação ao sistema de iluminação e 
equipamentos é praticamente constante durante o ano de 2012, apresentando uma média de 
147.760 kWh. Somente o mês de Fevereiro apresentou um consumo inferior aos outros 
meses, com uma diferença de 20.116 kWh (14%) com relação à média do consumo calculada 
para o ano de 2012. 
Com relação ao sistema de condicionamento de ar, pode-se observar que os maiores 
consumos de energia são referentes aos meses de Setembro a Dezembro. Nota-se que os 
meses de Maio a Agosto (período de inverno) apresentam a metade do consumo observado 
para os meses de Setembro a Dezembro. Os meses de Janeiro e Fevereiro (período de verão) 
também apresentam baixo consumo com relação ao consumo dos meses de Setembro a 
Dezembro. Este fato foi justificado pelo Centro de Pesquisas de Energia Elétrica - CEPEL, 
ressaltando que entre os meses de Janeiro e Fevereiro a maioria dos funcionários tira férias 
neste período. 
 
2.2 
CARGAS INTERNAS 
Foram realizadas visitas técnicas ao prédio do Ministério de Minas e Energia, onde se 
observou as rotinas de ocupação dos usuários e o uso dos sistemas existentes em cada 
pavimento do edifício.",1673,1639
06_procel_eficiencia_edificios_publicos.pdf,Guia de Eficiência Energética em Edifícios Públicos,PROCEL / Ministério de Minas e Energia,relatorio_tecnico,eficiencia_energetica,2025,vigente,guia técnico,eficiência energética em edificações públicas,176," 
  
www.labeee.ufsc.br 
4 
 
As cargas do sistema de iluminação, equipamentos, cargas de emergência e cargas 
nominais, assim como a potência média do sistema de condicionamento de ar foram 
estabelecidas de acordo com as medições realizadas pelo Centro de Pesquisas de Energia 
Elétrica - CEPEL, conforme apresentado no relatório da Etapa 01. Estas medições foram 
realizadas em três períodos distintos, utilizando seis analisadores de energia elétrica de 
fabricação Yokogawa, modelo CW 240. As datas das medições realizadas são: 05/02/2013 a 
20/02/2013; 20/02/2013 a 08/03/2013; e 11/04/2013 a 27/04/2013. Ressalta-se que as 
medições do sistema de iluminação foram realizadas no 6o pavimento do prédio do MME.  
O Centro de Pesquisas de Energia Elétrica - CEPEL informou sobre a existência de 
cargas permanentemente ligadas no prédio do MME, como: o sistema de condicionamento de 
ar da sala dos no-breaks, sala do arquivo central, sala plenária, restaurante, Data Center da 
Sala Cofre e Iluminação ornamental. Destacou também que os equipamentos de informática, 
exceto as impressoras, são supridos pelo no-break (através de três quadros de cargas 
essenciais existentes em cada um dos pavimentos). Com relação às cargas permanentes, foi 
informado que o prédio do Ministério de Minas e Energia possui uma demanda praticamente 
constante de 125 kW (80 kW de cargas de emergência, 20 kW de cargas normais e 25 kW do 
sistema de condicionamento de ar). 
 
2.2.1 SISTEMA DE ILUMINAÇÃO E EQUIPAMENTOS 
O Centro de Pesquisas de Energia Elétrica - CEPEL instalou três analisadores de 
energia elétrica no sexto pavimento do prédio do Ministério de Minas e Energia: um no setor 
denominado como Norte, outro no setor Sul e no setor Centro. Os analisadores instalados no 
setor Norte e Centro monitoraram o perfil de carga do sistema de iluminação. No setor Sul, o 
analisador instalado monitorou os perfis de carga das tomadas de uso comum e também do 
sistema de iluminação. Observou-se que existem duas copas localizadas nas extremidades do 
sexto pavimento (uma no setor Norte e outra no setor Sul), sendo que em cada uma delas 
estão instalados uma cafeteira, uma geladeira e um micro-ondas.  
O sistema de iluminação dos ambientes analisados possui iluminação artificial através 
de conjunto de lâmpadas fluorescentes T5. Através das medições realizadas e da visita in loco 
observou-se que o sistema de iluminação permanece ligado das 7h00 às 21h00 para os dias 
de semana (Figura 1). Após a instalação do novo sistema de gerenciamento do sistema de 
iluminação, nota-se a existência de uma carga residual da ordem de 37 W a qual permanece 
ligada durante 24h00 para todos os dias da semana. 
 
 
 
",2707,"As cargas do sistema de iluminação, equipamentos, cargas de emergência e cargas 
nominais, assim como a potência média do sistema de condicionamento de ar foram 
estabelecidas de acordo com as medições realizadas pelo Centro de Pesquisas de Energia 
Elétrica - CEPEL, conforme apresentado no relatório da Etapa 01. Estas medições foram 
realizadas em três períodos distintos, utilizando seis analisadores de energia elétrica de 
fabricação Yokogawa, modelo CW 240. As datas das medições realizadas são: 05/02/2013 a 
20/02/2013; 20/02/2013 a 08/03/2013; e 11/04/2013 a 27/04/2013. Ressalta-se que as 
medições do sistema de iluminação foram realizadas no 6o pavimento do prédio do MME. 
O Centro de Pesquisas de Energia Elétrica - CEPEL informou sobre a existência de 
cargas permanentemente ligadas no prédio do MME, como: o sistema de condicionamento de 
ar da sala dos no-breaks, sala do arquivo central, sala plenária, restaurante, Data Center da 
Sala Cofre e Iluminação ornamental. Destacou também que os equipamentos de informática, 
exceto as impressoras, são supridos pelo no-break (através de três quadros de cargas 
essenciais existentes em cada um dos pavimentos). Com relação às cargas permanentes, foi 
informado que o prédio do Ministério de Minas e Energia possui uma demanda praticamente 
constante de 125 kW (80 kW de cargas de emergência, 20 kW de cargas normais e 25 kW do 
sistema de condicionamento de ar). 
 
2.2.1 SISTEMA DE ILUMINAÇÃO E EQUIPAMENTOS 
O Centro de Pesquisas de Energia Elétrica - CEPEL instalou três analisadores de 
energia elétrica no sexto pavimento do prédio do Ministério de Minas e Energia: um no setor 
denominado como Norte, outro no setor Sul e no setor Centro. Os analisadores instalados no 
setor Norte e Centro monitoraram o perfil de carga do sistema de iluminação. No setor Sul, o 
analisador instalado monitorou os perfis de carga das tomadas de uso comum e também do 
sistema de iluminação. Observou-se que existem duas copas localizadas nas extremidades do 
sexto pavimento (uma no setor Norte e outra no setor Sul), sendo que em cada uma delas 
estão instalados uma cafeteira, uma geladeira e um micro-ondas. 
O sistema de iluminação dos ambientes analisados possui iluminação artificial através 
de conjunto de lâmpadas fluorescentes T5. Através das medições realizadas e da visita in loco 
observou-se que o sistema de iluminação permanece ligado das 7h00 às 21h00 para os dias 
de semana (Figura 1). Após a instalação do novo sistema de gerenciamento do sistema de 
iluminação, nota-se a existência de uma carga residual da ordem de 37 W a qual permanece 
ligada durante 24h00 para todos os dias da semana.",2707,2667
06_procel_eficiencia_edificios_publicos.pdf,Guia de Eficiência Energética em Edifícios Públicos,PROCEL / Ministério de Minas e Energia,relatorio_tecnico,eficiencia_energetica,2025,vigente,guia técnico,eficiência energética em edificações públicas,177," 
  
www.labeee.ufsc.br 
5 
 
 A densidade de potência do sistema de iluminação variou em torno de 6 a 9 W/m2 
nas 122 zonas térmicas, considerando o sistema de emergência. 
 
0
10
20
30
40
50
60
70
80
90
100
1 2 3 4 5 6 7 8 9 1011 1213 1415 1617 1819 2021 2223 24
Iluminação (%)
Horas
 
Figura 1 – Padrão de uso do sistema de iluminação – dia de semana. 
 
Com relação aos equipamentos instalados, observou-se através da visita in loco que 
as pessoas que trabalham nos escritórios possuem um computador na sua respectiva 
bancada de trabalho. Para cada computador foi estipulado uma potência de 150 W. 
Através das medições realizadas pelo Centro de Pesquisas de Energia Elétrica - CEPEL 
no setor Sul do sexto pavimento foi possível estimar os perfis de carga das tomadas de uso 
comum, e os equipamentos presentes nos ambientes da copa.  
Estabeleceu-se um padrão de uso para o funcionamento dos computadores das 7h00 
às 18h00 para os dias de semana, com uma carga residual inferior a 10% no restante das 
horas. Para os finais de semana, considerou-se um funcionamento de 5% dos equipamentos 
durante 24h00. A densidade de potência do sistema de equipamentos variou em torno de 10 
a 25 W/m2 nas 122 zonas térmicas.  
 
",1226,"A densidade de potência do sistema de iluminação variou em torno de 6 a 9 W/m2 
nas 122 zonas térmicas, considerando o sistema de emergência. 
 
 
 
 
 
 
 
 
 
 
 
1 2 3 4 5 6 7 8 9 1011 1213 1415 1617 1819 2021 2223 24
Iluminação (%)
Horas
 
Figura 1 – Padrão de uso do sistema de iluminação – dia de semana. 
 
Com relação aos equipamentos instalados, observou-se através da visita in loco que 
as pessoas que trabalham nos escritórios possuem um computador na sua respectiva 
bancada de trabalho. Para cada computador foi estipulado uma potência de 150 W. 
Através das medições realizadas pelo Centro de Pesquisas de Energia Elétrica - CEPEL 
no setor Sul do sexto pavimento foi possível estimar os perfis de carga das tomadas de uso 
comum, e os equipamentos presentes nos ambientes da copa. 
Estabeleceu-se um padrão de uso para o funcionamento dos computadores das 7h00 
às 18h00 para os dias de semana, com uma carga residual inferior a 10% no restante das 
horas. Para os finais de semana, considerou-se um funcionamento de 5% dos equipamentos 
durante 24h00. A densidade de potência do sistema de equipamentos variou em torno de 10 
a 25 W/m2 nas 122 zonas térmicas.",1226,1176
06_procel_eficiencia_edificios_publicos.pdf,Guia de Eficiência Energética em Edifícios Públicos,PROCEL / Ministério de Minas e Energia,relatorio_tecnico,eficiencia_energetica,2025,vigente,guia técnico,eficiência energética em edificações públicas,178," 
  
www.labeee.ufsc.br 
6 
0
10
20
30
40
50
60
70
80
90
100
1 2 3 4 5 6 7 8 9 10 1112 1314 15 16 17 18 19 20 21 2223 24
Equipamentos (%)
Horas
 
Figura 2 – Padrão de uso dos equipamentos – dia de semana. 
 
2.2.2 SISTEMA DE CONDICIONAMENTO DE AR 
O sistema de condicionamento de ar presente no Ministério de Minas e Energia é 
composto por sistemas splits. Durante a visita in loco foi observado que a capacidade (Btu/h) 
dos sistemas de condicionamento de ar varia de 12.000 Btu/h a 48.000 Btu/h. Analisando o 
nível de eficiência, observou-se que a maioria dos equipamentos apresenta Nível C de acordo 
com a Tabela do Inmetro para condicionadores de ar do tipo split (Figura 3). Ou seja, um 
Coeficiente de Performance (COP) entre o valor de 2,80 a 3,0. 
 
 
Figura 3 – Tabela do nível de eficiência dos condicionadores de ar do tipo split. 
Fonte: Inmetro. 
 
A potência média do uso dos sistemas de condicionamento de ar instalados no prédio 
do Ministério de Minas e Energia foi obtida através das medições realizadas pelo Centro de 
Pesquisas de Energia Elétrica - CEPEL, conforme mencionado anteriormente. Um dos 
equipamentos de analisadores de energia foi instalado no alimentador trifásico geral do painel  
",1220,"1 2 3 4 5 6 7 8 9 10 1112 1314 15 16 17 18 19 20 21 2223 24
Equipamentos (%)
Horas
 
Figura 2 – Padrão de uso dos equipamentos – dia de semana. 
 
2.2.2 SISTEMA DE CONDICIONAMENTO DE AR 
O sistema de condicionamento de ar presente no Ministério de Minas e Energia é 
composto por sistemas splits. Durante a visita in loco foi observado que a capacidade (Btu/h) 
dos sistemas de condicionamento de ar varia de 12.000 Btu/h a 48.000 Btu/h. Analisando o 
nível de eficiência, observou-se que a maioria dos equipamentos apresenta Nível C de acordo 
com a Tabela do Inmetro para condicionadores de ar do tipo split (Figura 3). Ou seja, um 
Coeficiente de Performance (COP) entre o valor de 2,80 a 3,0. 
 
 
Figura 3 – Tabela do nível de eficiência dos condicionadores de ar do tipo split. 
Fonte: Inmetro. 
 
A potência média do uso dos sistemas de condicionamento de ar instalados no prédio 
do Ministério de Minas e Energia foi obtida através das medições realizadas pelo Centro de 
Pesquisas de Energia Elétrica - CEPEL, conforme mencionado anteriormente. Um dos 
equipamentos de analisadores de energia foi instalado no alimentador trifásico geral do painel",1220,1156
06_procel_eficiencia_edificios_publicos.pdf,Guia de Eficiência Energética em Edifícios Públicos,PROCEL / Ministério de Minas e Energia,relatorio_tecnico,eficiencia_energetica,2025,vigente,guia técnico,eficiência energética em edificações públicas,179," 
  
www.labeee.ufsc.br 
7 
 
de distribuição dedicado aos aparelhos de ar condicionado, localizado no subsolo do prédio. 
Com base nestas medições, também foi possível observar o padrão de uso dos sistemas de 
condicionamento de ar.  
Para os sistemas de condicionamento de ar presentes nos ambientes de escritórios, 
adotou-se um padrão de uso das 8h00 às 22h00 para os dias de semana, conforme 
apresentado na Figura 4. Para os finais de semana não foi considerado o uso do sistema de 
condicionamento de ar. Nota-se que o padrão de uso do sistema de condicionamento de ar 
não é contínuo, variando durante as horas do dia. Este padrão de uso foi adotado para 
representar as medições realizadas pelo Centro de Pesquisas de Energia Elétrica – CEPEL. 
Para os ambientes do arquivo central, sala plenária e sala do Data Center da sala cofre foi 
considerado um padrão de uso contínuo de 24h00 para todos os dias da semana. 
 
0
10
20
30
40
50
60
70
80
90
100
1 2 3 4 5 6 7 8 9 101112131415161718192021222324
Sistema de condicionamento 
de ar (%)
Horas
 
Figura 4 – Padrão de uso dos sistemas de condicionamento de ar nos escritórios – dia de 
semana. 
 
Para representar o sistema de condicionamento de ar presente no prédio do Ministério 
de Minas e Energia, foi modelado no programa EnergyPlus um sistema de condicionamento 
de ar do tipo split, sem renovação de ar. O sistema foi modelado somente para resfriamento 
do ambiente, considerando uma temperatura de setpoint de 24oC. O valor do Coeficiente de 
Performance adotado foi de 2,8.  
 
2.2.3 OCUPAÇÃO 
Através da visita in loco e das plantas arquitetônicas, também foi possível observar a 
ocupação dos ambientes do prédio do Ministério de Minas e Energia. O programa EnergyPlus 
permite que seja definida uma carga de ocupação através de m2/pessoa. Onde, considerou-se 
uma densidade de 5 m2/pessoa para as zonas que contemplam os gabinetes e uma 
",1909,"de distribuição dedicado aos aparelhos de ar condicionado, localizado no subsolo do prédio. 
Com base nestas medições, também foi possível observar o padrão de uso dos sistemas de 
condicionamento de ar. 
Para os sistemas de condicionamento de ar presentes nos ambientes de escritórios, 
adotou-se um padrão de uso das 8h00 às 22h00 para os dias de semana, conforme 
apresentado na Figura 4. Para os finais de semana não foi considerado o uso do sistema de 
condicionamento de ar. Nota-se que o padrão de uso do sistema de condicionamento de ar 
não é contínuo, variando durante as horas do dia. Este padrão de uso foi adotado para 
representar as medições realizadas pelo Centro de Pesquisas de Energia Elétrica – CEPEL. 
Para os ambientes do arquivo central, sala plenária e sala do Data Center da sala cofre foi 
considerado um padrão de uso contínuo de 24h00 para todos os dias da semana. 
 
 
 
 
 
 
 
 
 
 
 
1 2 3 4 5 6 7 8 9 101112131415161718192021222324
Sistema de condicionamento 
de ar (%)
Horas
 
Figura 4 – Padrão de uso dos sistemas de condicionamento de ar nos escritórios – dia de 
semana. 
 
Para representar o sistema de condicionamento de ar presente no prédio do Ministério 
de Minas e Energia, foi modelado no programa EnergyPlus um sistema de condicionamento 
de ar do tipo split, sem renovação de ar. O sistema foi modelado somente para resfriamento 
do ambiente, considerando uma temperatura de setpoint de 24oC. O valor do Coeficiente de 
Performance adotado foi de 2,8. 
 
2.2.3 OCUPAÇÃO 
Através da visita in loco e das plantas arquitetônicas, também foi possível observar a 
ocupação dos ambientes do prédio do Ministério de Minas e Energia. O programa EnergyPlus 
permite que seja definida uma carga de ocupação através de m2/pessoa. Onde, considerou-se 
uma densidade de 5 m2/pessoa para as zonas que contemplam os gabinetes e uma",1909,1862
06_procel_eficiencia_edificios_publicos.pdf,Guia de Eficiência Energética em Edifícios Públicos,PROCEL / Ministério de Minas e Energia,relatorio_tecnico,eficiencia_energetica,2025,vigente,guia técnico,eficiência energética em edificações públicas,180," 
  
www.labeee.ufsc.br 
8 
 
densidade de 3 m2/pessoa para as zonas dos escritórios. O padrão de ocupação destas zonas 
variou das 8h00 às 21h00 para os dias de semana, como pode ser observado na Figura 5. 
Para os finais de semana não foi considerada a ocupação destas zonas.  
 
0
10
20
30
40
50
60
70
80
90
100
1 2 3 4 5 6 7 8 9 1011 1213 1415 1617 1819 2021 2223 24
Ocupação (%)
Horas
 
Figura 5 – Padrão de uso da ocupação nos gabinetes e escritórios – dia de semana. 
 
 
Para determinar a carga interna total gerada por cada pessoa ao ambiente, deve-se 
determinar no programa EnergyPlus os valores de taxa de metabolismo. Esta taxa de 
metabolismo corresponde a atividade que cada pessoa está exercendo dentro do ambiente. 
Para os gabinetes e os escritórios, determinou-se uma taxa de 120 W/pessoa. Este valor foi 
determinado de acordo com a Tabela 11 do documento Input/Output Reference do programa 
EnergyPlus (Table 11. Metabolic Rates for Various Activities). 
Para o restaurante, considerou-se uma densidade de 2 m2/pessoa de ocupação. O 
padrão de ocupação desta zona variou das 8h00 às 16h00 para os dias de semana, como 
pode ser observado na Figura 6. Para os finais de semana não foi considerada a ocupação 
destas zonas.  
 
",1247,"densidade de 3 m2/pessoa para as zonas dos escritórios. O padrão de ocupação destas zonas 
variou das 8h00 às 21h00 para os dias de semana, como pode ser observado na Figura 5. 
Para os finais de semana não foi considerada a ocupação destas zonas. 
 
 
 
 
 
 
 
 
 
 
 
1 2 3 4 5 6 7 8 9 1011 1213 1415 1617 1819 2021 2223 24
Ocupação (%)
Horas
 
Figura 5 – Padrão de uso da ocupação nos gabinetes e escritórios – dia de semana. 
 
 
Para determinar a carga interna total gerada por cada pessoa ao ambiente, deve-se 
determinar no programa EnergyPlus os valores de taxa de metabolismo. Esta taxa de 
metabolismo corresponde a atividade que cada pessoa está exercendo dentro do ambiente. 
Para os gabinetes e os escritórios, determinou-se uma taxa de 120 W/pessoa. Este valor foi 
determinado de acordo com a Tabela 11 do documento Input/Output Reference do programa 
EnergyPlus (Table 11. Metabolic Rates for Various Activities). 
Para o restaurante, considerou-se uma densidade de 2 m2/pessoa de ocupação. O 
padrão de ocupação desta zona variou das 8h00 às 16h00 para os dias de semana, como 
pode ser observado na Figura 6. Para os finais de semana não foi considerada a ocupação 
destas zonas.",1247,1198
06_procel_eficiencia_edificios_publicos.pdf,Guia de Eficiência Energética em Edifícios Públicos,PROCEL / Ministério de Minas e Energia,relatorio_tecnico,eficiencia_energetica,2025,vigente,guia técnico,eficiência energética em edificações públicas,181," 
  
www.labeee.ufsc.br 
9 
0
10
20
30
40
50
60
70
80
90
100
1 2 3 4 5 6 7 8 9 1011 1213 1415 1617 1819 2021 2223 24
Ocupação (%)
Horas
 
 Figura 6 – Padrão de uso da ocupação no restaurante – dia de semana. 
 
Ressalta-se que foi elaborado um padrão de uso com menor percentagem de 
ocupação para os meses de Janeiro a Março pela razão da maioria dos funcionários estar em 
período de férias.  
 
2.3 
CONSUMO DO MODELO BASE 
A etapa da calibração tem a função de ajustar as variáveis de entrada do modelo 
base, para que este tenha um desempenho semelhante ao do caso real. A calibração é uma 
etapa necessária e importante a qual tem como principal objetivo o de aumentar a precisão e 
fidelidade do modelo.  
Uma vez que o prédio do Ministério de Minas e Energia apresenta a existência de dois 
medidores de energia elétrica: um para o sistema de condicionamento de ar e outro para 
sistema de iluminação e equipamentos, foi possível observar o consumo destes sistemas 
separadamente.  
Através da Figura 7 pode-se observar a comparação de consumo de energia mensal 
do sistema de iluminação, equipamentos e cargas de emergência entre os dados de 
desempenho registrados no prédio (Real) com o consumo estimado pela ferramenta de 
simulação computacional (Modelo base). Nota-se a presença de uma carga fixa durante todo 
o ano para estimar o consumo constante de aproximadamente 80 kW de cargas de 
emergência e 20 kW de cargas nominais e 25 kW do sistema de condicionamento de ar, 
presentes no prédio do Ministério de Minas e Energia.  
A comparação entre o consumo de energia mensal do sistema de condicionamento de 
ar entre os dados de desempenho registrados no prédio (Real) com o consumo estimado pela 
ferramenta de simulação computacional (Modelo base) pode ser observada através da Figura 
8. 
",1808,"1 2 3 4 5 6 7 8 9 1011 1213 1415 1617 1819 2021 2223 24
Ocupação (%)
Horas
 
 Figura 6 – Padrão de uso da ocupação no restaurante – dia de semana. 
 
Ressalta-se que foi elaborado um padrão de uso com menor percentagem de 
ocupação para os meses de Janeiro a Março pela razão da maioria dos funcionários estar em 
período de férias. 
 
2.3 
CONSUMO DO MODELO BASE 
A etapa da calibração tem a função de ajustar as variáveis de entrada do modelo 
base, para que este tenha um desempenho semelhante ao do caso real. A calibração é uma 
etapa necessária e importante a qual tem como principal objetivo o de aumentar a precisão e 
fidelidade do modelo. 
Uma vez que o prédio do Ministério de Minas e Energia apresenta a existência de dois 
medidores de energia elétrica: um para o sistema de condicionamento de ar e outro para 
sistema de iluminação e equipamentos, foi possível observar o consumo destes sistemas 
separadamente. 
Através da Figura 7 pode-se observar a comparação de consumo de energia mensal 
do sistema de iluminação, equipamentos e cargas de emergência entre os dados de 
desempenho registrados no prédio (Real) com o consumo estimado pela ferramenta de 
simulação computacional (Modelo base). Nota-se a presença de uma carga fixa durante todo 
o ano para estimar o consumo constante de aproximadamente 80 kW de cargas de 
emergência e 20 kW de cargas nominais e 25 kW do sistema de condicionamento de ar, 
presentes no prédio do Ministério de Minas e Energia. 
A comparação entre o consumo de energia mensal do sistema de condicionamento de 
ar entre os dados de desempenho registrados no prédio (Real) com o consumo estimado pela 
ferramenta de simulação computacional (Modelo base) pode ser observada através da Figura 
8.",1808,1741
06_procel_eficiencia_edificios_publicos.pdf,Guia de Eficiência Energética em Edifícios Públicos,PROCEL / Ministério de Minas e Energia,relatorio_tecnico,eficiencia_energetica,2025,vigente,guia técnico,eficiência energética em edificações públicas,182," 
  
www.labeee.ufsc.br 
10
0
20000
40000
60000
80000
100000
120000
140000
160000
180000
Janeiro
Fevereiro
Março
Abril
Maio
Junho
Julho
Agosto
Setembro
Outubro
Novembro 
Dezembro
Consumo (kWh)
Iluminação + Equipamentos + Cargas de emergência
Real
Modelo base
Carga fixa
 
Figura 7 – Consumo do sistema de iluminação, equipamentos e carga de emergência do 
modelo base. 
0
10000
20000
30000
40000
50000
60000
70000
80000
90000
100000
Janeiro
Fevereiro
Março
Abril
Maio
Junho
Julho
Agosto
Setembro
Outubro
Novembro 
Dezembro
Consumo (kWh)
Sistema de condicionamento de ar
Real
Modelo base
 
Figura 8 – Consumo do sistema de condicionamento de ar do modelo base. 
 
Os valores encontrados entre o consumo de energia total dos dados de desempenho 
registrados no prédio (Real) com o consumo estimado pela ferramenta de simulação 
computacional (Modelo base) podem ser observados através da Figura 9.  
",898,"Janeiro
Fevereiro
Março
Abril
Maio
Junho
Julho
Agosto
Setembro
Outubro
Novembro 
Dezembro
Consumo (kWh)
Iluminação + Equipamentos + Cargas de emergência
Real
Modelo base
Carga fixa
 
Figura 7 – Consumo do sistema de iluminação, equipamentos e carga de emergência do 
modelo base. 
 
 
 
 
 
 
 
 
 
 
 
Janeiro
Fevereiro
Março
Abril
Maio
Junho
Julho
Agosto
Setembro
Outubro
Novembro 
Dezembro
Consumo (kWh)
Sistema de condicionamento de ar
Real
Modelo base
 
Figura 8 – Consumo do sistema de condicionamento de ar do modelo base. 
 
Os valores encontrados entre o consumo de energia total dos dados de desempenho 
registrados no prédio (Real) com o consumo estimado pela ferramenta de simulação 
computacional (Modelo base) podem ser observados através da Figura 9.",898,765
06_procel_eficiencia_edificios_publicos.pdf,Guia de Eficiência Energética em Edifícios Públicos,PROCEL / Ministério de Minas e Energia,relatorio_tecnico,eficiencia_energetica,2025,vigente,guia técnico,eficiência energética em edificações públicas,183," 
  
www.labeee.ufsc.br 
11
 
0
30000
60000
90000
120000
150000
180000
210000
240000
270000
Janeiro
Fevereiro
Março
Abril
Maio
Junho
Julho
Agosto
Setembro
Outubro
Novembro 
Dezembro
Consumo (kWh)
Consumo de energia total 
Real
Modelo base
 
Figura 9 – Consumo de energia total do modelo base. 
 
Os valores da diferença encontrada do consumo de energia total entre o registro do 
prédio Real e do Modelo base podem ser observados na Tabela 2. Nota-se que a maior 
diferença encontrada é para o mês de Março. Para os outros meses analisados, a diferença 
encontrada é de próxima ou inferior a 10%. Para todos os meses, o consumo mensal do 
registro do prédio Real é superior ao consumo do Modelo Base, exceto para o mês de Maio. 
Portanto, frente às diferenças encontradas e a incerteza dos valores levantados em 
razão da limitação de tempo e recursos, considera-se o modelo calibrado.  
 
 
 
 
 
 
 
 
 
 
 
 
 
 
",916,"Janeiro
Fevereiro
Março
Abril
Maio
Junho
Julho
Agosto
Setembro
Outubro
Novembro 
Dezembro
Consumo (kWh)
Consumo de energia total 
Real
Modelo base
 
Figura 9 – Consumo de energia total do modelo base. 
 
Os valores da diferença encontrada do consumo de energia total entre o registro do 
prédio Real e do Modelo base podem ser observados na Tabela 2. Nota-se que a maior 
diferença encontrada é para o mês de Março. Para os outros meses analisados, a diferença 
encontrada é de próxima ou inferior a 10%. Para todos os meses, o consumo mensal do 
registro do prédio Real é superior ao consumo do Modelo Base, exceto para o mês de Maio. 
Portanto, frente às diferenças encontradas e a incerteza dos valores levantados em 
razão da limitação de tempo e recursos, considera-se o modelo calibrado.",916,793
06_procel_eficiencia_edificios_publicos.pdf,Guia de Eficiência Energética em Edifícios Públicos,PROCEL / Ministério de Minas e Energia,relatorio_tecnico,eficiencia_energetica,2025,vigente,guia técnico,eficiência energética em edificações públicas,184," 
  
www.labeee.ufsc.br 
12
 
Tabela 2 – Comparação entre o consumo do sistema de do sistema de iluminação, 
equipamentos e carga de emergência do Real e do Modelo base.  
 
Consumo (kWh) 
Diferença  
(kWh) 
Diferença  
(%) 
Real 
Modelo Base 
Janeiro 
209.847 
181.302 
28.545 
13,60 
Fevereiro 
186.238 
165.806 
20.432 
10,97 
Março 
220.045 
174.113 
45.932 
20,87 
Abril 
214.530 
204.415 
10.115 
4,71 
Maio 
181.996 
182.036 
-40 
-0,02 
Junho 
191.867 
173.758 
18.109 
9,44 
Julho 
192.479 
181.073 
11.406 
5,93 
Agosto 
187.953 
187.137 
816 
0,43 
Setembro 
239.144 
208.778 
30.366 
12,70 
Outubro 
236.364 
210.537 
25.827 
10,93 
Novembro  
218.428 
206.965 
11.463 
5,25 
Dezembro 
228.979 
216.850 
12.129 
5,30 
TOTAL 
2.507.870 
2.292.770 
215.100 
8,58 
 
 
3. SIMULAÇÃO DAS ALTERNATIVAS DE REVITALIZAÇÃO (RETROFIT) 
Após a calibração do modelo, foram analisadas alternativas de retrofit visando o 
aumento da eficiência energética da edificação. Dentre as alternativas consideradas, 
destacam-se: 
- Desempenho dos vidros: será analisada a utilização de vidros de alto desempenho; 
- Sistema de condicionamento de ar: será analisado o uso de sistemas de 
condicionamento de ar mais eficientes, destacando entre os sistemas o do tipo VRF;  
- Painel fotovoltaico: simular a edificação com o uso de um painel fotovoltaico. 
 
Cada uma das alternativas de retrofit foi inserida uma a uma no Modelo base para 
analisar a influência de cada alternativa isoladamente no consumo de energia total do prédio 
do Ministério de Minas e Energia. No final da análise, todas as alternativas que apresentam 
uma redução no consumo total da edificação foram consideradas no modelo base. Esta 
consideração permitiu observar a percentagem máxima de redução de consumo total obtida 
de acordo com as alternativas consideradas.  
 
",1834,"Tabela 2 – Comparação entre o consumo do sistema de do sistema de iluminação, 
equipamentos e carga de emergência do Real e do Modelo base. 
 
Consumo (kWh) 
Diferença 
(kWh) 
Diferença 
(%) 
Real 
Modelo Base 
Janeiro 
209.847 
181.302 
28.545 
13,60 
Fevereiro 
186.238 
165.806 
20.432 
10,97 
Março 
220.045 
174.113 
45.932 
20,87 
Abril 
214.530 
204.415 
10.115 
4,71 
Maio 
181.996 
182.036 
-40 
-0,02 
Junho 
191.867 
173.758 
18.109 
9,44 
Julho 
192.479 
181.073 
11.406 
5,93 
Agosto 
187.953 
187.137 
 
0,43 
Setembro 
239.144 
208.778 
30.366 
12,70 
Outubro 
236.364 
210.537 
25.827 
10,93 
Novembro 
218.428 
206.965 
11.463 
5,25 
Dezembro 
228.979 
216.850 
12.129 
5,30 
TOTAL 
2.507.870 
2.292.770 
215.100 
8,58 
 
 
3. SIMULAÇÃO DAS ALTERNATIVAS DE REVITALIZAÇÃO (RETROFIT) 
Após a calibração do modelo, foram analisadas alternativas de retrofit visando o 
aumento da eficiência energética da edificação. Dentre as alternativas consideradas, 
destacam-se: 
- Desempenho dos vidros: será analisada a utilização de vidros de alto desempenho; 
- Sistema de condicionamento de ar: será analisado o uso de sistemas de 
condicionamento de ar mais eficientes, destacando entre os sistemas o do tipo VRF; 
- Painel fotovoltaico: simular a edificação com o uso de um painel fotovoltaico. 
 
Cada uma das alternativas de retrofit foi inserida uma a uma no Modelo base para 
analisar a influência de cada alternativa isoladamente no consumo de energia total do prédio 
do Ministério de Minas e Energia. No final da análise, todas as alternativas que apresentam 
uma redução no consumo total da edificação foram consideradas no modelo base. Esta 
consideração permitiu observar a percentagem máxima de redução de consumo total obtida 
de acordo com as alternativas consideradas.",1834,1791
06_procel_eficiencia_edificios_publicos.pdf,Guia de Eficiência Energética em Edifícios Públicos,PROCEL / Ministério de Minas e Energia,relatorio_tecnico,eficiencia_energetica,2025,vigente,guia técnico,eficiência energética em edificações públicas,185," 
  
www.labeee.ufsc.br 
13
 
Com relação ao sistema de iluminação artificial, pode-se observar que o prédio do 
Ministério de Minas e Energia apresenta Nível de eficiência A de acordo com o RTQ-C. 
Portanto, considerando que a edificação em estudo apresenta um sistema de iluminação 
artificial eficiente, optou-se em não analisar a substituição deste sistema. 
 
3.1 
DESEMPENHO DOS VIDROS 
Para analisar o desempenho dos vidros do prédio do Ministério de Minas e Energia, 
optou-se em substituir na fachada Leste o vidro laminado incolor 6 mm com a película prata 
espelhada (marca Intercontrol) por um vidro duplo controle solar prata, e também por um 
vidro duplo LowE. Os valores de transmitância térmica dos tipos de vidro utilizados na 
simulação computacional podem ser observados na Tabela 3. 
 
Tabela 3 – Propriedades dos vidros utilizados na simulação computacional. 
Alternativas 
Tipo de Vidro 
U-Factor 
(W/m2K) 
Modelo base      Laminado incolor + película prata                             5,778 
Vidro 01 
Duplo (controle solar + ar + laminado incolor)           2,695 
Vidro 02 
Duplo (LowE + ar + monolítico incolor)                     1,592 
 
Os resultados do consumo final adotando as alternativas Vidro 01 (controle solar + ar 
+ laminado incolor) e Vidro 02 (LowE + ar + laminado monolítico incolor) podem ser 
observados na Tabela 4 e na Tabela 5, respectivamente.  
 
 
 
 
 
 
 
 
 
 
 
 
 
",1421,"Com relação ao sistema de iluminação artificial, pode-se observar que o prédio do 
Ministério de Minas e Energia apresenta Nível de eficiência A de acordo com o RTQ-C. 
Portanto, considerando que a edificação em estudo apresenta um sistema de iluminação 
artificial eficiente, optou-se em não analisar a substituição deste sistema. 
 
3.1 
DESEMPENHO DOS VIDROS 
Para analisar o desempenho dos vidros do prédio do Ministério de Minas e Energia, 
optou-se em substituir na fachada Leste o vidro laminado incolor 6 mm com a película prata 
espelhada (marca Intercontrol) por um vidro duplo controle solar prata, e também por um 
vidro duplo LowE. Os valores de transmitância térmica dos tipos de vidro utilizados na 
simulação computacional podem ser observados na Tabela 3. 
 
Tabela 3 – Propriedades dos vidros utilizados na simulação computacional. 
Alternativas 
Tipo de Vidro 
U-Factor 
(W/m2K) 
Modelo base Laminado incolor + película prata 5,778 
Vidro 01 
Duplo (controle solar + ar + laminado incolor) 2,695 
Vidro 02 
Duplo (LowE + ar + monolítico incolor) 1,592 
 
Os resultados do consumo final adotando as alternativas Vidro 01 (controle solar + ar 
+ laminado incolor) e Vidro 02 (LowE + ar + laminado monolítico incolor) podem ser 
observados na Tabela 4 e na Tabela 5, respectivamente.",1421,1299
06_procel_eficiencia_edificios_publicos.pdf,Guia de Eficiência Energética em Edifícios Públicos,PROCEL / Ministério de Minas e Energia,relatorio_tecnico,eficiencia_energetica,2025,vigente,guia técnico,eficiência energética em edificações públicas,186," 
  
www.labeee.ufsc.br 
14
 
Tabela 4 – Consumo do Modelo base considerando a alternativa Vidro 01. 
 
Consumo (kWh) 
Diferença  
(kWh) 
Diferença  
(%) 
Modelo base 
Modelo Base + Vidro 01 
Janeiro 
181.302 
172.851 
8.451 
4,66 
Fevereiro 
165.806 
157.769 
8.037 
4,85 
Março 
174.113 
166.848 
7.265 
4,17 
Abril 
204.415 
197.201 
7.214 
3,53 
Maio 
182.036 
178.147 
3.889 
2,14 
Junho 
173.758 
171.168 
2.590 
1,49 
Julho 
181.073 
177.920 
3.153 
1,74 
Agosto 
187.137 
181.222 
5.915 
3,16 
Setembro 
208.778 
199.726 
9.052 
4,34 
Outubro 
210.537 
202.313 
8.224 
3,91 
Novembro  
206.965 
197.968 
8.997 
4,35 
Dezembro 
216.850 
209.376 
7.474 
3,45 
TOTAL 
2.292.770 
2.212.509 
80.261 
3,50 
 
 
Tabela 5 – Consumo do Modelo base considerando a alternativa Vidro 02. 
 
Consumo (kWh) 
Diferença  
(kWh) 
Diferença  
(%) 
Modelo base 
Modelo Base + Vidro 02 
Janeiro 
181.302 
174.311 
6.991 
3,86 
Fevereiro 
165.806 
159.006 
6.800 
4,10 
Março 
174.113 
168.402 
5.711 
3,28 
Abril 
204.415 
198.633 
5.782 
2,83 
Maio 
182.036 
179.959 
2.077 
1,14 
Junho 
173.758 
173.335 
423 
0,24 
Julho 
181.073 
180.080 
993 
0,55 
Agosto 
187.137 
182.761 
4.376 
2,34 
Setembro 
208.778 
200.846 
7.932 
3,80 
Outubro 
210.537 
203.845 
6.692 
3,18 
Novembro  
206.965 
199.181 
7.784 
3,76 
Dezembro 
216.850 
211.246 
5.604 
2,58 
TOTAL 
2.292.770 
2.231.605 
61.165 
2,67 
",1388,"Tabela 4 – Consumo do Modelo base considerando a alternativa Vidro 01. 
 
Consumo (kWh) 
Diferença 
(kWh) 
Diferença 
(%) 
Modelo base 
Modelo Base + Vidro 01 
Janeiro 
181.302 
172.851 
8.451 
4,66 
Fevereiro 
165.806 
157.769 
8.037 
4,85 
Março 
174.113 
166.848 
7.265 
4,17 
Abril 
204.415 
197.201 
7.214 
3,53 
Maio 
182.036 
178.147 
3.889 
2,14 
Junho 
173.758 
171.168 
2.590 
1,49 
Julho 
181.073 
177.920 
3.153 
1,74 
Agosto 
187.137 
181.222 
5.915 
3,16 
Setembro 
208.778 
199.726 
9.052 
4,34 
Outubro 
210.537 
202.313 
8.224 
3,91 
Novembro 
206.965 
197.968 
8.997 
4,35 
Dezembro 
216.850 
209.376 
7.474 
3,45 
TOTAL 
2.292.770 
2.212.509 
80.261 
3,50 
 
 
Tabela 5 – Consumo do Modelo base considerando a alternativa Vidro 02. 
 
Consumo (kWh) 
Diferença 
(kWh) 
Diferença 
(%) 
Modelo base 
Modelo Base + Vidro 02 
Janeiro 
181.302 
174.311 
6.991 
3,86 
Fevereiro 
165.806 
159.006 
6.800 
4,10 
Março 
174.113 
168.402 
5.711 
3,28 
Abril 
204.415 
198.633 
5.782 
2,83 
Maio 
182.036 
179.959 
2.077 
1,14 
Junho 
173.758 
173.335 
 
0,24 
Julho 
181.073 
180.080 
 
0,55 
Agosto 
187.137 
182.761 
4.376 
2,34 
Setembro 
208.778 
200.846 
7.932 
3,80 
Outubro 
210.537 
203.845 
6.692 
3,18 
Novembro 
206.965 
199.181 
7.784 
3,76 
Dezembro 
216.850 
211.246 
5.604 
2,58 
TOTAL 
2.292.770 
2.231.605 
61.165 
2,67",1388,1344
06_procel_eficiencia_edificios_publicos.pdf,Guia de Eficiência Energética em Edifícios Públicos,PROCEL / Ministério de Minas e Energia,relatorio_tecnico,eficiencia_energetica,2025,vigente,guia técnico,eficiência energética em edificações públicas,187," 
  
www.labeee.ufsc.br 
15
 
 
Nota-se que a substituição dos vidros na fachada leste do prédio do Ministério de 
Minas e Energia pelo Vidro 01 apresentou diferença significativa no consumo total de energia. 
A diferença encontrada foi praticamente superior a 4% para os meses de Setembro a Março, 
com uma diferença média anual encontrada foi de 3,48%.  
Com a substituição do vidro da fachada leste do prédio do Ministério de Minas e 
Energia para o Vidro 02, nota-se o mesmo comportamento apresentado pelo Vidro 01: a 
maior diferença encontrada foi para os meses de Setembro a Março. Porém, a diferença 
média anual encontrada foi de 2,64%.  
 
3.2 
SISTEMA DE CONDICIONAMENTO DE AR 
Foram analisadas diferentes alternativas com relação ao sistema de condicionamento 
de ar, substituindo desde o coeficiente de performance do sistema de condicionamento split 
existente até a substituição por outro sistema, como o VAV e VRF.  
3.2.1 COEFICIENTE DE PERFORMANCE DO SISTEMA SPLIT 
O sistema de condicionamento de ar presente no prédio do Ministério de Minas e 
Energia é um sistema de condicionamento de ar do tipo split, com valor de Coeficiente de 
Performance (COP) de 2,8. Conforme mencionado anteriormente, este valor representa um 
sistema de condicionamento de ar com Nível de Eficiência C.  
Primeiramente, antes de analisar qualquer alteração do tipo de sistema de 
condicionamento de ar no prédio do Ministério de Minas e Energia optou-se em alterar 
somente o COP do sistema real para 3,20. Segundo o Inmetro, este valor representa um 
Nível de Eficiência A.  
Através da Tabela 6 pode-se observar o consumo do Modelo base com a utilização de 
um Coeficiente de Performance mais eficiente para o sistema de condicionamento de ar do 
tipo split. Observa-se que as diferenças foram superiores a 5% para todos os meses do ano. 
Nos meses de Setembro a Dezembro a diferença encontrada foi próxima de 10%.  
 
 
 
 
 
 
 
 
",1933,"Nota-se que a substituição dos vidros na fachada leste do prédio do Ministério de 
Minas e Energia pelo Vidro 01 apresentou diferença significativa no consumo total de energia. 
A diferença encontrada foi praticamente superior a 4% para os meses de Setembro a Março, 
com uma diferença média anual encontrada foi de 3,48%. 
Com a substituição do vidro da fachada leste do prédio do Ministério de Minas e 
Energia para o Vidro 02, nota-se o mesmo comportamento apresentado pelo Vidro 01: a 
maior diferença encontrada foi para os meses de Setembro a Março. Porém, a diferença 
média anual encontrada foi de 2,64%. 
 
3.2 
SISTEMA DE CONDICIONAMENTO DE AR 
Foram analisadas diferentes alternativas com relação ao sistema de condicionamento 
de ar, substituindo desde o coeficiente de performance do sistema de condicionamento split 
existente até a substituição por outro sistema, como o VAV e VRF. 
3.2.1 COEFICIENTE DE PERFORMANCE DO SISTEMA SPLIT 
O sistema de condicionamento de ar presente no prédio do Ministério de Minas e 
Energia é um sistema de condicionamento de ar do tipo split, com valor de Coeficiente de 
Performance (COP) de 2,8. Conforme mencionado anteriormente, este valor representa um 
sistema de condicionamento de ar com Nível de Eficiência C. 
Primeiramente, antes de analisar qualquer alteração do tipo de sistema de 
condicionamento de ar no prédio do Ministério de Minas e Energia optou-se em alterar 
somente o COP do sistema real para 3,20. Segundo o Inmetro, este valor representa um 
Nível de Eficiência A. 
Através da Tabela 6 pode-se observar o consumo do Modelo base com a utilização de 
um Coeficiente de Performance mais eficiente para o sistema de condicionamento de ar do 
tipo split. Observa-se que as diferenças foram superiores a 5% para todos os meses do ano. 
Nos meses de Setembro a Dezembro a diferença encontrada foi próxima de 10%.",1933,1877
06_procel_eficiencia_edificios_publicos.pdf,Guia de Eficiência Energética em Edifícios Públicos,PROCEL / Ministério de Minas e Energia,relatorio_tecnico,eficiencia_energetica,2025,vigente,guia técnico,eficiência energética em edificações públicas,188," 
  
www.labeee.ufsc.br 
16
 
Tabela 6 – Consumo do Modelo base considerando o sistema de condicionamento de ar split 
com COP A. 
 
Consumo (kWh) 
Diferença  
(kWh) 
Diferença  
(%) 
Split Nível C 
Split Nível A 
Janeiro 
181.302 
166.377 
14.925 
8,23 
Fevereiro 
165.806 
151.867 
13.939 
8,41 
Março 
174.113 
161.091 
13.022 
7,48 
Abril 
204.415 
187.227 
17.188 
8,41 
Maio 
182.036 
170.371 
11.665 
6,41 
Junho 
173.758 
164.684 
9.074 
5,22 
Julho 
181.073 
171.544 
9.529 
5,26 
Agosto 
187.137 
174.121 
13.016 
6,96 
Setembro 
208.778 
190.435 
18.343 
8,79 
Outubro 
210.537 
192.269 
18.268 
8,68 
Novembro  
206.965 
188.161 
18.804 
9,09 
Dezembro 
216.850 
197.851 
18.999 
8,76 
TOTAL 
2.292.770 
2.115.998 
176.772 
7,70 
 
 
3.2.2 RENOVAÇÃO DO AR PARA SISTEMA SPLIT 
Esta alternativa considera a renovação do ar do sistema de condicionamento de ar 
instalado no prédio do Ministério de Minas e Energia, levando em consideração o mesmo 
Coeficiente de Performance de 2,8.  
A renovação do ar garante a qualidade do ar do ambiente interno, controlando 
também a umidade para situações mais complexas. Portanto, os projetos de instalação do 
sistema de condicionamento de ar devem prever as condições termo-higrotérmicas do ar e 
das áreas internas, assim como o número de pessoas que irão ocupar o ambiente analisado. 
Estes parâmetros definem a vazão de ar necessária para a renovação adequada do ar. 
Ressalta-se que sem a renovação de ar, os ambientes se tornam insalubres, podendo 
acarretar diversas reações nos ocupantes destes ambientes.  
Em 2008 entrou em vigor a norma NBR 16401 sob o título geral “Instalações de Ar 
Condicionado – Sistemas Centrais e Unitários”. Esta norma é dividida m três partes: Parte 1 – 
Projeto das Instalações; Parte 2 – Parâmetros de Conforto Térmico; e Parte 3 – Qualidade do 
Ar interior. A Parte 3 especifica os parâmetros básicos para obter uma qualidade do ar interior  
 
",1935,"Tabela 6 – Consumo do Modelo base considerando o sistema de condicionamento de ar split 
com COP A. 
 
Consumo (kWh) 
Diferença 
(kWh) 
Diferença 
(%) 
Split Nível C 
Split Nível A 
Janeiro 
181.302 
166.377 
14.925 
8,23 
Fevereiro 
165.806 
151.867 
13.939 
8,41 
Março 
174.113 
161.091 
13.022 
7,48 
Abril 
204.415 
187.227 
17.188 
8,41 
Maio 
182.036 
170.371 
11.665 
6,41 
Junho 
173.758 
164.684 
9.074 
5,22 
Julho 
181.073 
171.544 
9.529 
5,26 
Agosto 
187.137 
174.121 
13.016 
6,96 
Setembro 
208.778 
190.435 
18.343 
8,79 
Outubro 
210.537 
192.269 
18.268 
8,68 
Novembro 
206.965 
188.161 
18.804 
9,09 
Dezembro 
216.850 
197.851 
18.999 
8,76 
TOTAL 
2.292.770 
2.115.998 
176.772 
7,70 
 
 
3.2.2 RENOVAÇÃO DO AR PARA SISTEMA SPLIT 
Esta alternativa considera a renovação do ar do sistema de condicionamento de ar 
instalado no prédio do Ministério de Minas e Energia, levando em consideração o mesmo 
Coeficiente de Performance de 2,8. 
A renovação do ar garante a qualidade do ar do ambiente interno, controlando 
também a umidade para situações mais complexas. Portanto, os projetos de instalação do 
sistema de condicionamento de ar devem prever as condições termo-higrotérmicas do ar e 
das áreas internas, assim como o número de pessoas que irão ocupar o ambiente analisado. 
Estes parâmetros definem a vazão de ar necessária para a renovação adequada do ar. 
Ressalta-se que sem a renovação de ar, os ambientes se tornam insalubres, podendo 
acarretar diversas reações nos ocupantes destes ambientes. 
Em 2008 entrou em vigor a norma NBR 16401 sob o título geral “Instalações de Ar 
Condicionado – Sistemas Centrais e Unitários”. Esta norma é dividida m três partes: Parte 1 – 
Projeto das Instalações; Parte 2 – Parâmetros de Conforto Térmico; e Parte 3 – Qualidade do 
Ar interior. A Parte 3 especifica os parâmetros básicos para obter uma qualidade do ar interior",1935,1895
06_procel_eficiencia_edificios_publicos.pdf,Guia de Eficiência Energética em Edifícios Públicos,PROCEL / Ministério de Minas e Energia,relatorio_tecnico,eficiencia_energetica,2025,vigente,guia técnico,eficiência energética em edificações públicas,189," 
  
www.labeee.ufsc.br 
17
 
em um ambiente climatizado, determinando a vazão de ar externo necessária por ocupante, 
mais a vazão do ar externo por metro quadrado do ambiente. 
No Brasil, poucas instalações seguem as exigências da NBR 16401 (2008). As 
instalações dos sistemas de condicionamento de ar do tipo split não incluem sistemas de 
renovação de ar. 
Através da Tabela 7 pode-se observar o consumo do Modelo base com a utilização da 
renovação do ar, atendendo aos requisitos mínimos da NBR 16401 (2008). Adotou-se uma 
renovação por pessoa de 0,0031 m3/s e uma renovação de área de piso de 0,004 m3/s.m2. 
Observa-se que a consideração da renovação do ar apresentou um aumento no consumo da 
edificação para os meses de Setembro a Abril. Ressalta-se que com a renovação do ar há o 
ingresso de ar externo (quente e úmido), gerando uma carga térmica adicional, e portanto 
apresentando um aumento no consumo de energia. 
 
Tabela 7 – Consumo do Modelo base considerando o sistema de condicionamento de ar split 
com renovação de ar. 
 
Consumo (kWh) 
Diferença  
(kWh) 
Diferença  
(%) 
Split Nível C 
Split Nível C +  
renovação ar 
Janeiro 
181.302 
192.996 
-11.694 
-6,45 
Fevereiro 
165.806 
177.015 
-11.209 
-6,76 
Março 
174.113 
183.024 
-8.911 
-5,12 
Abril 
204.415 
210.646 
-6.231 
-3,05 
Maio 
182.036 
180.864 
1.172 
0,64 
Junho 
173.758 
167.364 
6.394 
3,68 
Julho 
181.073 
174.087 
6.986 
3,86 
Agosto 
187.137 
186.538 
599 
0,32 
Setembro 
208.778 
213.877 
-5.099 
-2,44 
Outubro 
210.537 
216.498 
-5.961 
-2,83 
Novembro  
206.965 
214.223 
-7.258 
-3,51 
Dezembro 
216.850 
224.247 
-7.397 
-3,41 
TOTAL 
2.292.770 
2.341.379 
-48.609 
-2,10 
 
 
 
 
 
",1690,"em um ambiente climatizado, determinando a vazão de ar externo necessária por ocupante, 
mais a vazão do ar externo por metro quadrado do ambiente. 
No Brasil, poucas instalações seguem as exigências da NBR 16401 (2008). As 
instalações dos sistemas de condicionamento de ar do tipo split não incluem sistemas de 
renovação de ar. 
Através da Tabela 7 pode-se observar o consumo do Modelo base com a utilização da 
renovação do ar, atendendo aos requisitos mínimos da NBR 16401 (2008). Adotou-se uma 
renovação por pessoa de 0,0031 m3/s e uma renovação de área de piso de 0,004 m3/s.m2. 
Observa-se que a consideração da renovação do ar apresentou um aumento no consumo da 
edificação para os meses de Setembro a Abril. Ressalta-se que com a renovação do ar há o 
ingresso de ar externo (quente e úmido), gerando uma carga térmica adicional, e portanto 
apresentando um aumento no consumo de energia. 
 
Tabela 7 – Consumo do Modelo base considerando o sistema de condicionamento de ar split 
com renovação de ar. 
 
Consumo (kWh) 
Diferença 
(kWh) 
Diferença 
(%) 
Split Nível C 
Split Nível C + 
renovação ar 
Janeiro 
181.302 
192.996 
-11.694 
-6,45 
Fevereiro 
165.806 
177.015 
-11.209 
-6,76 
Março 
174.113 
183.024 
-8.911 
-5,12 
Abril 
204.415 
210.646 
-6.231 
-3,05 
Maio 
182.036 
180.864 
1.172 
0,64 
Junho 
173.758 
167.364 
6.394 
3,68 
Julho 
181.073 
174.087 
6.986 
3,86 
Agosto 
187.137 
186.538 
 
0,32 
Setembro 
208.778 
213.877 
-5.099 
-2,44 
Outubro 
210.537 
216.498 
-5.961 
-2,83 
Novembro 
206.965 
214.223 
-7.258 
-3,51 
Dezembro 
216.850 
224.247 
-7.397 
-3,41 
TOTAL 
2.292.770 
2.341.379 
-48.609 
-2,10",1690,1641
06_procel_eficiencia_edificios_publicos.pdf,Guia de Eficiência Energética em Edifícios Públicos,PROCEL / Ministério de Minas e Energia,relatorio_tecnico,eficiencia_energetica,2025,vigente,guia técnico,eficiência energética em edificações públicas,190," 
  
www.labeee.ufsc.br 
18
 
3.2.3 SISTEMA INVERTER COM COEFICIENTE DE PERFORMANCE NÍVEL A 
O sistema inverter funciona com um inversor de frequência que controla a velocidade 
de compressão do sistema de condicionamento de ar. O compressor inverter tem um 
dispositivo interno que ajusta a freqüência do motor ficando sempre em funcionamento, mas 
executando seu trabalho gradualmente de acordo com a temperatura do ambiente. Este 
sistema apresenta uma economia de energia em relação ao ar condicionado convencional, 
com uma eficiência melhor de resposta. 
Para esta alternativa, considerou-se a utilização de um sistema inverter com Nível de 
eficiência A (COP de 3,20) em todas as zonas condicionadas do prédio do Ministério de Minas 
e Energia. Para a simulação computacional do sistema adotou-se uma renovação por pessoa 
de 0,0031 m3/s e uma renovação de área de piso de 0,004 m3/s.m2. O sistema foi modelado 
somente para resfriamento do ambiente, considerando uma temperatura de setpoint de 24oC.  
A Tabela 8 apresenta a comparação entre os resultados de consumo da utilização de 
um sistema de condicionamento de ar split Nível C com um sistema de condicionamento de ar 
inverter com Nível A.  
 
Tabela 8 – Consumo do Modelo base considerando o sistema de condicionamento de ar split 
com renovação de ar. 
 
Consumo (kWh) 
Diferença  
(kWh) 
Diferença  
(%) 
Split Nível C 
Inverter Nível A 
Janeiro 
181.302 
164.270 
17.032 
9,39 
Fevereiro 
165.806 
150.814 
14.992 
9,04 
Março 
174.113 
158.747 
15.366 
8,83 
Abril 
204.415 
182.210 
22.205 
10,86 
Maio 
182.036 
163.829 
18.207 
10,00 
Junho 
173.758 
158.119 
15.639 
9,00 
Julho 
181.073 
164.789 
16.284 
8,99 
Agosto 
187.137 
166.900 
20.237 
10,81 
Setembro 
208.778 
186.165 
22.613 
10,83 
Outubro 
210.537 
187.627 
22.910 
10,88 
Novembro  
206.965 
186.060 
20.905 
10,10 
Dezembro 
216.850 
192.352 
24.498 
11,30 
TOTAL 
2.292.770 
2.061.882 
230.888 
10,00 
 
 
",1949,"3.2.3 SISTEMA INVERTER COM COEFICIENTE DE PERFORMANCE NÍVEL A 
O sistema inverter funciona com um inversor de frequência que controla a velocidade 
de compressão do sistema de condicionamento de ar. O compressor inverter tem um 
dispositivo interno que ajusta a freqüência do motor ficando sempre em funcionamento, mas 
executando seu trabalho gradualmente de acordo com a temperatura do ambiente. Este 
sistema apresenta uma economia de energia em relação ao ar condicionado convencional, 
com uma eficiência melhor de resposta. 
Para esta alternativa, considerou-se a utilização de um sistema inverter com Nível de 
eficiência A (COP de 3,20) em todas as zonas condicionadas do prédio do Ministério de Minas 
e Energia. Para a simulação computacional do sistema adotou-se uma renovação por pessoa 
de 0,0031 m3/s e uma renovação de área de piso de 0,004 m3/s.m2. O sistema foi modelado 
somente para resfriamento do ambiente, considerando uma temperatura de setpoint de 24oC. 
A Tabela 8 apresenta a comparação entre os resultados de consumo da utilização de 
um sistema de condicionamento de ar split Nível C com um sistema de condicionamento de ar 
inverter com Nível A. 
 
Tabela 8 – Consumo do Modelo base considerando o sistema de condicionamento de ar split 
com renovação de ar. 
 
Consumo (kWh) 
Diferença 
(kWh) 
Diferença 
(%) 
Split Nível C 
Inverter Nível A 
Janeiro 
181.302 
164.270 
17.032 
9,39 
Fevereiro 
165.806 
150.814 
14.992 
9,04 
Março 
174.113 
158.747 
15.366 
8,83 
Abril 
204.415 
182.210 
22.205 
10,86 
Maio 
182.036 
163.829 
18.207 
10,00 
Junho 
173.758 
158.119 
15.639 
9,00 
Julho 
181.073 
164.789 
16.284 
8,99 
Agosto 
187.137 
166.900 
20.237 
10,81 
Setembro 
208.778 
186.165 
22.613 
10,83 
Outubro 
210.537 
187.627 
22.910 
10,88 
Novembro 
206.965 
186.060 
20.905 
10,10 
Dezembro 
216.850 
192.352 
24.498 
11,30 
TOTAL 
2.292.770 
2.061.882 
230.888 
10,00",1949,1908
06_procel_eficiencia_edificios_publicos.pdf,Guia de Eficiência Energética em Edifícios Públicos,PROCEL / Ministério de Minas e Energia,relatorio_tecnico,eficiencia_energetica,2025,vigente,guia técnico,eficiência energética em edificações públicas,191," 
  
www.labeee.ufsc.br 
19
 
Os resultados mostram que com a utilização de um sistema de condicionamento de ar 
inverter com Nível A o consumo da edificação foi reduziu em torno de 10% para todos os 
meses do ano. Este tipo de sistema apresentou níveis de consumo final mais eficiente quando 
comparados ao sistema do tipo split nível A.  
 
3.2.4 SISTEMA VAV COM CHILLER A ÁGUA 
Este tipo de sistema central consiste no emprego de um resfriador de líquidos (chiller) 
no qual a dissipação do calor do ciclo de refrigeração é realizada para um circuito de água 
(água de condensação), que posteriormente rejeita este calor em uma torre de resfriamento. 
O emprego da água de condensação permite que o ciclo de refrigeração opere com menores 
temperaturas de condensação, resultando no aumento significativo da eficiência deste 
equipamento (chiller). 
 O chiller resfria outro circuito fechado de água (água gelada) que é distribuída através 
de canalizações pela edificação. Em cada ambiente há um climatizador (fancoil ambiente) que 
recebe esta água gelada. Sendo que, através de um trocador de calor resfria o ar, sem a 
necessidade de rede de dutos de distribuição de ar. 
 O controle de temperatura é realizado através do emprego de válvulas de controle de 
vazão de água gelada em cada climatizador. Estas válvulas são de duas vias, de tal forma que 
a bomba de água gelada deverá apresentar vazão variável (inversor de frequência nos 
motores) para adequar a vazão conforme a demanda.  
 O sistema de bombeamento de água gelada possui dois circuitos: circuito primário e 
circuito secundário. O circuito primário circula a água gelada através do chiller e possui vazão 
constante, o circuito secundário circula a água gelada através dos climatizadores e possui 
vazão variável. 
Para a simulação computacional do sistema de condicionamento de ar VAV com chiller 
a água adotou-se uma renovação por pessoa de 0,0031 m3/s e uma renovação de área de 
piso de 0,004 m3/s.m2. O sistema foi modelado somente para resfriamento do ambiente, 
considerando uma temperatura de setpoint de 24oC. Considerou-se um chiller parafuso com o 
COP nominal de 5,9 W/W.  
Ressalta-se que o sistema de condicionamento de ar VAV com chiller a água foi 
adotado para todas as zonas, exceto para os ambientes onde foi considerado um 
funcionamento de 24h00 do sistema de condicionamento de ar (sala do arquivo central, sala 
plenária e sala do Data Center da sala cofre). 
 
 
",2461,"Os resultados mostram que com a utilização de um sistema de condicionamento de ar 
inverter com Nível A o consumo da edificação foi reduziu em torno de 10% para todos os 
meses do ano. Este tipo de sistema apresentou níveis de consumo final mais eficiente quando 
comparados ao sistema do tipo split nível A. 
 
3.2.4 SISTEMA VAV COM CHILLER A ÁGUA 
Este tipo de sistema central consiste no emprego de um resfriador de líquidos (chiller) 
no qual a dissipação do calor do ciclo de refrigeração é realizada para um circuito de água 
(água de condensação), que posteriormente rejeita este calor em uma torre de resfriamento. 
O emprego da água de condensação permite que o ciclo de refrigeração opere com menores 
temperaturas de condensação, resultando no aumento significativo da eficiência deste 
equipamento (chiller). 
 O chiller resfria outro circuito fechado de água (água gelada) que é distribuída através 
de canalizações pela edificação. Em cada ambiente há um climatizador (fancoil ambiente) que 
recebe esta água gelada. Sendo que, através de um trocador de calor resfria o ar, sem a 
necessidade de rede de dutos de distribuição de ar. 
 O controle de temperatura é realizado através do emprego de válvulas de controle de 
vazão de água gelada em cada climatizador. Estas válvulas são de duas vias, de tal forma que 
a bomba de água gelada deverá apresentar vazão variável (inversor de frequência nos 
motores) para adequar a vazão conforme a demanda. 
 O sistema de bombeamento de água gelada possui dois circuitos: circuito primário e 
circuito secundário. O circuito primário circula a água gelada através do chiller e possui vazão 
constante, o circuito secundário circula a água gelada através dos climatizadores e possui 
vazão variável. 
Para a simulação computacional do sistema de condicionamento de ar VAV com chiller 
a água adotou-se uma renovação por pessoa de 0,0031 m3/s e uma renovação de área de 
piso de 0,004 m3/s.m2. O sistema foi modelado somente para resfriamento do ambiente, 
considerando uma temperatura de setpoint de 24oC. Considerou-se um chiller parafuso com o 
COP nominal de 5,9 W/W. 
Ressalta-se que o sistema de condicionamento de ar VAV com chiller a água foi 
adotado para todas as zonas, exceto para os ambientes onde foi considerado um 
funcionamento de 24h00 do sistema de condicionamento de ar (sala do arquivo central, sala 
plenária e sala do Data Center da sala cofre).",2461,2422
06_procel_eficiencia_edificios_publicos.pdf,Guia de Eficiência Energética em Edifícios Públicos,PROCEL / Ministério de Minas e Energia,relatorio_tecnico,eficiencia_energetica,2025,vigente,guia técnico,eficiência energética em edificações públicas,192," 
  
www.labeee.ufsc.br 
20
 
A comparação entre o consumo do Modelo base com a utilização de um sistema VAV 
com chiller a água pode ser observado na Tabela 9. Nota-se uma diferença significativa no 
consumo de energia com a consideração desta alternativa.  
Todos os meses do ano apresentaram uma redução no consumo de energia, sendo a 
mais significativa para os meses de Abril, e de Setembro a Dezembro. A média anual da 
diferença entre o uso do sistema real e do proposto é de aproximadamente 10%. 
 
Tabela 9 – Consumo do Modelo base considerando o sistema de condicionamento de ar VAV 
com chiller a água. 
 
Consumo (kWh) 
Diferença  
(kWh) 
Diferença  
(%) 
Split Nível C 
VAV chiller a água 
Janeiro 
181.302 
165.770 
15.532 
8,57 
Fevereiro 
165.806 
151.156 
14.650 
8,84 
Março 
174.113 
161.483 
12.630 
7,25 
Abril 
204.415 
181.738 
22.677 
11,09 
Maio 
182.036 
167.774 
14.262 
7,83 
Junho 
173.758 
163.401 
10.357 
5,96 
Julho 
181.073 
170.782 
10.291 
5,68 
Agosto 
187.137 
170.207 
16.930 
9,05 
Setembro 
208.778 
182.888 
25.890 
12,40 
Outubro 
210.537 
185.771 
24.766 
11,76 
Novembro  
206.965 
181.867 
25.098 
12,13 
Dezembro 
216.850 
192.246 
24.604 
11,35 
TOTAL 
2.292.770 
2.075.083 
217.687 
9,50 
 
3.2.5 SISTEMA VAV COM CHILLER A ÁGUA + CICLO ECONOMIZADOR 
Este tipo de sistema central consiste no emprego de um resfriador de líquidos (chiller) 
no qual a dissipação do calor do ciclo de refrigeração é realizada para um circuito de água 
(água de condensação), que posteriormente rejeita este calor em uma torre de resfriamento. 
O emprego da água de condensação permite que o ciclo de refrigeração opere com menores 
temperaturas de condensação, resultando no aumento significativo da eficiência deste 
equipamento (chiller). 
 O chiller resfria outro circuito fechado de água (água gelada) que é distribuída através 
de tubos através da edificação. Em cada pavimento da edificação há uma casa de máquinas 
com um grande climatizador (fancoil) que recebe esta água gelada; e através de um trocador 
",2043,"A comparação entre o consumo do Modelo base com a utilização de um sistema VAV 
com chiller a água pode ser observado na Tabela 9. Nota-se uma diferença significativa no 
consumo de energia com a consideração desta alternativa. 
Todos os meses do ano apresentaram uma redução no consumo de energia, sendo a 
mais significativa para os meses de Abril, e de Setembro a Dezembro. A média anual da 
diferença entre o uso do sistema real e do proposto é de aproximadamente 10%. 
 
Tabela 9 – Consumo do Modelo base considerando o sistema de condicionamento de ar VAV 
com chiller a água. 
 
Consumo (kWh) 
Diferença 
(kWh) 
Diferença 
(%) 
Split Nível C 
VAV chiller a água 
Janeiro 
181.302 
165.770 
15.532 
8,57 
Fevereiro 
165.806 
151.156 
14.650 
8,84 
Março 
174.113 
161.483 
12.630 
7,25 
Abril 
204.415 
181.738 
22.677 
11,09 
Maio 
182.036 
167.774 
14.262 
7,83 
Junho 
173.758 
163.401 
10.357 
5,96 
Julho 
181.073 
170.782 
10.291 
5,68 
Agosto 
187.137 
170.207 
16.930 
9,05 
Setembro 
208.778 
182.888 
25.890 
12,40 
Outubro 
210.537 
185.771 
24.766 
11,76 
Novembro 
206.965 
181.867 
25.098 
12,13 
Dezembro 
216.850 
192.246 
24.604 
11,35 
TOTAL 
2.292.770 
2.075.083 
217.687 
9,50 
 
3.2.5 SISTEMA VAV COM CHILLER A ÁGUA + CICLO ECONOMIZADOR 
Este tipo de sistema central consiste no emprego de um resfriador de líquidos (chiller) 
no qual a dissipação do calor do ciclo de refrigeração é realizada para um circuito de água 
(água de condensação), que posteriormente rejeita este calor em uma torre de resfriamento. 
O emprego da água de condensação permite que o ciclo de refrigeração opere com menores 
temperaturas de condensação, resultando no aumento significativo da eficiência deste 
equipamento (chiller). 
 O chiller resfria outro circuito fechado de água (água gelada) que é distribuída através 
de tubos através da edificação. Em cada pavimento da edificação há uma casa de máquinas 
com um grande climatizador (fancoil) que recebe esta água gelada; e através de um trocador",2043,2007
06_procel_eficiencia_edificios_publicos.pdf,Guia de Eficiência Energética em Edifícios Públicos,PROCEL / Ministério de Minas e Energia,relatorio_tecnico,eficiencia_energetica,2025,vigente,guia técnico,eficiência energética em edificações públicas,193," 
  
www.labeee.ufsc.br 
21
 
de calor resfria o ar, que é distribuído através de rede de dutos e grelhas em todos os 
ambientes condicionados do respectivo pavimento. O termostato localizado em cada 
ambiente controla a quantidade de ar a ser insuflado no respectivo ambiente (sistema VAV). 
 Em cada casa de máquinas é instalado um sistema denominado ciclo economizador. O 
ciclo economizador consiste em monitorar as condições do ar de retorno e o ar externo, e 
selecionar qual das duas condições está mais favoráveis do ponto de vista energético. O ciclo 
economizador permite proporcionar uma economia de energia nos dias de temperaturas mais 
amenas.  
 Nos climatizadores, as válvulas de controle de fluxo de água gelada são de duas vias, 
de tal forma que a bomba de água gelada apresente vazão variável (inversor de frequência 
nos motores) para adequar a vazão conforme a demanda.  
 O sistema de bombeamento de água gelada possui dois circuitos: circuito primário e 
circuito secundário. O circuito primário circula a água gelada através do chiller e possui vazão 
constante, o circuito secundário circula a água gelada através dos climatizadores e possui 
vazão variável. 
Ressalta-se que a simulação deste sistema adotou os mesmos parâmetros adotados 
para a simulação do modelo anterior (VAV com chiller a água), porém com a presença de um 
ciclo economizador. A comparação entre o consumo do Modelo base com a utilização de um 
sistema VAV com chiller a água + ciclo economizador pode ser observado na Tabela 10. 
A utilização de um sistema VAV com chiller a água + ciclo economizador apresenta 
uma redução do consumo de energia quando comparado com o consumo do Modelo base. As 
maiores diferenças observadas são para os meses de Setembro a Novembro. Porém, pode-se 
observar que a redução do sistema de condicionamento de ar anterior apresentou diferenças 
mais significativas.  
Porém, ressalta-se que os sistemas com a utilização do chiller a água não são iguais. 
O chiller a água utiliza fancoletes nos ambientes (sem rede de dutos de distribuição de ar), 
refletindo em um baixo consumo dos ventiladores. Já o sistema com ciclo economizador 
adota fancoils e rede de dutos, refletindo no aumento do consumo dos ventiladores.  
 
 
 
 
 
 
 
 
",2267,"de calor resfria o ar, que é distribuído através de rede de dutos e grelhas em todos os 
ambientes condicionados do respectivo pavimento. O termostato localizado em cada 
ambiente controla a quantidade de ar a ser insuflado no respectivo ambiente (sistema VAV). 
 Em cada casa de máquinas é instalado um sistema denominado ciclo economizador. O 
ciclo economizador consiste em monitorar as condições do ar de retorno e o ar externo, e 
selecionar qual das duas condições está mais favoráveis do ponto de vista energético. O ciclo 
economizador permite proporcionar uma economia de energia nos dias de temperaturas mais 
amenas. 
 Nos climatizadores, as válvulas de controle de fluxo de água gelada são de duas vias, 
de tal forma que a bomba de água gelada apresente vazão variável (inversor de frequência 
nos motores) para adequar a vazão conforme a demanda. 
 O sistema de bombeamento de água gelada possui dois circuitos: circuito primário e 
circuito secundário. O circuito primário circula a água gelada através do chiller e possui vazão 
constante, o circuito secundário circula a água gelada através dos climatizadores e possui 
vazão variável. 
Ressalta-se que a simulação deste sistema adotou os mesmos parâmetros adotados 
para a simulação do modelo anterior (VAV com chiller a água), porém com a presença de um 
ciclo economizador. A comparação entre o consumo do Modelo base com a utilização de um 
sistema VAV com chiller a água + ciclo economizador pode ser observado na Tabela 10. 
A utilização de um sistema VAV com chiller a água + ciclo economizador apresenta 
uma redução do consumo de energia quando comparado com o consumo do Modelo base. As 
maiores diferenças observadas são para os meses de Setembro a Novembro. Porém, pode-se 
observar que a redução do sistema de condicionamento de ar anterior apresentou diferenças 
mais significativas. 
Porém, ressalta-se que os sistemas com a utilização do chiller a água não são iguais. 
O chiller a água utiliza fancoletes nos ambientes (sem rede de dutos de distribuição de ar), 
refletindo em um baixo consumo dos ventiladores. Já o sistema com ciclo economizador 
adota fancoils e rede de dutos, refletindo no aumento do consumo dos ventiladores.",2267,2215
06_procel_eficiencia_edificios_publicos.pdf,Guia de Eficiência Energética em Edifícios Públicos,PROCEL / Ministério de Minas e Energia,relatorio_tecnico,eficiencia_energetica,2025,vigente,guia técnico,eficiência energética em edificações públicas,194," 
  
www.labeee.ufsc.br 
22
 
 
Tabela 10 – Consumo do Modelo base considerando o sistema de condicionamento de ar VAV 
com chiller a água + ciclo economizador. 
 
Consumo (kWh) 
Diferença  
(kWh) 
Diferença  
(%) 
Split Nível C 
VAV chiller a água + 
 ciclo conomizador 
Janeiro 
181.302 
175.042 
6.260 
3,45 
Fevereiro 
165.806 
159.585 
6.221 
3,75 
Março 
174.113 
169.857 
4.256 
2,44 
Abril 
204.415 
190.627 
13.788 
6,75 
Maio 
182.036 
174.920 
7.116 
3,91 
Junho 
173.758 
170.692 
3.066 
1,76 
Julho 
181.073 
176.510 
4.563 
2,52 
Agosto 
187.137 
175.016 
12.121 
6,48 
Setembro 
208.778 
190.748 
18.030 
8,64 
Outubro 
210.537 
195.535 
15.002 
7,13 
Novembro  
206.965 
190.977 
15.988 
7,72 
Dezembro 
216.850 
203.713 
13.137 
6,06 
TOTAL 
2.292.770 
2.173.222 
119.548 
5,20 
 
3.2.6 SISTEMA FANCOIL AMBIENTE COM CHILLER A AR 
Este tipo de sistema central consiste no emprego de um resfriador de líquidos (chiller) 
no qual a dissipação do calor do ciclo de refrigeração é realizada diretamente para o ar 
externo. 
 O chiller resfria um circuito fechado de água (água gelada) que é distribuída através 
de canalizações através da edificação. E em cada ambiente há um climatizador (fancoil 
ambiente) que recebe esta água gelada; e através de um trocador de calor resfria o ar, sem a 
necessidade de rede de dutos de distribuição de ar. 
 O controle de temperatura é realizado através do emprego de válvulas de controle de 
vazão de água gelada em cada climatizador. Estas válvulas são de duas vias, de tal forma que 
a bomba de água gelada deverá apresentar vazão variável (inversor de frequência nos 
motores) para adequar a vazão conforme a demanda.  
 O sistema de bombeamento de água gelada possui dois circuitos: circuito primário e 
circuito secundário. O circuito primário circula a água gelada através do chiller e possui vazão  
 
",1861,"Tabela 10 – Consumo do Modelo base considerando o sistema de condicionamento de ar VAV 
com chiller a água + ciclo economizador. 
 
Consumo (kWh) 
Diferença 
(kWh) 
Diferença 
(%) 
Split Nível C 
VAV chiller a água + 
 ciclo conomizador 
Janeiro 
181.302 
175.042 
6.260 
3,45 
Fevereiro 
165.806 
159.585 
6.221 
3,75 
Março 
174.113 
169.857 
4.256 
2,44 
Abril 
204.415 
190.627 
13.788 
6,75 
Maio 
182.036 
174.920 
7.116 
3,91 
Junho 
173.758 
170.692 
3.066 
1,76 
Julho 
181.073 
176.510 
4.563 
2,52 
Agosto 
187.137 
175.016 
12.121 
6,48 
Setembro 
208.778 
190.748 
18.030 
8,64 
Outubro 
210.537 
195.535 
15.002 
7,13 
Novembro 
206.965 
190.977 
15.988 
7,72 
Dezembro 
216.850 
203.713 
13.137 
6,06 
TOTAL 
2.292.770 
2.173.222 
119.548 
5,20 
 
3.2.6 SISTEMA FANCOIL AMBIENTE COM CHILLER A AR 
Este tipo de sistema central consiste no emprego de um resfriador de líquidos (chiller) 
no qual a dissipação do calor do ciclo de refrigeração é realizada diretamente para o ar 
externo. 
 O chiller resfria um circuito fechado de água (água gelada) que é distribuída através 
de canalizações através da edificação. E em cada ambiente há um climatizador (fancoil 
ambiente) que recebe esta água gelada; e através de um trocador de calor resfria o ar, sem a 
necessidade de rede de dutos de distribuição de ar. 
 O controle de temperatura é realizado através do emprego de válvulas de controle de 
vazão de água gelada em cada climatizador. Estas válvulas são de duas vias, de tal forma que 
a bomba de água gelada deverá apresentar vazão variável (inversor de frequência nos 
motores) para adequar a vazão conforme a demanda. 
 O sistema de bombeamento de água gelada possui dois circuitos: circuito primário e 
circuito secundário. O circuito primário circula a água gelada através do chiller e possui vazão",1861,1820
06_procel_eficiencia_edificios_publicos.pdf,Guia de Eficiência Energética em Edifícios Públicos,PROCEL / Ministério de Minas e Energia,relatorio_tecnico,eficiencia_energetica,2025,vigente,guia técnico,eficiência energética em edificações públicas,195," 
  
www.labeee.ufsc.br 
23
 
constante, o circuito secundário circula a água gelada através dos climatizadores e possui 
vazão variável. 
Para a simulação computacional do sistema de condicionamento de ar VAV com chiller 
a ar também adotou-se uma renovação por pessoa de 0,0031 m3/s e uma renovação de área 
de piso de 0,004 m3/s.m2. O sistema foi modelado somente para resfriamento do ambiente, 
considerando uma temperatura de setpoint de 24oC. Considerou-se um chiller parafuso com o 
COP nominal de 3,1 W/W.  
Ressalta-se que o sistema de condicionamento de ar VAV com chiller a ar foi adotado 
para todas as zonas, exceto para os ambientes onde foi considerado um funcionamento de 
24h00 do sistema de condicionamento de ar (sala do arquivo central, sala plenária e sala do 
Data Center da sala cofre). 
A comparação entre o consumo do Modelo base com a utilização de um sistema VAV 
com chiller a ar pode ser observado na Tabela 11. Nota-se uma pequena diferença no 
consumo de energia com a consideração desta alternativa. A média da diferença anual foi de 
aproximadamente 4%. 
 
Tabela 11 – Consumo do Modelo base considerando o sistema de condicionamento de ar VAV 
com chiller a ar. 
 
Consumo (kWh) 
Diferença  
(kWh) 
Diferença  
(%) 
Split Nível C 
VAV com chiller a ar 
Janeiro 
181.302 
178.749 
2.553 
1,41 
Fevereiro 
165.806 
163.853 
1.953 
1,18 
Março 
174.113 
171.052 
3.061 
1,76 
Abril 
204.415 
196.043 
8.372 
4,10 
Maio 
182.036 
173.447 
8.589 
4,72 
Junho 
173.758 
164.952 
8.806 
5,07 
Julho 
181.073 
172.665 
8.408 
4,64 
Agosto 
187.137 
178.339 
8.798 
4,70 
Setembro 
208.778 
200.012 
8.766 
4,20 
Outubro 
210.537 
202.034 
8.503 
4,04 
Novembro  
206.965 
200.195 
6.770 
3,27 
Dezembro 
216.850 
208.557 
8.293 
3,82 
TOTAL 
2.292.770 
2.209.898 
82.872 
3,60 
 
 
",1808,"constante, o circuito secundário circula a água gelada através dos climatizadores e possui 
vazão variável. 
Para a simulação computacional do sistema de condicionamento de ar VAV com chiller 
a ar também adotou-se uma renovação por pessoa de 0,0031 m3/s e uma renovação de área 
de piso de 0,004 m3/s.m2. O sistema foi modelado somente para resfriamento do ambiente, 
considerando uma temperatura de setpoint de 24oC. Considerou-se um chiller parafuso com o 
COP nominal de 3,1 W/W. 
Ressalta-se que o sistema de condicionamento de ar VAV com chiller a ar foi adotado 
para todas as zonas, exceto para os ambientes onde foi considerado um funcionamento de 
24h00 do sistema de condicionamento de ar (sala do arquivo central, sala plenária e sala do 
Data Center da sala cofre). 
A comparação entre o consumo do Modelo base com a utilização de um sistema VAV 
com chiller a ar pode ser observado na Tabela 11. Nota-se uma pequena diferença no 
consumo de energia com a consideração desta alternativa. A média da diferença anual foi de 
aproximadamente 4%. 
 
Tabela 11 – Consumo do Modelo base considerando o sistema de condicionamento de ar VAV 
com chiller a ar. 
 
Consumo (kWh) 
Diferença 
(kWh) 
Diferença 
(%) 
Split Nível C 
VAV com chiller a ar 
Janeiro 
181.302 
178.749 
2.553 
1,41 
Fevereiro 
165.806 
163.853 
1.953 
1,18 
Março 
174.113 
171.052 
3.061 
1,76 
Abril 
204.415 
196.043 
8.372 
4,10 
Maio 
182.036 
173.447 
8.589 
4,72 
Junho 
173.758 
164.952 
8.806 
5,07 
Julho 
181.073 
172.665 
8.408 
4,64 
Agosto 
187.137 
178.339 
8.798 
4,70 
Setembro 
208.778 
200.012 
8.766 
4,20 
Outubro 
210.537 
202.034 
8.503 
4,04 
Novembro 
206.965 
200.195 
6.770 
3,27 
Dezembro 
216.850 
208.557 
8.293 
3,82 
TOTAL 
2.292.770 
2.209.898 
82.872 
3,60",1808,1768
06_procel_eficiencia_edificios_publicos.pdf,Guia de Eficiência Energética em Edifícios Públicos,PROCEL / Ministério de Minas e Energia,relatorio_tecnico,eficiencia_energetica,2025,vigente,guia técnico,eficiência energética em edificações públicas,196," 
  
www.labeee.ufsc.br 
24
 
3.2.7 SISTEMA VRF 
O sistema VRF (Fluxo Refrigerante Variável) consiste no emprego de uma ou mais 
unidades condensadoras que distribuem gás refrigerante para as diversas unidades 
evaporadoras (climatizadores). 
O climatizador de cada ambiente recebe gás refrigerante e através de um trocador de 
calor resfria o ar, sem a necessidade de rede de dutos de distribuição de ar. O controle de 
temperatura é realizado através do emprego de válvulas de controle de fluxo de refrigerante 
em cada climatizador.  
As unidades condensadoras possuem compressor com rotação variável para adequar a 
vazão de gás refrigerante conforme a demanda. Este tipo de sistema apresenta aumento da 
eficiência quando opera em cargas parciais. 
Para a simulação computacional do sistema de condicionamento de ar VRF com 
condensação a ar adotou-se uma renovação por pessoa de 0,0031 m3/s e uma renovação de 
área de piso de 0,004 m3/s.m2. O sistema foi modelado somente para resfriamento do 
ambiente, considerando uma temperatura de setpoint de 24oC, considerando um  Coeficiente 
de Performance de 3,9 W/W.  
Ressalta-se que o sistema de condicionamento de ar VRF com condensação a ar foi 
adotado para todas as zonas, considerando também os ambientes onde foi considerado um 
funcionamento de 24h00 do sistema de condicionamento de ar. 
A Tabela 12 apresenta a comparação do consumo final entre o Modelo base e o 
Modelo base + VRF. Nota-se que o sistema VRF apresentou uma redução de consumo 
significativa para todos os meses do ano, com uma média anual de aproximadamente 14%. 
Comparando o sistema VRF com as alternativas de sistema de condicionamento de ar 
simuladas, nota-se que este sistema foi o que apresentou a maior redução no consumo de 
energia do prédio do Ministério de Minas e Energia.  
 
 
 
 
 
 
 
 
 
 
",1837,"3.2.7 SISTEMA VRF 
O sistema VRF (Fluxo Refrigerante Variável) consiste no emprego de uma ou mais 
unidades condensadoras que distribuem gás refrigerante para as diversas unidades 
evaporadoras (climatizadores). 
O climatizador de cada ambiente recebe gás refrigerante e através de um trocador de 
calor resfria o ar, sem a necessidade de rede de dutos de distribuição de ar. O controle de 
temperatura é realizado através do emprego de válvulas de controle de fluxo de refrigerante 
em cada climatizador. 
As unidades condensadoras possuem compressor com rotação variável para adequar a 
vazão de gás refrigerante conforme a demanda. Este tipo de sistema apresenta aumento da 
eficiência quando opera em cargas parciais. 
Para a simulação computacional do sistema de condicionamento de ar VRF com 
condensação a ar adotou-se uma renovação por pessoa de 0,0031 m3/s e uma renovação de 
área de piso de 0,004 m3/s.m2. O sistema foi modelado somente para resfriamento do 
ambiente, considerando uma temperatura de setpoint de 24oC, considerando um Coeficiente 
de Performance de 3,9 W/W. 
Ressalta-se que o sistema de condicionamento de ar VRF com condensação a ar foi 
adotado para todas as zonas, considerando também os ambientes onde foi considerado um 
funcionamento de 24h00 do sistema de condicionamento de ar. 
A Tabela 12 apresenta a comparação do consumo final entre o Modelo base e o 
Modelo base + VRF. Nota-se que o sistema VRF apresentou uma redução de consumo 
significativa para todos os meses do ano, com uma média anual de aproximadamente 14%. 
Comparando o sistema VRF com as alternativas de sistema de condicionamento de ar 
simuladas, nota-se que este sistema foi o que apresentou a maior redução no consumo de 
energia do prédio do Ministério de Minas e Energia.",1837,1781
06_procel_eficiencia_edificios_publicos.pdf,Guia de Eficiência Energética em Edifícios Públicos,PROCEL / Ministério de Minas e Energia,relatorio_tecnico,eficiencia_energetica,2025,vigente,guia técnico,eficiência energética em edificações públicas,197," 
  
www.labeee.ufsc.br 
25
 
Tabela 12 – Consumo do Modelo base considerando o sistema de condicionamento de ar VRF 
com condensação a ar. 
 
Consumo (kWh) 
Diferença  
(kWh) 
Diferença  
(%) 
Split Nível C 
VRF 
Janeiro 
181.302 
156.623 
24.679 
13,61 
Fevereiro 
165.806 
143.517 
22.289 
13,44 
Março 
174.113 
152.215 
21.898 
12,58 
Abril 
204.415 
173.904 
30.511 
14,93 
Maio 
182.036 
158.489 
23.547 
12,94 
Junho 
173.758 
154.436 
19.322 
11,12 
Julho 
181.073 
160.998 
20.075 
11,09 
Agosto 
187.137 
161.117 
26.020 
13,90 
Setembro 
208.778 
176.850 
31.928 
15,29 
Outubro 
210.537 
178.494 
32.043 
15,22 
Novembro  
206.965 
176.312 
30.653 
14,81 
Dezembro 
216.850 
183.175 
33.675 
15,53 
TOTAL 
2.292.770 
1.976.130 
316.640 
13,80 
 
3.2.8 RESUMO DOS SISTEMAS DE CONDICIONAMENTO DE AR ANALISADOS 
O resumo do consumo dos diferentes sistemas de condicionamento de ar analisados 
pode ser observado através da Tabela 13. Nota-se que todos os sistemas analisados 
apresentaram redução no consumo quando comparados com o sistema de condicionamento 
de ar presente no Modelo base (sistema split nível C). 
A substituição do sistema de condicionamento de ar real (sistema Split com Nível de 
eficiência C) por um sistema de condicionamento de ar do tipo VRF foi a alternativa que 
apresentou a maior diferença no consumo (13,80%). A alternativa de um sistema Inverter 
com Nível de eficiência A apresentou uma redução de 10% do consumo da edificação.  
 
 
 
 
 
 
 
 
",1488,"Tabela 12 – Consumo do Modelo base considerando o sistema de condicionamento de ar VRF 
com condensação a ar. 
 
Consumo (kWh) 
Diferença 
(kWh) 
Diferença 
(%) 
Split Nível C 
VRF 
Janeiro 
181.302 
156.623 
24.679 
13,61 
Fevereiro 
165.806 
143.517 
22.289 
13,44 
Março 
174.113 
152.215 
21.898 
12,58 
Abril 
204.415 
173.904 
30.511 
14,93 
Maio 
182.036 
158.489 
23.547 
12,94 
Junho 
173.758 
154.436 
19.322 
11,12 
Julho 
181.073 
160.998 
20.075 
11,09 
Agosto 
187.137 
161.117 
26.020 
13,90 
Setembro 
208.778 
176.850 
31.928 
15,29 
Outubro 
210.537 
178.494 
32.043 
15,22 
Novembro 
206.965 
176.312 
30.653 
14,81 
Dezembro 
216.850 
183.175 
33.675 
15,53 
TOTAL 
2.292.770 
1.976.130 
316.640 
13,80 
 
3.2.8 RESUMO DOS SISTEMAS DE CONDICIONAMENTO DE AR ANALISADOS 
O resumo do consumo dos diferentes sistemas de condicionamento de ar analisados 
pode ser observado através da Tabela 13. Nota-se que todos os sistemas analisados 
apresentaram redução no consumo quando comparados com o sistema de condicionamento 
de ar presente no Modelo base (sistema split nível C). 
A substituição do sistema de condicionamento de ar real (sistema Split com Nível de 
eficiência C) por um sistema de condicionamento de ar do tipo VRF foi a alternativa que 
apresentou a maior diferença no consumo (13,80%). A alternativa de um sistema Inverter 
com Nível de eficiência A apresentou uma redução de 10% do consumo da edificação.",1488,1436
06_procel_eficiencia_edificios_publicos.pdf,Guia de Eficiência Energética em Edifícios Públicos,PROCEL / Ministério de Minas e Energia,relatorio_tecnico,eficiencia_energetica,2025,vigente,guia técnico,eficiência energética em edificações públicas,198," 
  
www.labeee.ufsc.br 
26
 
Tabela 13 – Consumo dos sistemas de condicionamento de ar analisados. 
 
Consumo 
(kWh) 
Diferença  
(kWh) 
Diferença  
(%) 
Split Nível C (Modelo base) 
2.292.770 
- 
- 
Split Nível A 
2.115.998 
176.772 
7,70 
Split Nível C + renovação de ar 
2.341.379 
-48.609 
- 2,10 
Inverter Nível A 
2.061.882 
230.888 
10,00 
VAV chiller a água 
2.075.083 
217.687 
9,50 
VAV chiller a água + ciclo 
economizador 
2.173.222 
11.9548 
5,20 
VAV chiller a ar 
2.209.898 
82.872 
3,60 
VRF 
1.976.130 
316.640 
13,80 
 
3.3 
PAINEL FOTOVOLTAICO 
Como alternativa de retrofit, considerou-se o uso de um painel fotovoltaico para 
geração de energia no prédio do Ministério de Minas e Energia.  
Adotou-se um sistema que utiliza células de silício monocristalino que representam 
uma tecnologia de alta eficiência para geração fotovoltaica. O módulo escolhido foi o 
SunPower SPR WHT 230.  
Optou-se em instalar o sistema na área da cobertura do prédio. Na cobertura há a 
presença de uma platibanda em todo o contorno da edificação com altura de 2,20 m, 
conforme apresentado na Figura 10. Nota-se também a presença de volumes projetando-se 
do piso da cobertura até à altura máxima da platibanda e tubulações acima do piso da 
cobertura. Uma consequência deste contexto é um elevado potencial de sombreamento dos 
módulos fotovoltaicos caso os mesmos fossem instalados perto do nível da cobertura. 
 
 
 
(a) 
(b) 
Figura 10 - Cobertura do prédio do MME. Fonte: Nicolleti (2009) 
",1498,"Tabela 13 – Consumo dos sistemas de condicionamento de ar analisados. 
 
Consumo 
(kWh) 
Diferença 
(kWh) 
Diferença 
(%) 
Split Nível C (Modelo base) 
2.292.770 
- 
- 
Split Nível A 
2.115.998 
176.772 
7,70 
Split Nível C + renovação de ar 
2.341.379 
-48.609 
- 2,10 
Inverter Nível A 
2.061.882 
230.888 
10,00 
VAV chiller a água 
2.075.083 
217.687 
9,50 
VAV chiller a água + ciclo 
economizador 
2.173.222 
11.9548 
5,20 
VAV chiller a ar 
2.209.898 
82.872 
3,60 
VRF 
1.976.130 
316.640 
13,80 
 
3.3 
PAINEL FOTOVOLTAICO 
Como alternativa de retrofit, considerou-se o uso de um painel fotovoltaico para 
geração de energia no prédio do Ministério de Minas e Energia. 
Adotou-se um sistema que utiliza células de silício monocristalino que representam 
uma tecnologia de alta eficiência para geração fotovoltaica. O módulo escolhido foi o 
SunPower SPR WHT 230. 
Optou-se em instalar o sistema na área da cobertura do prédio. Na cobertura há a 
presença de uma platibanda em todo o contorno da edificação com altura de 2,20 m, 
conforme apresentado na Figura 10. Nota-se também a presença de volumes projetando-se 
do piso da cobertura até à altura máxima da platibanda e tubulações acima do piso da 
cobertura. Uma consequência deste contexto é um elevado potencial de sombreamento dos 
módulos fotovoltaicos caso os mesmos fossem instalados perto do nível da cobertura. 
 
 
 
(a) 
(b) 
Figura 10 - Cobertura do prédio do MME. Fonte: Nicolleti (2009)",1498,1462
06_procel_eficiencia_edificios_publicos.pdf,Guia de Eficiência Energética em Edifícios Públicos,PROCEL / Ministério de Minas e Energia,relatorio_tecnico,eficiencia_energetica,2025,vigente,guia técnico,eficiência energética em edificações públicas,199," 
  
www.labeee.ufsc.br 
27
 
Dessa forma, adotou-se um sistema de painel fotovoltaico onde os módulos são 
instalados 20 cm acima do nível do topo da platibanda presente na cobertura. Este arranjo 
elimina o sombreamento indesejado dos módulos, permitindo o aproveitamento total da área 
de cobertura.  
Para maximizar a geração fotovoltaica, os módulos foram organizados em fileiras 
alternadamente orientadas a Norte (azimute 0°) e a Sul (azimute 180°), adotando uma 
inclinação de 15°. Este tipo de arranjo é uma alternativa ao arranjo tradicionalmente 
utilizado, o qual é composto somente por módulos orientados a Norte com inclinação igual à 
latitude do local. Apesar do arranjo tradicionalmente utilizado garantir uma boa geração, este 
implica em um afastamento significativo entre as fileiras para evitar o sombreamento, 
resultando em um desperdício da área da cobertura. A Figura 11a ilustra um sistema 
fotovoltaico com módulos inclinados (arranjo tradicional), e a Figura 11b um sistema com 
módulos de inclinação 15° (arranjo proposto). 
 
 
 
(a) 
(b) 
Figura 11 - Ilustração de sistemas com (a) arranjo tradicional e (b) arranjo proposto. 
 
No sistema simulado (arranjo proposto) as fileiras de módulos estão afastadas 0,05 m 
nos topos dos módulos para permitir o escoamento da água da chuva e reduzir a carga de 
vento. A Figura 12 apresenta as fileiras de módulos orientados de Norte a Sul, representando 
o total de 10 fileiras graficamente. 
 
 
 
 
",1474,"Dessa forma, adotou-se um sistema de painel fotovoltaico onde os módulos são 
instalados 20 cm acima do nível do topo da platibanda presente na cobertura. Este arranjo 
elimina o sombreamento indesejado dos módulos, permitindo o aproveitamento total da área 
de cobertura. 
Para maximizar a geração fotovoltaica, os módulos foram organizados em fileiras 
alternadamente orientadas a Norte (azimute 0°) e a Sul (azimute 180°), adotando uma 
inclinação de 15°. Este tipo de arranjo é uma alternativa ao arranjo tradicionalmente 
utilizado, o qual é composto somente por módulos orientados a Norte com inclinação igual à 
latitude do local. Apesar do arranjo tradicionalmente utilizado garantir uma boa geração, este 
implica em um afastamento significativo entre as fileiras para evitar o sombreamento, 
resultando em um desperdício da área da cobertura. A Figura 11a ilustra um sistema 
fotovoltaico com módulos inclinados (arranjo tradicional), e a Figura 11b um sistema com 
módulos de inclinação 15° (arranjo proposto). 
 
 
 
(a) 
(b) 
Figura 11 - Ilustração de sistemas com (a) arranjo tradicional e (b) arranjo proposto. 
 
No sistema simulado (arranjo proposto) as fileiras de módulos estão afastadas 0,05 m 
nos topos dos módulos para permitir o escoamento da água da chuva e reduzir a carga de 
vento. A Figura 12 apresenta as fileiras de módulos orientados de Norte a Sul, representando 
o total de 10 fileiras graficamente.",1474,1433
06_procel_eficiencia_edificios_publicos.pdf,Guia de Eficiência Energética em Edifícios Públicos,PROCEL / Ministério de Minas e Energia,relatorio_tecnico,eficiencia_energetica,2025,vigente,guia técnico,eficiência energética em edificações públicas,200," 
  
www.labeee.ufsc.br 
28
 
 
Figura 12 - Ilustração do arranjo dos módulos fotovoltaicos proposto. 
 
Portanto, foi simulado um sistema fixo e heterogêneo com duas orientações: a Norte 
(azimute 0°) e a Sul (azimute 180°), com 15° de inclinação. Os módulos SunPower 230 
apresentam dimensões de 1,6m X 0,8 m. Totalizando, foram consideradas 62 filas de 10 
módulos orientadas a Norte (142.600 Wp) e 62 filas de 10 módulos orientadas a Sul (142.600 
Wp).  
A geração de energia será assimétrica, onde o sistema Sul tem uma geração de 
energia inferior ao sistema Norte. Porém, adotou-se a utilização de dois inversores PVI 
Central 100 (110 kWp de potência pico): um inversor é ligado aos módulos orientados a 
Norte, e o outro para os módulos orientados a Sul. Os inversores foram determinados através 
do programa PVsyst, onde determinou-se que este modelo apresenta o melhor ajuste para o 
sistema adotado. O PVsyst tem uma base de dados que inclui módulos e inversores 
comercialmente disponíveis, permitindo determinar as melhores combinações.  
 A simulação do desempenho dos módulos adotados para o prédio do Ministério de 
Minas e Energia foi realizada através do modelo SANDIA. O modelo SANDIA foi desenvolvido 
pelo Sandia National Laboratory. Este modelo contabiliza os efeitos da temperatura da célula 
na geração fotovoltaica, e prevê o desempenho dos módulos através de um conjunto de 
coeficientes determinados empiricamente para cada modelo específico.  
Os inversores foram simulados adotando o modelo simples. Este modelo aplica aos 
valores de geração uma taxa constante de eficiência. A taxa de eficiência determinada foi de 
95%, estabelecendo uma taxa média de eficiência com base nos dados da California Energy 
Commission. 
Ressalta-se que a simulação do modelo de geração no programa Energyplus não 
contabiliza diversos fatores, como: perdas ôhmicas, qualidade dos módulos, desacertos entre  
",1921,"Figura 12 - Ilustração do arranjo dos módulos fotovoltaicos proposto. 
 
Portanto, foi simulado um sistema fixo e heterogêneo com duas orientações: a Norte 
(azimute 0°) e a Sul (azimute 180°), com 15° de inclinação. Os módulos SunPower 230 
apresentam dimensões de 1,6m X 0,8 m. Totalizando, foram consideradas 62 filas de 10 
módulos orientadas a Norte (142.600 Wp) e 62 filas de 10 módulos orientadas a Sul (142.600 
Wp). 
A geração de energia será assimétrica, onde o sistema Sul tem uma geração de 
energia inferior ao sistema Norte. Porém, adotou-se a utilização de dois inversores PVI 
Central 100 (110 kWp de potência pico): um inversor é ligado aos módulos orientados a 
Norte, e o outro para os módulos orientados a Sul. Os inversores foram determinados através 
do programa PVsyst, onde determinou-se que este modelo apresenta o melhor ajuste para o 
sistema adotado. O PVsyst tem uma base de dados que inclui módulos e inversores 
comercialmente disponíveis, permitindo determinar as melhores combinações. 
 A simulação do desempenho dos módulos adotados para o prédio do Ministério de 
Minas e Energia foi realizada através do modelo SANDIA. O modelo SANDIA foi desenvolvido 
pelo Sandia National Laboratory. Este modelo contabiliza os efeitos da temperatura da célula 
na geração fotovoltaica, e prevê o desempenho dos módulos através de um conjunto de 
coeficientes determinados empiricamente para cada modelo específico. 
Os inversores foram simulados adotando o modelo simples. Este modelo aplica aos 
valores de geração uma taxa constante de eficiência. A taxa de eficiência determinada foi de 
95%, estabelecendo uma taxa média de eficiência com base nos dados da California Energy 
Commission. 
Ressalta-se que a simulação do modelo de geração no programa Energyplus não 
contabiliza diversos fatores, como: perdas ôhmicas, qualidade dos módulos, desacertos entre",1921,1883
06_procel_eficiencia_edificios_publicos.pdf,Guia de Eficiência Energética em Edifícios Públicos,PROCEL / Ministério de Minas e Energia,relatorio_tecnico,eficiencia_energetica,2025,vigente,guia técnico,eficiência energética em edificações públicas,201," 
  
www.labeee.ufsc.br 
29
 
os módulos do sistema, entre outras. Dessa forma, os valores da geração fotovoltaica 
apresentados pelo programa de simulação computacional Energyplus representam o limite 
máximo possível de geração do sistema. A geração do modelo real será possivelmente 
menor. No entanto, o programa EnergyPlus têm precisão suficiente para as análises iniciais e 
para a opção de tecnologias.  
Adicionalmente, as estimativas de geração fotovoltaica estão diretamente conectadas 
aos dados de irradiação solar presente no arquivo climático utilizado. A análise dos arquivos 
climáticos TRY, SWERA e INMET (2012) disponíveis para o clima de Brasília apresentam uma 
variação considerável nos valores de radiação solar horizontal. A Figura 13, Figura 14 e Figura 
15 apresentam as características de temperatura, umidade, radiação direta e difusa, 
presentes nos arquivos climáticos TRY, SWERA e INMET (2012), respectivamente. A legenda 
para análise das características dos arquivos climáticos pode ser observada na Figura 16. 
 
 
Figura 13 – Arquivo climático TRY para o clima de Brasília. 
 
 
Figura 14 - Arquivo climático SWERA para o clima de Brasília. 
 
 
 
 
",1184,"os módulos do sistema, entre outras. Dessa forma, os valores da geração fotovoltaica 
apresentados pelo programa de simulação computacional Energyplus representam o limite 
máximo possível de geração do sistema. A geração do modelo real será possivelmente 
menor. No entanto, o programa EnergyPlus têm precisão suficiente para as análises iniciais e 
para a opção de tecnologias. 
Adicionalmente, as estimativas de geração fotovoltaica estão diretamente conectadas 
aos dados de irradiação solar presente no arquivo climático utilizado. A análise dos arquivos 
climáticos TRY, SWERA e INMET (2012) disponíveis para o clima de Brasília apresentam uma 
variação considerável nos valores de radiação solar horizontal. A Figura 13, Figura 14 e Figura 
15 apresentam as características de temperatura, umidade, radiação direta e difusa, 
presentes nos arquivos climáticos TRY, SWERA e INMET (2012), respectivamente. A legenda 
para análise das características dos arquivos climáticos pode ser observada na Figura 16. 
 
 
Figura 13 – Arquivo climático TRY para o clima de Brasília. 
 
 
Figura 14 - Arquivo climático SWERA para o clima de Brasília.",1184,1143
06_procel_eficiencia_edificios_publicos.pdf,Guia de Eficiência Energética em Edifícios Públicos,PROCEL / Ministério de Minas e Energia,relatorio_tecnico,eficiencia_energetica,2025,vigente,guia técnico,eficiência energética em edificações públicas,202," 
  
www.labeee.ufsc.br 
30
 
 
Figura 15 - Arquivo climático INMET (2012) para o clima de Brasília. 
 
 
Figura 16 – Legenda para análise das características dos arquivos climáticos.  
 
Para as simulações considerando o uso do painel fotovoltaico, adotou-se o arquivo 
climático de Brasília com os dados de radiação SWERA. Optou-se em adotar este arquivo, 
pois o SWERA possui um programa para estimar o potencial de geração fotovoltaica e eólica 
no planeta. Os dados específicos do Brasil foram apurados através do INPE através de 
medições de satélite.  
A Tabela 14 apresenta o total de consumo de energia no prédio do Ministério de Minas 
e Energia (MME), a geração fotovoltaica na saída do inversor, a energia importada da rede e 
o saldo de energia entre geração própria e energia importada da rede.  
Os valores de consumo de energia mensais do edifício são obtidos através da variável 
de saída Electricity:Facility, solicitada no programa EnergyPlus. Esta variável representa a 
soma de todos os consumos elétricos da edificação que foram inseridos no programa de 
simulação.  
Os valores de energia referentes à geração elétrica na saída do inversor são obtidos 
através da solicitação da variável de saída no programa de simulação EnergyPlus Load Center 
Electric Energy Produced. Esta variável representa a soma da energia elétrica e da energia 
produzida pelo sistema fotovoltaico adotado.  
O total de energia elétrica importada da rede é obtido através da solicitação da 
variável da variável de saída no programa de simulação Total Electric Energy Purchased. Esta 
variável representa o total de energia importada pela edificação. 
 
",1653,"Figura 15 - Arquivo climático INMET (2012) para o clima de Brasília. 
 
 
Figura 16 – Legenda para análise das características dos arquivos climáticos. 
 
Para as simulações considerando o uso do painel fotovoltaico, adotou-se o arquivo 
climático de Brasília com os dados de radiação SWERA. Optou-se em adotar este arquivo, 
pois o SWERA possui um programa para estimar o potencial de geração fotovoltaica e eólica 
no planeta. Os dados específicos do Brasil foram apurados através do INPE através de 
medições de satélite. 
A Tabela 14 apresenta o total de consumo de energia no prédio do Ministério de Minas 
e Energia (MME), a geração fotovoltaica na saída do inversor, a energia importada da rede e 
o saldo de energia entre geração própria e energia importada da rede. 
Os valores de consumo de energia mensais do edifício são obtidos através da variável 
de saída Electricity:Facility, solicitada no programa EnergyPlus. Esta variável representa a 
soma de todos os consumos elétricos da edificação que foram inseridos no programa de 
simulação. 
Os valores de energia referentes à geração elétrica na saída do inversor são obtidos 
através da solicitação da variável de saída no programa de simulação EnergyPlus Load Center 
Electric Energy Produced. Esta variável representa a soma da energia elétrica e da energia 
produzida pelo sistema fotovoltaico adotado. 
O total de energia elétrica importada da rede é obtido através da solicitação da 
variável da variável de saída no programa de simulação Total Electric Energy Purchased. Esta 
variável representa o total de energia importada pela edificação.",1653,1612
06_procel_eficiencia_edificios_publicos.pdf,Guia de Eficiência Energética em Edifícios Públicos,PROCEL / Ministério de Minas e Energia,relatorio_tecnico,eficiencia_energetica,2025,vigente,guia técnico,eficiência energética em edificações públicas,203," 
  
www.labeee.ufsc.br 
31
 
O saldo de energia entre importação e exportação de energia da rede é definido 
através da variável de saída Total Electric Energy Surplus, solicitada no programa de 
simulação. Esta variável representa o excesso de energia produzida e enviada para a rede de 
energia elétrica.  
 
Tabela 14 - Balanço energético mensal. 
Consumo total de 
energia do MME 
(kWh) 
Energia elétrica 
na saída do 
inversor (kWh) 
Total de energia 
elétrica importada 
da rede (kWh) 
Saldo de energia 
entre importação e 
exportação de 
energia da rede 
(kWh) 
Janeiro 
181.302 
44.042 
134.997 
4.590 
Fevereiro 
165.806 
40.387 
126.106 
4.098 
Março 
174.113 
40.703 
139.912 
4.209 
Abril 
204.415 
37.369 
172.156 
3.992 
Maio 
182.036 
33.935 
162.860 
3.675 
Junho 
173.758 
34.201 
151.961 
3.140 
Julho 
181.073 
36.876 
160.889 
3.878 
Agosto 
187.137 
40.346 
153.715 
5.534 
Setembro 
208.778 
42.947 
166.666 
5.110 
Outubro 
210.537 
44.285 
175.717 
4.953 
Novembro 
206.965 
39.987 
164.417 
5.040 
Dezembro 
216.850 
41.009 
179.072 
3.442 
 
O resumo do desempenho anual estimado segundo a simulação do Modelo base com 
a utilização de painel fotovoltaico pode ser observado na Tabela 15. Nota-se que a geração 
fotovoltaica é capaz de atender 20,58% do consumo anual do prédio do Ministério de Minas e 
Energia. Observa-se que em alguns períodos durante o ano a geração do prédio é superior ao 
seu consumo, permitindo exportar 2,23 % da energia gerada para a rede de energia elétrica.  
Ressalta-se que é importante esclarecer que o balanço de energia não pode ser obtido 
subtraindo o valor da eletricidade exportada e importada para a rede de energia elétrica. A 
eletricidade gerada deve ser diretamente utilizada para atender as demandas internas de 
energia. A simulação computacional no programa EnergyPlus estabelece que a edificação 
analisada deve utilizar primeiramente toda a geração de energia para atender as demandas 
internas, e posteriormente exportar para a rede o excedente somente se as demandas 
internas forem totalmente atendidas. 
",2083,"O saldo de energia entre importação e exportação de energia da rede é definido 
através da variável de saída Total Electric Energy Surplus, solicitada no programa de 
simulação. Esta variável representa o excesso de energia produzida e enviada para a rede de 
energia elétrica. 
 
Tabela 14 - Balanço energético mensal. 
Consumo total de 
energia do MME 
(kWh) 
Energia elétrica 
na saída do 
inversor (kWh) 
Total de energia 
elétrica importada 
da rede (kWh) 
Saldo de energia 
entre importação e 
exportação de 
energia da rede 
(kWh) 
Janeiro 
181.302 
44.042 
134.997 
4.590 
Fevereiro 
165.806 
40.387 
126.106 
4.098 
Março 
174.113 
40.703 
139.912 
4.209 
Abril 
204.415 
37.369 
172.156 
3.992 
Maio 
182.036 
33.935 
162.860 
3.675 
Junho 
173.758 
34.201 
151.961 
3.140 
Julho 
181.073 
36.876 
160.889 
3.878 
Agosto 
187.137 
40.346 
153.715 
5.534 
Setembro 
208.778 
42.947 
166.666 
5.110 
Outubro 
210.537 
44.285 
175.717 
4.953 
Novembro 
206.965 
39.987 
164.417 
5.040 
Dezembro 
216.850 
41.009 
179.072 
3.442 
 
O resumo do desempenho anual estimado segundo a simulação do Modelo base com 
a utilização de painel fotovoltaico pode ser observado na Tabela 15. Nota-se que a geração 
fotovoltaica é capaz de atender 20,58% do consumo anual do prédio do Ministério de Minas e 
Energia. Observa-se que em alguns períodos durante o ano a geração do prédio é superior ao 
seu consumo, permitindo exportar 2,23 % da energia gerada para a rede de energia elétrica. 
Ressalta-se que é importante esclarecer que o balanço de energia não pode ser obtido 
subtraindo o valor da eletricidade exportada e importada para a rede de energia elétrica. A 
eletricidade gerada deve ser diretamente utilizada para atender as demandas internas de 
energia. A simulação computacional no programa EnergyPlus estabelece que a edificação 
analisada deve utilizar primeiramente toda a geração de energia para atender as demandas 
internas, e posteriormente exportar para a rede o excedente somente se as demandas 
internas forem totalmente atendidas.",2083,2049
06_procel_eficiencia_edificios_publicos.pdf,Guia de Eficiência Energética em Edifícios Públicos,PROCEL / Ministério de Minas e Energia,relatorio_tecnico,eficiencia_energetica,2025,vigente,guia técnico,eficiência energética em edificações públicas,204," 
  
www.labeee.ufsc.br 
32
 
Tabela 15 - Resumo do desempenho anual simulado do edifício. 
 
Energia 
 (kWh) 
Energia 
 (%) 
Geração fotovoltaica do edifício 
476.088 
20,58 
Energia importada da rede 
1.888.468 
81,65 
Energia excedente exportada  
para a rede 
51.661 
2,23 
Energia líquida importada da rede 
1.836.807 
79,42 
Total de geração própria e  
importação de energia da rede 
2.312.895 
100 
Consumo total de energia do edifício 
2.312.895 
100 
 
É possível observar uma diferença significativa entre o consumo total de energia e a 
geração fotovoltaica em todos os meses do ano. Dessa forma, conclui-se que o sistema de 
geração fotovoltaica não foi capaz de atender a demanda total do prédio do Ministério de 
Minas e Energia em nenhum dos meses analisados.  
Ressalta-se que o programa Energyplus tende a superestimar a geração de energia do 
sistema de painel fotovoltaico, uma vez que este desconsidera algumas perdas do sistema 
conforme mencionado anteriormente. Portanto, realizou-se o cálculo da geração de energia 
do sistema de painel fotovoltaico com o programa PVSyst para poder comparar os resultados 
obtidos entre os dois programas. A comparação da geração de energia do sistema Norte pode 
ser observada através da Tabela 16. 
Observa-se que para todos os meses do ano o programa EnergyPlus apresentou 
resultados de geração de energia superiores ao programa PVSyst. As maiores diferenças 
foram observadas para os meses de Setembro a Abril. O mês que apresentou a maior 
diferença foi o de Outubro, com um total de 30,69%. Entre os meses de Maio a Agosto, a 
diferença da geração de energia encontrada entre os programas foi inferior a 10%.  
A comparação da geração de energia do sistema Sul pode ser observada através da 
Tabela 17. Nota-se o mesmo comportamento apresentado para o sistema Norte, ou seja, os 
meses que apresentaram a maior diferença de geração de energia foram de Setembro a Abril. 
Para os outros meses a diferença foi inferior a 10%.  
O relatório de saída fornecido pelo programa PVSyst para o Sistema Norte e Sul 
podem ser observados no ANEXO 01. 
 
 
",2111,"Tabela 15 - Resumo do desempenho anual simulado do edifício. 
 
Energia 
 (kWh) 
Energia 
 (%) 
Geração fotovoltaica do edifício 
476.088 
20,58 
Energia importada da rede 
1.888.468 
81,65 
Energia excedente exportada 
para a rede 
51.661 
2,23 
Energia líquida importada da rede 
1.836.807 
79,42 
Total de geração própria e 
importação de energia da rede 
2.312.895 
 
Consumo total de energia do edifício 
2.312.895 
 
É possível observar uma diferença significativa entre o consumo total de energia e a 
geração fotovoltaica em todos os meses do ano. Dessa forma, conclui-se que o sistema de 
geração fotovoltaica não foi capaz de atender a demanda total do prédio do Ministério de 
Minas e Energia em nenhum dos meses analisados. 
Ressalta-se que o programa Energyplus tende a superestimar a geração de energia do 
sistema de painel fotovoltaico, uma vez que este desconsidera algumas perdas do sistema 
conforme mencionado anteriormente. Portanto, realizou-se o cálculo da geração de energia 
do sistema de painel fotovoltaico com o programa PVSyst para poder comparar os resultados 
obtidos entre os dois programas. A comparação da geração de energia do sistema Norte pode 
ser observada através da Tabela 16. 
Observa-se que para todos os meses do ano o programa EnergyPlus apresentou 
resultados de geração de energia superiores ao programa PVSyst. As maiores diferenças 
foram observadas para os meses de Setembro a Abril. O mês que apresentou a maior 
diferença foi o de Outubro, com um total de 30,69%. Entre os meses de Maio a Agosto, a 
diferença da geração de energia encontrada entre os programas foi inferior a 10%. 
A comparação da geração de energia do sistema Sul pode ser observada através da 
Tabela 17. Nota-se o mesmo comportamento apresentado para o sistema Norte, ou seja, os 
meses que apresentaram a maior diferença de geração de energia foram de Setembro a Abril. 
Para os outros meses a diferença foi inferior a 10%. 
O relatório de saída fornecido pelo programa PVSyst para o Sistema Norte e Sul 
podem ser observados no ANEXO 01.",2111,2062
06_procel_eficiencia_edificios_publicos.pdf,Guia de Eficiência Energética em Edifícios Públicos,PROCEL / Ministério de Minas e Energia,relatorio_tecnico,eficiencia_energetica,2025,vigente,guia técnico,eficiência energética em edificações públicas,205," 
  
www.labeee.ufsc.br 
33
Tabela 16 – Geração de energia do Sistema Norte. 
Geração de energia – Sistema Norte 
EnergyPlus 
 (kWh) 
PVSyst 
 (kWh) 
Diferença  
(kWh) 
Diferença 
(%) 
Janeiro 
21.200 
15.116 
6.084 
28,70 
Fevereiro 
19.939 
16.231 
3.708 
18,60 
Março 
21.354 
15.970 
5.384 
25,21 
Abril 
20.873 
17.826 
3.047 
14,60 
Maio 
20.186 
18.849 
1.337 
6,62 
Junho 
21.218 
19.244 
1.974 
9,30 
Julho 
22.467 
20.499 
1.968 
8,76 
Agosto 
23.339 
21.360 
1.979 
8,48 
Setembro 
23.181 
18.209 
4.972 
21,45 
Outubro 
22.528 
15.614 
6.914 
30,69 
Novembro 
19.475 
14.941 
4.534 
23,28 
Dezembro 
19.550 
15.122 
4.428 
22,65 
TOTAL 
255.309 
208.981 
46.328 
18,15 
 
Tabela 17 – Geração de energia do Sistema Sul. 
Geração de energia – Sistema Sul 
EnergyPlus  
(kWh) 
PVSyst 
 (kWh) 
Diferença  
(kWh) 
Diferença 
(%) 
Janeiro 
22.843 
16.308 
6.535 
28,61 
Fevereiro 
20.448 
16.679 
3.769 
18,43 
Março 
19.349 
14.760 
4.589 
23,72 
Abril 
16.497 
14.386 
2.111 
12,79 
Maio 
13.749 
13.252 
497 
3,61 
Junho 
12.983 
12.020 
963 
7,42 
Julho 
14.410 
13.323 
1.087 
7,54 
Agosto 
17.007 
15.840 
1.167 
6,86 
Setembro 
19.765 
15.988 
3.777 
19,11 
Outubro 
21.757 
15.610 
6.147 
28,25 
Novembro 
20.512 
15.811 
4.701 
22,92 
Dezembro 
21.460 
16.643 
4.817 
22,45 
TOTAL 
220.779 
180.620 
40.159 
18,19 
",1330,"Tabela 16 – Geração de energia do Sistema Norte. 
Geração de energia – Sistema Norte 
EnergyPlus 
 (kWh) 
PVSyst 
 (kWh) 
Diferença 
(kWh) 
Diferença 
(%) 
Janeiro 
21.200 
15.116 
6.084 
28,70 
Fevereiro 
19.939 
16.231 
3.708 
18,60 
Março 
21.354 
15.970 
5.384 
25,21 
Abril 
20.873 
17.826 
3.047 
14,60 
Maio 
20.186 
18.849 
1.337 
6,62 
Junho 
21.218 
19.244 
1.974 
9,30 
Julho 
22.467 
20.499 
1.968 
8,76 
Agosto 
23.339 
21.360 
1.979 
8,48 
Setembro 
23.181 
18.209 
4.972 
21,45 
Outubro 
22.528 
15.614 
6.914 
30,69 
Novembro 
19.475 
14.941 
4.534 
23,28 
Dezembro 
19.550 
15.122 
4.428 
22,65 
TOTAL 
255.309 
208.981 
46.328 
18,15 
 
Tabela 17 – Geração de energia do Sistema Sul. 
Geração de energia – Sistema Sul 
EnergyPlus 
(kWh) 
PVSyst 
 (kWh) 
Diferença 
(kWh) 
Diferença 
(%) 
Janeiro 
22.843 
16.308 
6.535 
28,61 
Fevereiro 
20.448 
16.679 
3.769 
18,43 
Março 
19.349 
14.760 
4.589 
23,72 
Abril 
16.497 
14.386 
2.111 
12,79 
Maio 
13.749 
13.252 
 
3,61 
Junho 
12.983 
12.020 
 
7,42 
Julho 
14.410 
13.323 
1.087 
7,54 
Agosto 
17.007 
15.840 
1.167 
6,86 
Setembro 
19.765 
15.988 
3.777 
19,11 
Outubro 
21.757 
15.610 
6.147 
28,25 
Novembro 
20.512 
15.811 
4.701 
22,92 
Dezembro 
21.460 
16.643 
4.817 
22,45 
TOTAL 
220.779 
180.620 
40.159 
18,19",1330,1291
06_procel_eficiencia_edificios_publicos.pdf,Guia de Eficiência Energética em Edifícios Públicos,PROCEL / Ministério de Minas e Energia,relatorio_tecnico,eficiencia_energetica,2025,vigente,guia técnico,eficiência energética em edificações públicas,206," 
  
www.labeee.ufsc.br 
34
 
Segundo o IPHAN – Instituto do Patrimônio Histórico e Artístico Nacional, este tem o 
trabalho de promover e coordenar o processo de preservação do Patrimônio Cultural 
Brasileiro para fortalecer identidades, garantir o direito à memória e contribuir para o 
desenvolvimento socioeconômico do país. Frente a isso, optou-se em verificar a instalação do 
sistema de painel fotovoltaico abaixo no nível da cobertura (abaixo da platibanda) para não 
modificar a fachada do prédio do Ministério de Minas e Energia.  
Com base na planta da cobertura do prédio do Ministério de Minas e Energia, as 
obstruções foram observadas e modeladas no programa PVSyst (Figura 17). Os módulos 
foram dispostos para a orientação Norte e Sul, considerando a mesma metodologia adotada 
anteriormente. Ressalta-se que a instalação do sistema de painel fotovoltaico no nível da 
cobertura não elimina o sombreamento indesejado dos módulos em razão da platibanda de 
2,20 cm e das obstruções presentes na cobertura.  
 
 
(a) 
 
(b) 
 
Figura 17 – Planta da cobertura do MME (a) com obstruções e (b) com obstruções e arranjo 
proposto. 
 
Com base nos resultados desta simulação, foi possível observar e comparar a 
diferença da geração de energia obtida com a utilização de um sistema acima e abaixo da 
platibanda. A comparação da geração de energia do sistema Norte sem e com obstruções na 
cobertura pode ser observada através da Tabela 18. Observa-se que para todos os meses do 
ano a consideração das obstruções na cobertura do prédio do MME apresentou resultados de  
 
",1583,"Segundo o IPHAN – Instituto do Patrimônio Histórico e Artístico Nacional, este tem o 
trabalho de promover e coordenar o processo de preservação do Patrimônio Cultural 
Brasileiro para fortalecer identidades, garantir o direito à memória e contribuir para o 
desenvolvimento socioeconômico do país. Frente a isso, optou-se em verificar a instalação do 
sistema de painel fotovoltaico abaixo no nível da cobertura (abaixo da platibanda) para não 
modificar a fachada do prédio do Ministério de Minas e Energia. 
Com base na planta da cobertura do prédio do Ministério de Minas e Energia, as 
obstruções foram observadas e modeladas no programa PVSyst (Figura 17). Os módulos 
foram dispostos para a orientação Norte e Sul, considerando a mesma metodologia adotada 
anteriormente. Ressalta-se que a instalação do sistema de painel fotovoltaico no nível da 
cobertura não elimina o sombreamento indesejado dos módulos em razão da platibanda de 
2,20 cm e das obstruções presentes na cobertura. 
 
 
(a) 
 
(b) 
 
Figura 17 – Planta da cobertura do MME (a) com obstruções e (b) com obstruções e arranjo 
proposto. 
 
Com base nos resultados desta simulação, foi possível observar e comparar a 
diferença da geração de energia obtida com a utilização de um sistema acima e abaixo da 
platibanda. A comparação da geração de energia do sistema Norte sem e com obstruções na 
cobertura pode ser observada através da Tabela 18. Observa-se que para todos os meses do 
ano a consideração das obstruções na cobertura do prédio do MME apresentou resultados de",1583,1546
06_procel_eficiencia_edificios_publicos.pdf,Guia de Eficiência Energética em Edifícios Públicos,PROCEL / Ministério de Minas e Energia,relatorio_tecnico,eficiencia_energetica,2025,vigente,guia técnico,eficiência energética em edificações públicas,207," 
  
www.labeee.ufsc.br 
35
 
geração de energia significativamente inferior quando comparados com os resultados da não 
consideração destas obstruções. As diferenças encontradas são superiores a 10.000 kWh.  
Para o sistema Sul, observa-se o mesmo comportamento (Tabela 19). Ou seja, a 
consideração das obstruções na cobertura resultaram em uma geração de energia inferior 
quando comparados com os resultados da não consideração destas obstruções.  
O relatório de saída fornecido pelo programa PVSyst para o Sistema Norte e Sul 
podem ser observados no ANEXO 02. 
 
Tabela 18 – Geração de energia do Sistema Norte com obstruções. 
PVSyst 
Geração de energia – Sistema Norte 
Sem obstruções  
 (kWh) 
Com obstruções  
 (kWh) 
Diferença  
(kWh) 
Diferença 
(%) 
Janeiro 
15.116 
4.908 
10.208 
67,53 
Fevereiro 
16.231 
5.409 
10.822 
66,67 
Março 
15.970 
5.213 
10.757 
67,36 
Abril 
17.826 
5.802 
12.024 
67,45 
Maio 
18.849 
6.072 
12.777 
67,79 
Junho 
19.244 
6.137 
13.107 
68,11 
Julho 
20.499 
6.551 
13.948 
68,04 
Agosto 
21.360 
6.990 
14.370 
67,28 
Setembro 
18.209 
6.005 
12.204 
67,02 
Outubro 
15.614 
5.064 
10.550 
67,57 
Novembro 
14.941 
4.897 
10.044 
67,22 
Dezembro 
15.122 
4.930 
10.192 
67,40 
TOTAL 
208.981 
67.978 
141.003 
67,47 
 
 
 
 
 
 
 
 
 
",1283,"geração de energia significativamente inferior quando comparados com os resultados da não 
consideração destas obstruções. As diferenças encontradas são superiores a 10.000 kWh. 
Para o sistema Sul, observa-se o mesmo comportamento (Tabela 19). Ou seja, a 
consideração das obstruções na cobertura resultaram em uma geração de energia inferior 
quando comparados com os resultados da não consideração destas obstruções. 
O relatório de saída fornecido pelo programa PVSyst para o Sistema Norte e Sul 
podem ser observados no ANEXO 02. 
 
Tabela 18 – Geração de energia do Sistema Norte com obstruções. 
PVSyst 
Geração de energia – Sistema Norte 
Sem obstruções 
 (kWh) 
Com obstruções 
 (kWh) 
Diferença 
(kWh) 
Diferença 
(%) 
Janeiro 
15.116 
4.908 
10.208 
67,53 
Fevereiro 
16.231 
5.409 
10.822 
66,67 
Março 
15.970 
5.213 
10.757 
67,36 
Abril 
17.826 
5.802 
12.024 
67,45 
Maio 
18.849 
6.072 
12.777 
67,79 
Junho 
19.244 
6.137 
13.107 
68,11 
Julho 
20.499 
6.551 
13.948 
68,04 
Agosto 
21.360 
6.990 
14.370 
67,28 
Setembro 
18.209 
6.005 
12.204 
67,02 
Outubro 
15.614 
5.064 
10.550 
67,57 
Novembro 
14.941 
4.897 
10.044 
67,22 
Dezembro 
15.122 
4.930 
10.192 
67,40 
TOTAL 
208.981 
67.978 
141.003 
67,47",1283,1228
06_procel_eficiencia_edificios_publicos.pdf,Guia de Eficiência Energética em Edifícios Públicos,PROCEL / Ministério de Minas e Energia,relatorio_tecnico,eficiencia_energetica,2025,vigente,guia técnico,eficiência energética em edificações públicas,208," 
  
www.labeee.ufsc.br 
36
 
Tabela 19 – Geração de energia do Sistema Sul com obstruções. 
PVSyst 
Geração de energia – Sistema Sul 
Sem obstruções  
 (kWh) 
Com obstruções  
 (kWh) 
Diferença  
(kWh) 
Diferença 
(%) 
Janeiro 
22.843 
5.305 
17.538 
76,78 
Fevereiro 
20.448 
5.542 
14.906 
72,90 
Março 
19.349 
4.812 
14.537 
75,13 
Abril 
16.497 
4.753 
11.744 
71,19 
Maio 
13.749 
4.359 
9.390 
68,30 
Junho 
12.983 
3.962 
9.021 
69,48 
Julho 
14.410 
4.429 
9.981 
69,26 
Agosto 
17.007 
5.245 
11.762 
69,16 
Setembro 
19.765 
5.246 
14.519 
73,46 
Outubro 
21.757 
5.067 
16.690 
76,71 
Novembro 
20.512 
5.206 
15.306 
74,62 
Dezembro 
21.460 
5.458 
16.002 
74,57 
TOTAL 
220.779 
59.384 
161.395 
73,10 
 
3.4 
RESUMO DAS ALTERNATIVAS ANALISADAS 
O resumo do consumo total de todas as alternativas simuladas pode ser observado 
através da Tabela 20.  
A alternativa que apresentou a maior diferença com relação ao consumo total do 
Modelo base foi a utilização de um sistema de condicionamento de ar do tipo VRF com 
condensação a ar, seguido do sistema de condicionamento de ar do tipo Inverter com 
Coeficiente de Performance Nível A. Com relação aos vidros, observa-se que ambos os vidros 
duplos apresentam uma diferença de aproximadamente 3% com relação ao consumo total do 
Modelo base. Porém, a alternativa que apresentou a maior diferença foi com a utilização do 
vidro duplo com controle solar + ar + vidro incolor.  
Ressalta-se que a alternativa do uso do painel fotovoltaico foi capaz de atender 
20,58% do consumo anual do prédio do Ministério de Minas e Energia. 
 
 
 
 
",1600,"Tabela 19 – Geração de energia do Sistema Sul com obstruções. 
PVSyst 
Geração de energia – Sistema Sul 
Sem obstruções 
 (kWh) 
Com obstruções 
 (kWh) 
Diferença 
(kWh) 
Diferença 
(%) 
Janeiro 
22.843 
5.305 
17.538 
76,78 
Fevereiro 
20.448 
5.542 
14.906 
72,90 
Março 
19.349 
4.812 
14.537 
75,13 
Abril 
16.497 
4.753 
11.744 
71,19 
Maio 
13.749 
4.359 
9.390 
68,30 
Junho 
12.983 
3.962 
9.021 
69,48 
Julho 
14.410 
4.429 
9.981 
69,26 
Agosto 
17.007 
5.245 
11.762 
69,16 
Setembro 
19.765 
5.246 
14.519 
73,46 
Outubro 
21.757 
5.067 
16.690 
76,71 
Novembro 
20.512 
5.206 
15.306 
74,62 
Dezembro 
21.460 
5.458 
16.002 
74,57 
TOTAL 
220.779 
59.384 
161.395 
73,10 
 
3.4 
RESUMO DAS ALTERNATIVAS ANALISADAS 
O resumo do consumo total de todas as alternativas simuladas pode ser observado 
através da Tabela 20. 
A alternativa que apresentou a maior diferença com relação ao consumo total do 
Modelo base foi a utilização de um sistema de condicionamento de ar do tipo VRF com 
condensação a ar, seguido do sistema de condicionamento de ar do tipo Inverter com 
Coeficiente de Performance Nível A. Com relação aos vidros, observa-se que ambos os vidros 
duplos apresentam uma diferença de aproximadamente 3% com relação ao consumo total do 
Modelo base. Porém, a alternativa que apresentou a maior diferença foi com a utilização do 
vidro duplo com controle solar + ar + vidro incolor. 
Ressalta-se que a alternativa do uso do painel fotovoltaico foi capaz de atender 
20,58% do consumo anual do prédio do Ministério de Minas e Energia.",1600,1555
06_procel_eficiencia_edificios_publicos.pdf,Guia de Eficiência Energética em Edifícios Públicos,PROCEL / Ministério de Minas e Energia,relatorio_tecnico,eficiencia_energetica,2025,vigente,guia técnico,eficiência energética em edificações públicas,209," 
  
www.labeee.ufsc.br 
37
 
Tabela 20 – Consumo total das alternativas simuladas. 
Alternativas simuladas 
Consumo total 
(kWh) 
Diferença 
(kWh) 
Diferença 
(%) 
Modelo base 
2.292.770 
- 
- 
Vidro Duplo (controle solar + ar + laminado 
incolor) 
2.212.509 
80.261 
3,50 
Vidro Duplo (LowE + ar + monolítico incolor) 
2.231.605 
61.165 
2,67 
Split Nível A 
2.115.998 
176.772 
7,70 
Split Nível C + renovação 
2.341.679 
-48.909 
-2,10 
Inverter Nível A 
2.061.882 
230.888 
10,00 
VAV chiller a água 
2.075.083 
217.687 
9,50 
VAV chiller a água + ciclo economizador 
2.173.222 
119.548 
5,20 
VAV chiller a ar 
2.209.898 
82.872 
3,60 
VRF condensação a ar 
1.976.130 
316.640 
13,80 
 
3.5 
MODELOS PROPOSTOS 
Analisando os resultados de consumo total com a utilização de cada uma das 
alternativas simuladas, optou-se em comparar o consumo do Modelo base com um Modelo 
proposto 01.  
No Modelo proposto 01 optou-se em considerar o vidro duplo (controle solar + ar + 
laminado incolor) na fachada Leste do prédio do Ministério de Minas e Energia, o sistema de 
condicionamento de ar do tipo VRF com condensação a ar, e a utilização de painel 
fotovoltaico. Foi também simulado um Modelo proposto 02 considerando o vidro duplo 
(controle solar + ar + monolítico incolor) na fachada Leste, o painel fotovoltaico com base em 
simulações do programa EnergyPlus e a utilização do sistema Inverter com Coeficiente de 
Performance Nível A.  
A comparação entre os resultados do consumo total do Modelo base e do Modelo 
proposto 01 podem ser observados na Tabela 21. Nota-se que a diferença encontrada foi de 
15,07% com a utilização de vidro duplo, sistema de condicionamento de ar do tipo VRF e 
com painel fotovoltaico.  
A geração fotovoltaica do Modelo proposto 01 através do programa EnergyPlus pode 
ser observada na Tabela 22. O uso do painel fotovoltaico foi capaz de atender 24,45% do 
consumo anual do prédio do Ministério de Minas e Energia. Comparando com o Modelo base 
(20,58%), nota-se um aumento da geração fotovoltaica de 3,87%. Este aumento de geração 
reduziu a eletricidade importada da rede em 365.514 kWh.  
É importante ressaltar que segundo as simulações no programa PVSyst, a geração 
fotovoltaica do sistema foi de 389.601 kWh. Porém, para obter o consumo total das 
alternativas analisadas é necessário que todas as alternativas sejam inseridas no programa  
",2388,"Tabela 20 – Consumo total das alternativas simuladas. 
Alternativas simuladas 
Consumo total 
(kWh) 
Diferença 
(kWh) 
Diferença 
(%) 
Modelo base 
2.292.770 
- 
- 
Vidro Duplo (controle solar + ar + laminado 
incolor) 
2.212.509 
80.261 
3,50 
Vidro Duplo (LowE + ar + monolítico incolor) 
2.231.605 
61.165 
2,67 
Split Nível A 
2.115.998 
176.772 
7,70 
Split Nível C + renovação 
2.341.679 
-48.909 
-2,10 
Inverter Nível A 
2.061.882 
230.888 
10,00 
VAV chiller a água 
2.075.083 
217.687 
9,50 
VAV chiller a água + ciclo economizador 
2.173.222 
119.548 
5,20 
VAV chiller a ar 
2.209.898 
82.872 
3,60 
VRF condensação a ar 
1.976.130 
316.640 
13,80 
 
3.5 
MODELOS PROPOSTOS 
Analisando os resultados de consumo total com a utilização de cada uma das 
alternativas simuladas, optou-se em comparar o consumo do Modelo base com um Modelo 
proposto 01. 
No Modelo proposto 01 optou-se em considerar o vidro duplo (controle solar + ar + 
laminado incolor) na fachada Leste do prédio do Ministério de Minas e Energia, o sistema de 
condicionamento de ar do tipo VRF com condensação a ar, e a utilização de painel 
fotovoltaico. Foi também simulado um Modelo proposto 02 considerando o vidro duplo 
(controle solar + ar + monolítico incolor) na fachada Leste, o painel fotovoltaico com base em 
simulações do programa EnergyPlus e a utilização do sistema Inverter com Coeficiente de 
Performance Nível A. 
A comparação entre os resultados do consumo total do Modelo base e do Modelo 
proposto 01 podem ser observados na Tabela 21. Nota-se que a diferença encontrada foi de 
15,07% com a utilização de vidro duplo, sistema de condicionamento de ar do tipo VRF e 
com painel fotovoltaico. 
A geração fotovoltaica do Modelo proposto 01 através do programa EnergyPlus pode 
ser observada na Tabela 22. O uso do painel fotovoltaico foi capaz de atender 24,45% do 
consumo anual do prédio do Ministério de Minas e Energia. Comparando com o Modelo base 
(20,58%), nota-se um aumento da geração fotovoltaica de 3,87%. Este aumento de geração 
reduziu a eletricidade importada da rede em 365.514 kWh. 
É importante ressaltar que segundo as simulações no programa PVSyst, a geração 
fotovoltaica do sistema foi de 389.601 kWh. Porém, para obter o consumo total das 
alternativas analisadas é necessário que todas as alternativas sejam inseridas no programa",2388,2351
06_procel_eficiencia_edificios_publicos.pdf,Guia de Eficiência Energética em Edifícios Públicos,PROCEL / Ministério de Minas e Energia,relatorio_tecnico,eficiencia_energetica,2025,vigente,guia técnico,eficiência energética em edificações públicas,210," 
  
www.labeee.ufsc.br 
38
 
EnergyPlus. O benefício e o custo de implantação do sistema de painel fotovoltaico através do 
programa PVSyst será apresentado no Relatório 03. 
 
Tabela 21 – Consumo total do Modelo proposto 01. 
Alternativas simuladas 
Consumo total 
(kWh) 
Diferença 
(kWh) 
Diferença 
(%) 
Modelo base 
2.292.770 
- 
- 
Modelo proposto 01: 
- Vidro: controle solar + ar + 
laminado incolor 
- HVAC: VRF 
- Painel fotovoltaico 
1.947.329 
345.441 
15,07 
 
 
Tabela 22 – Geração fotovoltaica do Modelo proposto 01. 
 
Energia  
(kWh) 
Energia  
(%) 
Geração fotovoltaica do edifício 
476.088 
24,45 
Eletricidade importada da rede 
1.522.954 
78,21 
Eletricidade excedente exportada  
para a rede 
51.713 
2,66 
Eletricidade líquida importada da rede 
1.471.240 
75,55 
Total de geração própria e  
importação de energia da rede 
1.947.329 
100 
Consumo total de energia do edifício 
1.947.329 
100 
 
A comparação entre os resultados do consumo total do Modelo base e do Modelo 
proposto 02 podem ser observados na Tabela 23. A diferença encontrada foi de 11,52% com 
a utilização de vidro duplo, sistema de condicionamento de ar do tipo Inverter e com painel 
fotovoltaico.  
 
 
 
 
 
 
 
",1209,"EnergyPlus. O benefício e o custo de implantação do sistema de painel fotovoltaico através do 
programa PVSyst será apresentado no Relatório 03. 
 
Tabela 21 – Consumo total do Modelo proposto 01. 
Alternativas simuladas 
Consumo total 
(kWh) 
Diferença 
(kWh) 
Diferença 
(%) 
Modelo base 
2.292.770 
- 
- 
Modelo proposto 01: 
- Vidro: controle solar + ar + 
laminado incolor 
- HVAC: VRF 
- Painel fotovoltaico 
1.947.329 
345.441 
15,07 
 
 
Tabela 22 – Geração fotovoltaica do Modelo proposto 01. 
 
Energia 
(kWh) 
Energia 
(%) 
Geração fotovoltaica do edifício 
476.088 
24,45 
Eletricidade importada da rede 
1.522.954 
78,21 
Eletricidade excedente exportada 
para a rede 
51.713 
2,66 
Eletricidade líquida importada da rede 
1.471.240 
75,55 
Total de geração própria e 
importação de energia da rede 
1.947.329 
 
Consumo total de energia do edifício 
1.947.329 
 
A comparação entre os resultados do consumo total do Modelo base e do Modelo 
proposto 02 podem ser observados na Tabela 23. A diferença encontrada foi de 11,52% com 
a utilização de vidro duplo, sistema de condicionamento de ar do tipo Inverter e com painel 
fotovoltaico.",1209,1150
06_procel_eficiencia_edificios_publicos.pdf,Guia de Eficiência Energética em Edifícios Públicos,PROCEL / Ministério de Minas e Energia,relatorio_tecnico,eficiencia_energetica,2025,vigente,guia técnico,eficiência energética em edificações públicas,211," 
  
www.labeee.ufsc.br 
39
 
Tabela 23 – Consumo total do Modelo proposto 02. 
Alternativas simuladas 
Consumo total 
(kWh) 
Diferença 
(kWh) 
Diferença 
(%) 
Modelo base 
2.292.770 
- 
- 
Modelo proposto 02: 
- Vidro: LowE + ar + monolitico incolor 
- HVAC: Inverter Nível A 
- Painel fotovoltaico 
2.028.569 
264.201 
11,52 
 
A geração fotovoltaica do Modelo proposto 02 (Tabela 24) foi capaz de atender 
23,47% do consumo anual do prédio do Ministério de Minas e Energia. Comparando com o 
Modelo base (20,58%), nota-se um aumento da geração fotovoltaica de 2,89%. Este 
aumento de geração reduziu a eletricidade importada da rede em 284.275 kWh. 
 
Tabela 24 – Geração fotovoltaica do Modelo proposto 02. 
 
Energia (kWh) 
Energia (%) 
Geração fotovoltaica do edifício 
476.088 
23,47 
Eletricidade importada da rede 
1.604.193 
79,08 
Eletricidade excedente exportada  
para a rede 
51.712 
2,55 
Eletricidade líquida importada da rede 
1.552.481 
76,53 
Total de geração própria e  
importação de energia da rede 
2.028.569 
100 
Consumo total de energia do edifício 
2.028.569 
100 
 
 
 
 
 
 
 
 
 
 
 
 
",1116,"Tabela 23 – Consumo total do Modelo proposto 02. 
Alternativas simuladas 
Consumo total 
(kWh) 
Diferença 
(kWh) 
Diferença 
(%) 
Modelo base 
2.292.770 
- 
- 
Modelo proposto 02: 
- Vidro: LowE + ar + monolitico incolor 
- HVAC: Inverter Nível A 
- Painel fotovoltaico 
2.028.569 
264.201 
11,52 
 
A geração fotovoltaica do Modelo proposto 02 (Tabela 24) foi capaz de atender 
23,47% do consumo anual do prédio do Ministério de Minas e Energia. Comparando com o 
Modelo base (20,58%), nota-se um aumento da geração fotovoltaica de 2,89%. Este 
aumento de geração reduziu a eletricidade importada da rede em 284.275 kWh. 
 
Tabela 24 – Geração fotovoltaica do Modelo proposto 02. 
 
Energia (kWh) 
Energia (%) 
Geração fotovoltaica do edifício 
476.088 
23,47 
Eletricidade importada da rede 
1.604.193 
79,08 
Eletricidade excedente exportada 
para a rede 
51.712 
2,55 
Eletricidade líquida importada da rede 
1.552.481 
76,53 
Total de geração própria e 
importação de energia da rede 
2.028.569 
 
Consumo total de energia do edifício 
2.028.569",1116,1050
06_procel_eficiencia_edificios_publicos.pdf,Guia de Eficiência Energética em Edifícios Públicos,PROCEL / Ministério de Minas e Energia,relatorio_tecnico,eficiencia_energetica,2025,vigente,guia técnico,eficiência energética em edificações públicas,212," 
  
www.labeee.ufsc.br 
40
 
ANEXO 01 
Cálculo da geração de energia do sistema de painel fotovoltaico sem a consideração 
de obstruções através do programa PVSyst. 
 
 
 
 
 
 
 
 
 
 
 
 
 
 
 
 
 
 
 
 
 
 
 
 
 
 
 
 
 
 
 
 
",231,"ANEXO 01 
Cálculo da geração de energia do sistema de painel fotovoltaico sem a consideração 
de obstruções através do programa PVSyst.",231,135
06_procel_eficiencia_edificios_publicos.pdf,Guia de Eficiência Energética em Edifícios Públicos,PROCEL / Ministério de Minas e Energia,relatorio_tecnico,eficiencia_energetica,2025,vigente,guia técnico,eficiência energética em edificações públicas,213,"Evaluation
Page 1/3
14/11/13
PVSYST V6.07
Grid-Connected System: Simulation parameters
PVsyst Evaluation mode
Project  :
Grid-Connected Project at Brasilia
Geographical Site
Brasilia
Country
Brazil
Situation
Latitude
15.6°S
Longitude
48.0°W
Time defined as
Legal Time
Time zone UT-3
Altitude
895 m
Albedo
 0.20
Meteo data: 
Brasilia
Synthetic - Meteonorm 6.1
Simulation variant  :
New simulation variant
Simulation date
14/11/13 18h20
Simulation parameters
Collector Plane Orientation
Tilt
15°
Azimuth
0°
Models used
Transposition
Perez
Diffuse
Measured
Horizon
Free Horizon
Near Shadings
No Shadings
PV Array Characteristics
PV module
Si-mono
Model
SPR-230-WHT-D
Manufacturer
SunPower
Number of PV modules
In series
16 modules
In parallel
39 strings
Total number of PV modules
Nb. modules
624
Unit Nom. Power
230 Wp
Array global power
Nominal (STC)
144 kWp
At operating cond.
118 kWp (70°C)
Array operating characteristics (50°C)
U mpp
523 V
I mpp
225 A
Total area
Module area
776 m²
Cell area
695 m²
Inverter
Model
PVI Central 100
Manufacturer
Power-One
Characteristics
Operating Voltage
465-850 V
Unit Nom. Power
110 kW AC
PV Array loss factors
Thermal Loss factor
Uc (const)
20.0 W/m²K
Uv (wind)
0.0 W/m²K / m/s
=> Nominal Oper. Coll. Temp. (G=800 W/m²,  Tamb=20°C,  Wind=1 m/s.)
NOCT
56 °C
Wiring Ohmic Loss
Global array res.
43 mOhm
Loss Fraction
1.5 % at STC
Module Quality Loss
Loss Fraction
2.5 %
Module Mismatch Losses
Loss Fraction
1.0 % at MPP
Incidence effect, ASHRAE parametrization
IAM =
1 - bo (1/cos i - 1)
bo Param.
0.05
User defined profile
User's needs :
Unlimited load (grid)
",1597,"Evaluation
Page 1/3
14/11/13
PVSYST V6.07
Grid-Connected System: Simulation parameters
PVsyst Evaluation mode
Project:
Grid-Connected Project at Brasilia
Geographical Site
Brasilia
Country
Brazil
Situation
Latitude
15.6°S
Longitude
48.0°W
Time defined as
Legal Time
Time zone UT-3
Altitude
895 m
Albedo
 0.20
Meteo data: 
Brasilia
Synthetic - Meteonorm 6.1
Simulation variant:
New simulation variant
Simulation date
14/11/13 18h20
Simulation parameters
Collector Plane Orientation
Tilt
15°
Azimuth
0°
Models used
Transposition
Perez
Diffuse
Measured
Horizon
Free Horizon
Near Shadings
No Shadings
PV Array Characteristics
PV module
Si-mono
Model
SPR-230-WHT-D
Manufacturer
SunPower
Number of PV modules
In series
16 modules
In parallel
39 strings
Total number of PV modules
Nb. modules
 
Unit Nom. Power
230 Wp
Array global power
Nominal (STC)
144 kWp
At operating cond.
118 kWp (70°C)
Array operating characteristics (50°C)
U mpp
523 V
I mpp
225 A
Total area
Module area
776 m²
Cell area
695 m²
Inverter
Model
PVI Central 100
Manufacturer
Power-One
Characteristics
Operating Voltage
465-850 V
Unit Nom. Power
110 kW AC
PV Array loss factors
Thermal Loss factor
Uc (const)
20.0 W/m²K
Uv (wind)
0.0 W/m²K / m/s
=> Nominal Oper. Coll. Temp. (G=800 W/m², Tamb=20°C, Wind=1 m/s.)
NOCT
56 °C
Wiring Ohmic Loss
Global array res.
43 mOhm
Loss Fraction
1.5 % at STC
Module Quality Loss
Loss Fraction
2.5 %
Module Mismatch Losses
Loss Fraction
1.0 % at MPP
Incidence effect, ASHRAE parametrization
IAM =
1 - bo (1/cos i - 1)
bo Param.
0.05
User defined profile
User's needs:
Unlimited load (grid)",1597,1587
06_procel_eficiencia_edificios_publicos.pdf,Guia de Eficiência Energética em Edifícios Públicos,PROCEL / Ministério de Minas e Energia,relatorio_tecnico,eficiencia_energetica,2025,vigente,guia técnico,eficiência energética em edificações públicas,214,"Evaluation
Page 2/3
14/11/13
PVSYST V6.07
Grid-Connected System: Main results
PVsyst Evaluation mode
Project  :
Grid-Connected Project at Brasilia
Simulation variant  :
New simulation variant
Main system parameters
System type
Grid-Connected
PV Field Orientation
tilt
15°
azimuth
0°
PV modules
Model
SPR-230-WHT-D
Pnom
230 Wp
PV Array
Nb. of modules
624
Pnom total
144 kWp
Inverter
Model
PVI Central 100
Pnom
110 kW ac
User's needs
Unlimited load (grid)
Main simulation results
System Production
Produced Energy
208982 kWh/year
Specific prod.
1456 kWh/kWp/year
Performance Ratio PR
77.2 %
Jan
Feb
Mar
Apr
May
Jun
Jul
Aug
Sep
Oct
Nov
Dec
0
1
2
3
4
5
6
7
Normalized Energy [kWh/kWp/day]
Normalized productions (per installed kWp):  Nominal power 144 kWp
Yf : Produced useful energy  (inverter output)   3.99 kWh/kWp/day
Ls : System Loss  (inverter, ...)                        0.22 kWh/kWp/day
Lc : Collection Loss (PV-array losses)             0.96 kWh/kWp/day
Jan
Feb
Mar
Apr
May
Jun
Jul
Aug
Sep
Oct
Nov
Dec
0.0
0.1
0.2
0.3
0.4
0.5
0.6
0.7
0.8
Performance Ratio PR
Performance Ratio PR
PR : Performance Ratio (Yf / Yr) :  0.772
New simulation variant
Balances and main results
GlobHor
T Amb
GlobInc
GlobEff
EArray
E_Grid
EffArrR
EffSysR
kWh/m²
°C
kWh/m²
kWh/m²
kWh
kWh
%
%
January
144.9
23.10
136.5
131.1
15975
15116
15.08
14.27
February
153.9
23.30
149.0
144.1
17144
16231
14.82
14.03
March
140.6
22.70
143.7
138.8
16859
15970
15.12
14.32
April
149.3
22.70
162.3
157.5
18805
17826
14.92
14.14
May
146.4
21.10
168.6
163.7
19854
18849
15.17
14.40
June
142.5
19.60
171.3
166.5
20274
19244
15.25
14.47
July
153.9
19.60
182.7
177.6
21589
20499
15.22
14.46
August
170.3
21.30
192.1
186.7
22495
21360
15.09
14.33
September
157.6
23.30
165.1
159.9
19198
18209
14.98
14.21
October
145.0
24.00
142.4
137.3
16483
15614
14.91
14.13
November
142.4
22.50
135.4
130.4
15781
14941
15.02
14.22
December
146.6
22.70
136.5
131.1
15977
15122
15.08
14.27
Year
1793.3
22.15
1885.5
1824.7
220436
208982
15.06
14.28
Legends:
GlobHor
Horizontal global irradiation
T Amb
Ambient Temperature
GlobInc
Global incident in coll. plane
GlobEff
Effective Global, corr. for IAM and shadings
EArray
Effective energy at the output of the array
E_Grid
Energy injected into grid
EffArrR
Effic. Eout array / rough area
EffSysR
Effic. Eout system / rough area
",2321,"Evaluation
Page 2/3
14/11/13
PVSYST V6.07
Grid-Connected System: Main results
PVsyst Evaluation mode
Project:
Grid-Connected Project at Brasilia
Simulation variant:
New simulation variant
Main system parameters
System type
Grid-Connected
PV Field Orientation
tilt
15°
azimuth
0°
PV modules
Model
SPR-230-WHT-D
Pnom
230 Wp
PV Array
Nb. of modules
 
Pnom total
144 kWp
Inverter
Model
PVI Central 100
Pnom
110 kW ac
User's needs
Unlimited load (grid)
Main simulation results
System Production
Produced Energy
208982 kWh/year
Specific prod.
1456 kWh/kWp/year
Performance Ratio PR
77.2 %
Jan
Feb
Mar
Apr
May
Jun
Jul
Aug
Sep
Oct
Nov
Dec
 
 
 
 
 
 
 
 
Normalized Energy [kWh/kWp/day]
Normalized productions (per installed kWp): Nominal power 144 kWp
Yf: Produced useful energy (inverter output) 3.99 kWh/kWp/day
Ls: System Loss (inverter,...) 0.22 kWh/kWp/day
Lc: Collection Loss (PV-array losses) 0.96 kWh/kWp/day
Jan
Feb
Mar
Apr
May
Jun
Jul
Aug
Sep
Oct
Nov
Dec
0.0
0.1
0.2
0.3
0.4
0.5
0.6
0.7
0.8
Performance Ratio PR
Performance Ratio PR
PR: Performance Ratio (Yf / Yr): 0.772
New simulation variant
Balances and main results
GlobHor
T Amb
GlobInc
GlobEff
EArray
E_Grid
EffArrR
EffSysR
kWh/m²
°C
kWh/m²
kWh/m²
kWh
kWh
%
%
January
144.9
23.10
136.5
131.1
 
 
15.08
14.27
February
153.9
23.30
149.0
144.1
 
 
14.82
14.03
March
140.6
22.70
143.7
138.8
 
 
15.12
14.32
April
149.3
22.70
162.3
157.5
 
 
14.92
14.14
May
146.4
21.10
168.6
163.7
 
 
15.17
14.40
June
142.5
19.60
171.3
166.5
 
 
15.25
14.47
July
153.9
19.60
182.7
177.6
 
 
15.22
14.46
August
170.3
21.30
192.1
186.7
 
 
15.09
14.33
September
157.6
23.30
165.1
159.9
 
 
14.98
14.21
October
145.0
24.00
142.4
137.3
 
 
14.91
14.13
November
142.4
22.50
135.4
130.4
 
 
15.02
14.22
December
146.6
22.70
136.5
131.1
 
 
15.08
14.27
Year
1793.3
22.15
1885.5
1824.7
 
 
15.06
14.28
Legends:
GlobHor
Horizontal global irradiation
T Amb
Ambient Temperature
GlobInc
Global incident in coll. plane
GlobEff
Effective Global, corr. for IAM and shadings
EArray
Effective energy at the output of the array
E_Grid
Energy injected into grid
EffArrR
Effic. Eout array / rough area
EffSysR
Effic. Eout system / rough area",2321,2161
06_procel_eficiencia_edificios_publicos.pdf,Guia de Eficiência Energética em Edifícios Públicos,PROCEL / Ministério de Minas e Energia,relatorio_tecnico,eficiencia_energetica,2025,vigente,guia técnico,eficiência energética em edificações públicas,215,"Evaluation
Page 3/3
14/11/13
PVSYST V6.07
Grid-Connected System: Loss diagram
PVsyst Evaluation mode
Project  :
Grid-Connected Project at Brasilia
Simulation variant  :
New simulation variant
Main system parameters
System type
Grid-Connected
PV Field Orientation
tilt
15°
azimuth
0°
PV modules
Model
SPR-230-WHT-D
Pnom
230 Wp
PV Array
Nb. of modules
624
Pnom total
144 kWp
Inverter
Model
PVI Central 100
Pnom
110 kW ac
User's needs
Unlimited load (grid)
Loss diagram over the whole year
Horizontal global irradiation
1793 kWh/m²
+5.1%
Global incident in coll. plane
-3.2%
IAM factor on global
Effective irradiance on collectors
1825 kWh/m² * 776 m² coll.
efficiency at STC = 18.47%
PV conversion
Array nominal energy (at STC effic.)
261590 kWh
-1.6%
PV loss due to irradiance level
-10.2%
PV loss due to temperature
-2.5%
Module quality loss
-1.0%
Module array mismatch loss
-1.1%
Ohmic wiring loss
Array virtual energy at MPP
220844 kWh
-5.2%
Inverter Loss during operation (efficiency)
-0.2%
Inverter Loss over nominal inv. power
0.0%
Inverter Loss due to power threshold
0.0%
Inverter Loss over nominal inv. voltage
0.0%
Inverter Loss due to voltage threshold
Available Energy at Inverter Output
208982 kWh
Energy injected into grid
208982 kWh
",1247,"Evaluation
Page 3/3
14/11/13
PVSYST V6.07
Grid-Connected System: Loss diagram
PVsyst Evaluation mode
Project:
Grid-Connected Project at Brasilia
Simulation variant:
New simulation variant
Main system parameters
System type
Grid-Connected
PV Field Orientation
tilt
15°
azimuth
0°
PV modules
Model
SPR-230-WHT-D
Pnom
230 Wp
PV Array
Nb. of modules
 
Pnom total
144 kWp
Inverter
Model
PVI Central 100
Pnom
110 kW ac
User's needs
Unlimited load (grid)
Loss diagram over the whole year
Horizontal global irradiation
1793 kWh/m²
+5.1%
Global incident in coll. plane
-3.2%
IAM factor on global
Effective irradiance on collectors
1825 kWh/m² * 776 m² coll.
efficiency at STC = 18.47%
PV conversion
Array nominal energy (at STC effic.)
261590 kWh
-1.6%
PV loss due to irradiance level
-10.2%
PV loss due to temperature
-2.5%
Module quality loss
-1.0%
Module array mismatch loss
-1.1%
Ohmic wiring loss
Array virtual energy at MPP
220844 kWh
-5.2%
Inverter Loss during operation (efficiency)
-0.2%
Inverter Loss over nominal inv. power
0.0%
Inverter Loss due to power threshold
0.0%
Inverter Loss over nominal inv. voltage
0.0%
Inverter Loss due to voltage threshold
Available Energy at Inverter Output
208982 kWh
Energy injected into grid
208982 kWh",1247,1240
06_procel_eficiencia_edificios_publicos.pdf,Guia de Eficiência Energética em Edifícios Públicos,PROCEL / Ministério de Minas e Energia,relatorio_tecnico,eficiencia_energetica,2025,vigente,guia técnico,eficiência energética em edificações públicas,216,"Evaluation
Page 1/3
14/11/13
PVSYST V6.07
Grid-Connected System: Simulation parameters
PVsyst Evaluation mode
Project  :
Grid-Connected Project at Brasilia
Geographical Site
Brasilia
Country
Brazil
Situation
Latitude
15.6°S
Longitude
48.0°W
Time defined as
Legal Time
Time zone UT-3
Altitude
895 m
Albedo
 0.20
Meteo data: 
Brasilia
Synthetic - Meteonorm 6.1
Simulation variant  :
New simulation variant
Simulation date
14/11/13 18h18
Simulation parameters
Collector Plane Orientation
Tilt
15°
Azimuth
180°
Models used
Transposition
Perez
Diffuse
Measured
Horizon
Free Horizon
Near Shadings
No Shadings
PV Array Characteristics
PV module
Si-mono
Model
SPR-230-WHT-D
Manufacturer
SunPower
Number of PV modules
In series
16 modules
In parallel
39 strings
Total number of PV modules
Nb. modules
624
Unit Nom. Power
230 Wp
Array global power
Nominal (STC)
144 kWp
At operating cond.
118 kWp (70°C)
Array operating characteristics (50°C)
U mpp
523 V
I mpp
225 A
Total area
Module area
776 m²
Cell area
695 m²
Inverter
Model
PVI Central 100
Manufacturer
Power-One
Characteristics
Operating Voltage
465-850 V
Unit Nom. Power
110 kW AC
PV Array loss factors
Thermal Loss factor
Uc (const)
20.0 W/m²K
Uv (wind)
0.0 W/m²K / m/s
=> Nominal Oper. Coll. Temp. (G=800 W/m²,  Tamb=20°C,  Wind=1 m/s.)
NOCT
56 °C
Wiring Ohmic Loss
Global array res.
43 mOhm
Loss Fraction
1.5 % at STC
Module Quality Loss
Loss Fraction
2.5 %
Module Mismatch Losses
Loss Fraction
1.0 % at MPP
Incidence effect, ASHRAE parametrization
IAM =
1 - bo (1/cos i - 1)
bo Param.
0.05
User defined profile
User's needs :
Unlimited load (grid)
",1599,"Evaluation
Page 1/3
14/11/13
PVSYST V6.07
Grid-Connected System: Simulation parameters
PVsyst Evaluation mode
Project:
Grid-Connected Project at Brasilia
Geographical Site
Brasilia
Country
Brazil
Situation
Latitude
15.6°S
Longitude
48.0°W
Time defined as
Legal Time
Time zone UT-3
Altitude
895 m
Albedo
 0.20
Meteo data: 
Brasilia
Synthetic - Meteonorm 6.1
Simulation variant:
New simulation variant
Simulation date
14/11/13 18h18
Simulation parameters
Collector Plane Orientation
Tilt
15°
Azimuth
180°
Models used
Transposition
Perez
Diffuse
Measured
Horizon
Free Horizon
Near Shadings
No Shadings
PV Array Characteristics
PV module
Si-mono
Model
SPR-230-WHT-D
Manufacturer
SunPower
Number of PV modules
In series
16 modules
In parallel
39 strings
Total number of PV modules
Nb. modules
 
Unit Nom. Power
230 Wp
Array global power
Nominal (STC)
144 kWp
At operating cond.
118 kWp (70°C)
Array operating characteristics (50°C)
U mpp
523 V
I mpp
225 A
Total area
Module area
776 m²
Cell area
695 m²
Inverter
Model
PVI Central 100
Manufacturer
Power-One
Characteristics
Operating Voltage
465-850 V
Unit Nom. Power
110 kW AC
PV Array loss factors
Thermal Loss factor
Uc (const)
20.0 W/m²K
Uv (wind)
0.0 W/m²K / m/s
=> Nominal Oper. Coll. Temp. (G=800 W/m², Tamb=20°C, Wind=1 m/s.)
NOCT
56 °C
Wiring Ohmic Loss
Global array res.
43 mOhm
Loss Fraction
1.5 % at STC
Module Quality Loss
Loss Fraction
2.5 %
Module Mismatch Losses
Loss Fraction
1.0 % at MPP
Incidence effect, ASHRAE parametrization
IAM =
1 - bo (1/cos i - 1)
bo Param.
0.05
User defined profile
User's needs:
Unlimited load (grid)",1599,1589
06_procel_eficiencia_edificios_publicos.pdf,Guia de Eficiência Energética em Edifícios Públicos,PROCEL / Ministério de Minas e Energia,relatorio_tecnico,eficiencia_energetica,2025,vigente,guia técnico,eficiência energética em edificações públicas,217,"Evaluation
Page 2/3
14/11/13
PVSYST V6.07
Grid-Connected System: Main results
PVsyst Evaluation mode
Project  :
Grid-Connected Project at Brasilia
Simulation variant  :
New simulation variant
Main system parameters
System type
Grid-Connected
PV Field Orientation
tilt
15°
azimuth
180°
PV modules
Model
SPR-230-WHT-D
Pnom
230 Wp
PV Array
Nb. of modules
624
Pnom total
144 kWp
Inverter
Model
PVI Central 100
Pnom
110 kW ac
User's needs
Unlimited load (grid)
Main simulation results
System Production
Produced Energy
180620 kWh/year
Specific prod.
1259 kWh/kWp/year
Performance Ratio PR
77.2 %
Jan
Feb
Mar
Apr
May
Jun
Jul
Aug
Sep
Oct
Nov
Dec
0
1
2
3
4
5
6
Normalized Energy [kWh/kWp/day]
Normalized productions (per installed kWp):  Nominal power 144 kWp
Yf : Produced useful energy  (inverter output)   3.45 kWh/kWp/day
Ls : System Loss  (inverter, ...)                        0.19 kWh/kWp/day
Lc : Collection Loss (PV-array losses)             0.83 kWh/kWp/day
Jan
Feb
Mar
Apr
May
Jun
Jul
Aug
Sep
Oct
Nov
Dec
0.0
0.1
0.2
0.3
0.4
0.5
0.6
0.7
0.8
Performance Ratio PR
Performance Ratio PR
PR : Performance Ratio (Yf / Yr) :  0.772
New simulation variant
Balances and main results
GlobHor
T Amb
GlobInc
GlobEff
EArray
E_Grid
EffArrR
EffSysR
kWh/m²
°C
kWh/m²
kWh/m²
kWh
kWh
%
%
January
144.9
23.10
147.3
142.1
17220
16308
15.06
14.26
February
153.9
23.30
152.3
147.4
17609
16679
14.89
14.11
March
140.6
22.70
132.0
126.9
15580
14760
15.20
14.40
April
149.3
22.70
130.0
124.0
15181
14386
15.05
14.26
May
146.4
21.10
118.8
112.3
13969
13252
15.14
14.36
June
142.5
19.60
108.3
101.2
12681
12020
15.08
14.29
July
153.9
19.60
119.6
112.4
14043
13323
15.13
14.35
August
170.3
21.30
142.3
135.2
16682
15840
15.11
14.34
September
157.6
23.30
144.2
138.4
16855
15988
15.06
14.29
October
145.0
24.00
141.6
136.5
16473
15610
14.98
14.20
November
142.4
22.50
143.3
138.5
16690
15811
15.01
14.22
December
146.6
22.70
150.5
145.6
17569
16643
15.04
14.24
Year
1793.3
22.15
1630.2
1560.5
190552
180620
15.06
14.27
Legends:
GlobHor
Horizontal global irradiation
T Amb
Ambient Temperature
GlobInc
Global incident in coll. plane
GlobEff
Effective Global, corr. for IAM and shadings
EArray
Effective energy at the output of the array
E_Grid
Energy injected into grid
EffArrR
Effic. Eout array / rough area
EffSysR
Effic. Eout system / rough area
",2321,"Evaluation
Page 2/3
14/11/13
PVSYST V6.07
Grid-Connected System: Main results
PVsyst Evaluation mode
Project:
Grid-Connected Project at Brasilia
Simulation variant:
New simulation variant
Main system parameters
System type
Grid-Connected
PV Field Orientation
tilt
15°
azimuth
180°
PV modules
Model
SPR-230-WHT-D
Pnom
230 Wp
PV Array
Nb. of modules
 
Pnom total
144 kWp
Inverter
Model
PVI Central 100
Pnom
110 kW ac
User's needs
Unlimited load (grid)
Main simulation results
System Production
Produced Energy
180620 kWh/year
Specific prod.
1259 kWh/kWp/year
Performance Ratio PR
77.2 %
Jan
Feb
Mar
Apr
May
Jun
Jul
Aug
Sep
Oct
Nov
Dec
 
 
 
 
 
 
 
Normalized Energy [kWh/kWp/day]
Normalized productions (per installed kWp): Nominal power 144 kWp
Yf: Produced useful energy (inverter output) 3.45 kWh/kWp/day
Ls: System Loss (inverter,...) 0.19 kWh/kWp/day
Lc: Collection Loss (PV-array losses) 0.83 kWh/kWp/day
Jan
Feb
Mar
Apr
May
Jun
Jul
Aug
Sep
Oct
Nov
Dec
0.0
0.1
0.2
0.3
0.4
0.5
0.6
0.7
0.8
Performance Ratio PR
Performance Ratio PR
PR: Performance Ratio (Yf / Yr): 0.772
New simulation variant
Balances and main results
GlobHor
T Amb
GlobInc
GlobEff
EArray
E_Grid
EffArrR
EffSysR
kWh/m²
°C
kWh/m²
kWh/m²
kWh
kWh
%
%
January
144.9
23.10
147.3
142.1
 
 
15.06
14.26
February
153.9
23.30
152.3
147.4
 
 
14.89
14.11
March
140.6
22.70
132.0
126.9
 
 
15.20
14.40
April
149.3
22.70
130.0
124.0
 
 
15.05
14.26
May
146.4
21.10
118.8
112.3
 
 
15.14
14.36
June
142.5
19.60
108.3
101.2
 
 
15.08
14.29
July
153.9
19.60
119.6
112.4
 
 
15.13
14.35
August
170.3
21.30
142.3
135.2
 
 
15.11
14.34
September
157.6
23.30
144.2
138.4
 
 
15.06
14.29
October
145.0
24.00
141.6
136.5
 
 
14.98
14.20
November
142.4
22.50
143.3
138.5
 
 
15.01
14.22
December
146.6
22.70
150.5
145.6
 
 
15.04
14.24
Year
1793.3
22.15
1630.2
1560.5
 
 
15.06
14.27
Legends:
GlobHor
Horizontal global irradiation
T Amb
Ambient Temperature
GlobInc
Global incident in coll. plane
GlobEff
Effective Global, corr. for IAM and shadings
EArray
Effective energy at the output of the array
E_Grid
Energy injected into grid
EffArrR
Effic. Eout array / rough area
EffSysR
Effic. Eout system / rough area",2321,2161
06_procel_eficiencia_edificios_publicos.pdf,Guia de Eficiência Energética em Edifícios Públicos,PROCEL / Ministério de Minas e Energia,relatorio_tecnico,eficiencia_energetica,2025,vigente,guia técnico,eficiência energética em edificações públicas,218,"Evaluation
Page 3/3
14/11/13
PVSYST V6.07
Grid-Connected System: Loss diagram
PVsyst Evaluation mode
Project  :
Grid-Connected Project at Brasilia
Simulation variant  :
New simulation variant
Main system parameters
System type
Grid-Connected
PV Field Orientation
tilt
15°
azimuth
180°
PV modules
Model
SPR-230-WHT-D
Pnom
230 Wp
PV Array
Nb. of modules
624
Pnom total
144 kWp
Inverter
Model
PVI Central 100
Pnom
110 kW ac
User's needs
Unlimited load (grid)
Loss diagram over the whole year
Horizontal global irradiation
1793 kWh/m²
-9.1%
Global incident in coll. plane
-4.3%
IAM factor on global
Effective irradiance on collectors
1560 kWh/m² * 776 m² coll.
efficiency at STC = 18.47%
PV conversion
Array nominal energy (at STC effic.)
223716 kWh
-2.0%
PV loss due to irradiance level
-8.9%
PV loss due to temperature
-2.5%
Module quality loss
-1.0%
Module array mismatch loss
-0.9%
Ohmic wiring loss
Array virtual energy at MPP
190940 kWh
-5.2%
Inverter Loss during operation (efficiency)
-0.2%
Inverter Loss over nominal inv. power
0.0%
Inverter Loss due to power threshold
0.0%
Inverter Loss over nominal inv. voltage
0.0%
Inverter Loss due to voltage threshold
Available Energy at Inverter Output
180620 kWh
Energy injected into grid
180620 kWh
",1248,"Evaluation
Page 3/3
14/11/13
PVSYST V6.07
Grid-Connected System: Loss diagram
PVsyst Evaluation mode
Project:
Grid-Connected Project at Brasilia
Simulation variant:
New simulation variant
Main system parameters
System type
Grid-Connected
PV Field Orientation
tilt
15°
azimuth
180°
PV modules
Model
SPR-230-WHT-D
Pnom
230 Wp
PV Array
Nb. of modules
 
Pnom total
144 kWp
Inverter
Model
PVI Central 100
Pnom
110 kW ac
User's needs
Unlimited load (grid)
Loss diagram over the whole year
Horizontal global irradiation
1793 kWh/m²
-9.1%
Global incident in coll. plane
-4.3%
IAM factor on global
Effective irradiance on collectors
1560 kWh/m² * 776 m² coll.
efficiency at STC = 18.47%
PV conversion
Array nominal energy (at STC effic.)
223716 kWh
-2.0%
PV loss due to irradiance level
-8.9%
PV loss due to temperature
-2.5%
Module quality loss
-1.0%
Module array mismatch loss
-0.9%
Ohmic wiring loss
Array virtual energy at MPP
190940 kWh
-5.2%
Inverter Loss during operation (efficiency)
-0.2%
Inverter Loss over nominal inv. power
0.0%
Inverter Loss due to power threshold
0.0%
Inverter Loss over nominal inv. voltage
0.0%
Inverter Loss due to voltage threshold
Available Energy at Inverter Output
180620 kWh
Energy injected into grid
180620 kWh",1248,1241
06_procel_eficiencia_edificios_publicos.pdf,Guia de Eficiência Energética em Edifícios Públicos,PROCEL / Ministério de Minas e Energia,relatorio_tecnico,eficiencia_energetica,2025,vigente,guia técnico,eficiência energética em edificações públicas,219," 
  
www.labeee.ufsc.br 
47
 
ANEXO 02 
Cálculo da geração de energia do sistema de painel fotovoltaico com a consideração 
de obstruções através do programa PVSyst. 
 
",169,"ANEXO 02 
Cálculo da geração de energia do sistema de painel fotovoltaico com a consideração 
de obstruções através do programa PVSyst.",169,135
06_procel_eficiencia_edificios_publicos.pdf,Guia de Eficiência Energética em Edifícios Públicos,PROCEL / Ministério de Minas e Energia,relatorio_tecnico,eficiencia_energetica,2025,vigente,guia técnico,eficiência energética em edificações públicas,220,"PVsyst TRIAL
Page 1/5
17/02/14
PVSYST V6.19
Grid-Connected System: Simulation parameters
PVsyst Evaluation mode
Project :
Grid-Connected Project at Brasilia
Geographical Site
Brasilia
Country
Brazil
Situation
Latitude
15.5°S
Longitude
48.0°W
Time defined as
Legal Time
Time zone UT-3
Altitude
895 m
Albedo
 0.20
Meteo data: 
Brasilia
Synthetic - Meteonorm 6.1
Simulation variant :
New simulation variant MME BSB pav az0
Simulation date
17/02/14 12h59
Simulation parameters
Collector Plane Orientation
Tilt
15°
Azimuth
0°
Models used
Transposition
Perez
Diffuse
Erbs, Meteonorm
Horizon
Free Horizon
Near Shadings
Linear shadings
PV Arrays Characteristics   (3  kinds of array defined)
PV module
Si-mono
Model
SPR-230-WHT-D
Manufacturer
SunPower
Sub-array ""Sub-array #1""
In series
10 modules
In parallel
4 strings
Total number of PV modules
Nb. modules
40
Unit Nom. Power
230 Wp
Array global power
Nominal (STC)
9.20 kWp
At operating cond.
8.29 kWp (50°C)
Array operating characteristics (50°C)
U mpp
360 V
I mpp
23 A
Sub-array ""Sub-array #2""
In series
10 modules
In parallel
4 strings
Total number of PV modules
Nb. modules
40
Unit Nom. Power
230 Wp
Array global power
Nominal (STC)
9.20 kWp
At operating cond.
8.29 kWp (50°C)
Array operating characteristics (50°C)
U mpp
360 V
I mpp
23 A
Sub-array ""Sub-array #3""
In series
10 modules
In parallel
14 strings
Total number of PV modules
Nb. modules
140
Unit Nom. Power
230 Wp
Array global power
Nominal (STC)
32.2 kWp
At operating cond.
29.02 kWp (50°C)
Array operating characteristics (50°C)
U mpp
360 V
I mpp
81 A
Total
Arrays global power
Nominal (STC)
51 kWp
Total
220 modules
Module area
274 m²
Cell area
245 m²
Sub-array ""Sub-array #1"" :  Inverter
Model
Sunny Boy SB 10000TLUS-12 - 208V
Manufacturer
SMA
Characteristics
Operating Voltage
300-480 V
Unit Nom. Power
10 kW AC
Sub-array ""Sub-array #2"" :  Inverter
Model
Sunny Boy SB 10000TLUS-12 - 208V
Manufacturer
SMA
Characteristics
Operating Voltage
300-480 V
Unit Nom. Power
10 kW AC
Sub-array ""Sub-array #3"" :  Inverter
Model
SUNWAY TG 42 - 600V - TK
Manufacturer
Santerno
Characteristics
Operating Voltage
315-630 V
Unit Nom. Power
33 kW AC
PV Array loss factors
Thermal Loss factor
Uc (const)
20.0 W/m²K
Uv (wind)
0.0 W/m²K / m/s
Wiring Ohmic Loss
Array#1
263 mOhm
Loss Fraction
1.5 % at STC
Array#2
263 mOhm
Loss Fraction
1.5 % at STC
Array#3
75 mOhm
Loss Fraction
1.5 % at STC
Global
Loss Fraction
1.5 % at STC
",2420,"PVsyst TRIAL
Page 1/5
17/02/14
PVSYST V6.19
Grid-Connected System: Simulation parameters
PVsyst Evaluation mode
Project:
Grid-Connected Project at Brasilia
Geographical Site
Brasilia
Country
Brazil
Situation
Latitude
15.5°S
Longitude
48.0°W
Time defined as
Legal Time
Time zone UT-3
Altitude
895 m
Albedo
 0.20
Meteo data: 
Brasilia
Synthetic - Meteonorm 6.1
Simulation variant:
New simulation variant MME BSB pav az0
Simulation date
17/02/14 12h59
Simulation parameters
Collector Plane Orientation
Tilt
15°
Azimuth
0°
Models used
Transposition
Perez
Diffuse
Erbs, Meteonorm
Horizon
Free Horizon
Near Shadings
Linear shadings
PV Arrays Characteristics (3 kinds of array defined)
PV module
Si-mono
Model
SPR-230-WHT-D
Manufacturer
SunPower
Sub-array ""Sub-array #1""
In series
10 modules
In parallel
4 strings
Total number of PV modules
Nb. modules
 
Unit Nom. Power
230 Wp
Array global power
Nominal (STC)
9.20 kWp
At operating cond.
8.29 kWp (50°C)
Array operating characteristics (50°C)
U mpp
360 V
I mpp
23 A
Sub-array ""Sub-array #2""
In series
10 modules
In parallel
4 strings
Total number of PV modules
Nb. modules
 
Unit Nom. Power
230 Wp
Array global power
Nominal (STC)
9.20 kWp
At operating cond.
8.29 kWp (50°C)
Array operating characteristics (50°C)
U mpp
360 V
I mpp
23 A
Sub-array ""Sub-array #3""
In series
10 modules
In parallel
14 strings
Total number of PV modules
Nb. modules
 
Unit Nom. Power
230 Wp
Array global power
Nominal (STC)
32.2 kWp
At operating cond.
29.02 kWp (50°C)
Array operating characteristics (50°C)
U mpp
360 V
I mpp
81 A
Total
Arrays global power
Nominal (STC)
51 kWp
Total
220 modules
Module area
274 m²
Cell area
245 m²
Sub-array ""Sub-array #1"": Inverter
Model
Sunny Boy SB 10000TLUS-12 - 208V
Manufacturer
SMA
Characteristics
Operating Voltage
300-480 V
Unit Nom. Power
10 kW AC
Sub-array ""Sub-array #2"": Inverter
Model
Sunny Boy SB 10000TLUS-12 - 208V
Manufacturer
SMA
Characteristics
Operating Voltage
300-480 V
Unit Nom. Power
10 kW AC
Sub-array ""Sub-array #3"": Inverter
Model
SUNWAY TG 42 - 600V - TK
Manufacturer
Santerno
Characteristics
Operating Voltage
315-630 V
Unit Nom. Power
33 kW AC
PV Array loss factors
Thermal Loss factor
Uc (const)
20.0 W/m²K
Uv (wind)
0.0 W/m²K / m/s
Wiring Ohmic Loss
Array#1
263 mOhm
Loss Fraction
1.5 % at STC
Array#2
263 mOhm
Loss Fraction
1.5 % at STC
Array#3
75 mOhm
Loss Fraction
1.5 % at STC
Global
Loss Fraction
1.5 % at STC",2420,2404
06_procel_eficiencia_edificios_publicos.pdf,Guia de Eficiência Energética em Edifícios Públicos,PROCEL / Ministério de Minas e Energia,relatorio_tecnico,eficiencia_energetica,2025,vigente,guia técnico,eficiência energética em edificações públicas,221,"PVsyst TRIAL
Page 2/5
17/02/14
PVSYST V6.19
Grid-Connected System: Simulation parameters (continued)
PVsyst Evaluation mode
Module Quality Loss
Loss Fraction 2.5 %
Module Mismatch Losses
Loss Fraction 1.0 % at MPP
Incidence effect, ASHRAE parametrization
IAM = 1 - bo (1/cos i - 1)
bo Param. 0.05
User's needs :
Unlimited load (grid)
",334,"PVsyst TRIAL
Page 2/5
17/02/14
PVSYST V6.19
Grid-Connected System: Simulation parameters (continued)
PVsyst Evaluation mode
Module Quality Loss
Loss Fraction 2.5 %
Module Mismatch Losses
Loss Fraction 1.0 % at MPP
Incidence effect, ASHRAE parametrization
IAM = 1 - bo (1/cos i - 1)
bo Param. 0.05
User's needs:
Unlimited load (grid)",334,332
06_procel_eficiencia_edificios_publicos.pdf,Guia de Eficiência Energética em Edifícios Públicos,PROCEL / Ministério de Minas e Energia,relatorio_tecnico,eficiencia_energetica,2025,vigente,guia técnico,eficiência energética em edificações públicas,222,"PVsyst TRIAL
Page 3/5
17/02/14
PVSYST V6.19
Grid-Connected System: Near shading definition
PVsyst Evaluation mode
Project :
Grid-Connected Project at Brasilia
Simulation variant :
New simulation variant MME BSB pav az0
Main system parameters
System type
Grid-Connected
Near Shadings
Linear shadings
PV Field Orientation
tilt
15°
azimuth
0°
PV modules
Model
SPR-230-WHT-D
Pnom
230 Wp
PV Array
Nb. of modules
220
Pnom total
50.6 kWp
Inverter
Sunny Boy SB 10000TLUS-12 - 208V
Pnom
10.00 kW ac
Inverter
SUNWAY TG 42 - 600V - TK
Pnom
32.6 kW ac
Inverter pack
Nb. of units
3.0
Pnom total
52.6 kW ac
User's needs
Unlimited load (grid)
Perspective of the PV-field and surrounding shading scene
East
North
Zenith
West
Iso-shadings diagram
180
150
120
90
60
30
0
-30
-60
-90
-120
-150
-180
Azimuth [[°]]
0
15
30
45
60
75
90
Sun height [[°]]
Grid-Connected Project at Brasilia
Beam shading factor (linear calculation) : Iso-shadings curves
1: 22 june
2: 22 may - 23 july
3: 20 apr - 23 aug
4: 20 mar - 23 sep
5: 21 feb - 23 oct
6: 19 jan - 22 nov
7: 22 december
7h
8h
9h
10h
11h
12h
13h
14h
15h
16h
17h
18h
1
2
3
4
5
6
7
Behind
the plane
Behind
the plane
Shading loss: 1 %
Shading loss: 5 %
Shading loss: 10 %
Shading loss: 20 %
Shading loss: 40 %
Attenuation for diffuse: 0.110
and albedo: 0.763
",1286,"PVsyst TRIAL
Page 3/5
17/02/14
PVSYST V6.19
Grid-Connected System: Near shading definition
PVsyst Evaluation mode
Project:
Grid-Connected Project at Brasilia
Simulation variant:
New simulation variant MME BSB pav az0
Main system parameters
System type
Grid-Connected
Near Shadings
Linear shadings
PV Field Orientation
tilt
15°
azimuth
0°
PV modules
Model
SPR-230-WHT-D
Pnom
230 Wp
PV Array
Nb. of modules
 
Pnom total
50.6 kWp
Inverter
Sunny Boy SB 10000TLUS-12 - 208V
Pnom
10.00 kW ac
Inverter
SUNWAY TG 42 - 600V - TK
Pnom
32.6 kW ac
Inverter pack
Nb. of units
3.0
Pnom total
52.6 kW ac
User's needs
Unlimited load (grid)
Perspective of the PV-field and surrounding shading scene
East
North
Zenith
West
Iso-shadings diagram
 
 
 
 
 
 
 
-30
-60
-90
-120
-150
-180
Azimuth [[°]]
 
 
 
 
 
 
 
Sun height [[°]]
Grid-Connected Project at Brasilia
Beam shading factor (linear calculation): Iso-shadings curves
1: 22 june
2: 22 may - 23 july
3: 20 apr - 23 aug
4: 20 mar - 23 sep
5: 21 feb - 23 oct
6: 19 jan - 22 nov
7: 22 december
7h
8h
9h
10h
11h
12h
13h
14h
15h
16h
17h
18h
 
 
 
 
 
 
 
Behind
the plane
Behind
the plane
Shading loss: 1 %
Shading loss: 5 %
Shading loss: 10 %
Shading loss: 20 %
Shading loss: 40 %
Attenuation for diffuse: 0.110
and albedo: 0.763",1286,1265
06_procel_eficiencia_edificios_publicos.pdf,Guia de Eficiência Energética em Edifícios Públicos,PROCEL / Ministério de Minas e Energia,relatorio_tecnico,eficiencia_energetica,2025,vigente,guia técnico,eficiência energética em edificações públicas,223,"PVsyst TRIAL
Page 4/5
17/02/14
PVSYST V6.19
Grid-Connected System: Main results
PVsyst Evaluation mode
Project :
Grid-Connected Project at Brasilia
Simulation variant :
New simulation variant MME BSB pav az0
Main system parameters
System type
Grid-Connected
Near Shadings
Linear shadings
PV Field Orientation
tilt
15°
azimuth
0°
PV modules
Model
SPR-230-WHT-D
Pnom
230 Wp
PV Array
Nb. of modules
220
Pnom total
50.6 kWp
Inverter
Sunny Boy SB 10000TLUS-12 - 208V
Pnom
10.00 kW ac
Inverter
SUNWAY TG 42 - 600V - TK
Pnom
32.6 kW ac
Inverter pack
Nb. of units
3.0
Pnom total
52.6 kW ac
User's needs
Unlimited load (grid)
Main simulation results
System Production
Produced Energy
68.0 MWh/year
Specific prod.
1343 kWh/kWp/year
Performance Ratio PR
71.3 %
Jan
Feb
Mar
Apr
May
Jun
Jul
Aug
Sep
Oct
Nov
Dec
0
1
2
3
4
5
6
7
Normalized Energy [kWh/kWp/day]
Normalized productions (per installed kWp):  Nominal power 50.6 kWp
Yf : Produced useful energy  (inverter output)  3.68 kWh/kWp/day
Ls : System Loss  (inverter, ...)                        0.18 kWh/kWp/day
Lc : Collection Loss (PV-array losses)              1.3 kWh/kWp/day
Jan
Feb
Mar
Apr
May
Jun
Jul
Aug
Sep
Oct
Nov
Dec
0.0
0.1
0.2
0.3
0.4
0.5
0.6
0.7
0.8
Performance Ratio PR
Performance Ratio PR
PR : Performance Ratio (Yf / Yr) :  0.713
New simulation variant MME BSB pav az0
Balances and main results
GlobHor
T Amb
GlobInc
GlobEff
EArray
E_Grid
EffArrR
EffSysR
kWh/m²
°C
kWh/m²
kWh/m²
MWh
MWh
%
%
January
145.0
23.10
136.5
120.5
5.194
4.908
13.90
13.13
February
153.9
23.30
149.0
133.8
5.682
5.409
13.93
13.26
March
140.6
22.70
143.7
127.5
5.486
5.213
13.95
13.26
April
149.3
22.70
161.5
143.6
6.080
5.802
13.75
13.12
May
146.5
21.10
168.7
147.6
6.342
6.072
13.74
13.16
June
142.5
19.60
171.7
148.7
6.407
6.137
13.64
13.06
July
153.9
19.60
182.1
158.8
6.833
6.551
13.71
13.15
August
170.3
21.30
192.3
170.7
7.283
6.990
13.83
13.28
September
157.6
23.30
165.6
148.1
6.287
6.005
13.87
13.25
October
145.0
24.00
142.1
125.5
5.341
5.064
13.73
13.02
November
142.6
22.50
135.5
120.4
5.169
4.897
13.93
13.20
December
146.6
22.70
136.5
120.9
5.211
4.930
13.95
13.20
Year
1793.8
22.15
1885.2
1666.0
71.317
67.980
13.82
13.18
Legends:
GlobHor
Horizontal global irradiation
T Amb
Ambient Temperature
GlobInc
Global incident in coll. plane
GlobEff
Effective Global, corr. for IAM and shadings
EArray
Effective energy at the output of the array
E_Grid
Energy injected into grid
EffArrR
Effic. Eout array / rough area
EffSysR
Effic. Eout system / rough area
",2498,"PVsyst TRIAL
Page 4/5
17/02/14
PVSYST V6.19
Grid-Connected System: Main results
PVsyst Evaluation mode
Project:
Grid-Connected Project at Brasilia
Simulation variant:
New simulation variant MME BSB pav az0
Main system parameters
System type
Grid-Connected
Near Shadings
Linear shadings
PV Field Orientation
tilt
15°
azimuth
0°
PV modules
Model
SPR-230-WHT-D
Pnom
230 Wp
PV Array
Nb. of modules
 
Pnom total
50.6 kWp
Inverter
Sunny Boy SB 10000TLUS-12 - 208V
Pnom
10.00 kW ac
Inverter
SUNWAY TG 42 - 600V - TK
Pnom
32.6 kW ac
Inverter pack
Nb. of units
3.0
Pnom total
52.6 kW ac
User's needs
Unlimited load (grid)
Main simulation results
System Production
Produced Energy
68.0 MWh/year
Specific prod.
1343 kWh/kWp/year
Performance Ratio PR
71.3 %
Jan
Feb
Mar
Apr
May
Jun
Jul
Aug
Sep
Oct
Nov
Dec
 
 
 
 
 
 
 
 
Normalized Energy [kWh/kWp/day]
Normalized productions (per installed kWp): Nominal power 50.6 kWp
Yf: Produced useful energy (inverter output) 3.68 kWh/kWp/day
Ls: System Loss (inverter,...) 0.18 kWh/kWp/day
Lc: Collection Loss (PV-array losses) 1.3 kWh/kWp/day
Jan
Feb
Mar
Apr
May
Jun
Jul
Aug
Sep
Oct
Nov
Dec
0.0
0.1
0.2
0.3
0.4
0.5
0.6
0.7
0.8
Performance Ratio PR
Performance Ratio PR
PR: Performance Ratio (Yf / Yr): 0.713
New simulation variant MME BSB pav az0
Balances and main results
GlobHor
T Amb
GlobInc
GlobEff
EArray
E_Grid
EffArrR
EffSysR
kWh/m²
°C
kWh/m²
kWh/m²
MWh
MWh
%
%
January
145.0
23.10
136.5
120.5
5.194
4.908
13.90
13.13
February
153.9
23.30
149.0
133.8
5.682
5.409
13.93
13.26
March
140.6
22.70
143.7
127.5
5.486
5.213
13.95
13.26
April
149.3
22.70
161.5
143.6
6.080
5.802
13.75
13.12
May
146.5
21.10
168.7
147.6
6.342
6.072
13.74
13.16
June
142.5
19.60
171.7
148.7
6.407
6.137
13.64
13.06
July
153.9
19.60
182.1
158.8
6.833
6.551
13.71
13.15
August
170.3
21.30
192.3
170.7
7.283
6.990
13.83
13.28
September
157.6
23.30
165.6
148.1
6.287
6.005
13.87
13.25
October
145.0
24.00
142.1
125.5
5.341
5.064
13.73
13.02
November
142.6
22.50
135.5
120.4
5.169
4.897
13.93
13.20
December
146.6
22.70
136.5
120.9
5.211
4.930
13.95
13.20
Year
1793.8
22.15
1885.2
1666.0
71.317
67.980
13.82
13.18
Legends:
GlobHor
Horizontal global irradiation
T Amb
Ambient Temperature
GlobInc
Global incident in coll. plane
GlobEff
Effective Global, corr. for IAM and shadings
EArray
Effective energy at the output of the array
E_Grid
Energy injected into grid
EffArrR
Effic. Eout array / rough area
EffSysR
Effic. Eout system / rough area",2498,2446
06_procel_eficiencia_edificios_publicos.pdf,Guia de Eficiência Energética em Edifícios Públicos,PROCEL / Ministério de Minas e Energia,relatorio_tecnico,eficiencia_energetica,2025,vigente,guia técnico,eficiência energética em edificações públicas,224,"PVsyst TRIAL
Page 5/5
17/02/14
PVSYST V6.19
Grid-Connected System: Loss diagram
PVsyst Evaluation mode
Project :
Grid-Connected Project at Brasilia
Simulation variant :
New simulation variant MME BSB pav az0
Main system parameters
System type
Grid-Connected
Near Shadings
Linear shadings
PV Field Orientation
tilt
15°
azimuth
0°
PV modules
Model
SPR-230-WHT-D
Pnom
230 Wp
PV Array
Nb. of modules
220
Pnom total
50.6 kWp
Inverter
Sunny Boy SB 10000TLUS-12 - 208V
Pnom
10.00 kW ac
Inverter
SUNWAY TG 42 - 600V - TK
Pnom
32.6 kW ac
Inverter pack
Nb. of units
3.0
Pnom total
52.6 kW ac
User's needs
Unlimited load (grid)
Loss diagram over the whole year
Horizontal global irradiation
1794 kWh/m²
+5.1%
Global incident in coll. plane
-9.2%
Near Shadings: irradiance loss
-2.7%
IAM factor on global
Effective irradiance on collectors
1666 kWh/m² * 274 m² coll.
efficiency at STC = 18.47%
PV conversion
Array nominal energy (at STC effic.)
84.2 MWh
-1.8%
PV loss due to irradiance level
-9.7%
PV loss due to temperature
-2.5%
Module quality loss
-1.0%
Module array mismatch loss
-1.0%
Ohmic wiring loss
Array virtual energy at MPP
71.3 MWh
-4.7%
Inverter Loss during operation (efficiency)
0.0%
Inverter Loss over nominal inv. power
-0.0%
Inverter Loss due to power threshold
0.0%
Inverter Loss over nominal inv. voltage
-0.0%
Inverter Loss due to voltage threshold
Available Energy at Inverter Output
68.0 MWh
Energy injected into grid
68.0 MWh
",1439,"PVsyst TRIAL
Page 5/5
17/02/14
PVSYST V6.19
Grid-Connected System: Loss diagram
PVsyst Evaluation mode
Project:
Grid-Connected Project at Brasilia
Simulation variant:
New simulation variant MME BSB pav az0
Main system parameters
System type
Grid-Connected
Near Shadings
Linear shadings
PV Field Orientation
tilt
15°
azimuth
0°
PV modules
Model
SPR-230-WHT-D
Pnom
230 Wp
PV Array
Nb. of modules
 
Pnom total
50.6 kWp
Inverter
Sunny Boy SB 10000TLUS-12 - 208V
Pnom
10.00 kW ac
Inverter
SUNWAY TG 42 - 600V - TK
Pnom
32.6 kW ac
Inverter pack
Nb. of units
3.0
Pnom total
52.6 kW ac
User's needs
Unlimited load (grid)
Loss diagram over the whole year
Horizontal global irradiation
1794 kWh/m²
+5.1%
Global incident in coll. plane
-9.2%
Near Shadings: irradiance loss
-2.7%
IAM factor on global
Effective irradiance on collectors
1666 kWh/m² * 274 m² coll.
efficiency at STC = 18.47%
PV conversion
Array nominal energy (at STC effic.)
84.2 MWh
-1.8%
PV loss due to irradiance level
-9.7%
PV loss due to temperature
-2.5%
Module quality loss
-1.0%
Module array mismatch loss
-1.0%
Ohmic wiring loss
Array virtual energy at MPP
71.3 MWh
-4.7%
Inverter Loss during operation (efficiency)
0.0%
Inverter Loss over nominal inv. power
-0.0%
Inverter Loss due to power threshold
0.0%
Inverter Loss over nominal inv. voltage
-0.0%
Inverter Loss due to voltage threshold
Available Energy at Inverter Output
68.0 MWh
Energy injected into grid
68.0 MWh",1439,1434
06_procel_eficiencia_edificios_publicos.pdf,Guia de Eficiência Energética em Edifícios Públicos,PROCEL / Ministério de Minas e Energia,relatorio_tecnico,eficiencia_energetica,2025,vigente,guia técnico,eficiência energética em edificações públicas,225,"PVsyst TRIAL
Page 1/5
17/02/14
PVSYST V6.19
Grid-Connected System: Simulation parameters
PVsyst Evaluation mode
Project :
Grid-Connected Project at Brasilia
Geographical Site
Brasilia
Country
Brazil
Situation
Latitude
15.5°S
Longitude
48.0°W
Time defined as
Legal Time
Time zone UT-3
Altitude
895 m
Albedo
 0.20
Meteo data: 
Brasilia
Synthetic - Meteonorm 6.1
Simulation variant :
New simulation variant 1
Simulation date
17/02/14 11h16
Simulation parameters
Collector Plane Orientation
Tilt
15°
Azimuth
180°
Models used
Transposition
Perez
Diffuse
Erbs, Meteonorm
Horizon
Free Horizon
Near Shadings
Linear shadings
PV Arrays Characteristics   (3  kinds of array defined)
PV module
Si-mono
Model
SPR-230-WHT-D
Manufacturer
SunPower
Sub-array ""Sub-array #1""
In series
10 modules
In parallel
4 strings
Total number of PV modules
Nb. modules
40
Unit Nom. Power
230 Wp
Array global power
Nominal (STC)
9.20 kWp
At operating cond.
8.29 kWp (50°C)
Array operating characteristics (50°C)
U mpp
360 V
I mpp
23 A
Sub-array ""Sub-array #2""
In series
10 modules
In parallel
4 strings
Total number of PV modules
Nb. modules
40
Unit Nom. Power
230 Wp
Array global power
Nominal (STC)
9.20 kWp
At operating cond.
8.29 kWp (50°C)
Array operating characteristics (50°C)
U mpp
360 V
I mpp
23 A
Sub-array ""Sub-array #3""
In series
10 modules
In parallel
14 strings
Total number of PV modules
Nb. modules
140
Unit Nom. Power
230 Wp
Array global power
Nominal (STC)
32.2 kWp
At operating cond.
29.02 kWp (50°C)
Array operating characteristics (50°C)
U mpp
360 V
I mpp
81 A
Total
Arrays global power
Nominal (STC)
51 kWp
Total
220 modules
Module area
274 m²
Cell area
245 m²
Sub-array ""Sub-array #1"" :  Inverter
Model
Sunny Boy SB 10000TLUS-12 - 208V
Manufacturer
SMA
Characteristics
Operating Voltage
300-480 V
Unit Nom. Power
10 kW AC
Sub-array ""Sub-array #2"" :  Inverter
Model
Sunny Boy SB 10000TLUS-12 - 208V
Manufacturer
SMA
Characteristics
Operating Voltage
300-480 V
Unit Nom. Power
10 kW AC
Sub-array ""Sub-array #3"" :  Inverter
Model
SUNWAY TG 42 - 600V - TK
Manufacturer
Santerno
Characteristics
Operating Voltage
315-630 V
Unit Nom. Power
33 kW AC
PV Array loss factors
Thermal Loss factor
Uc (const)
20.0 W/m²K
Uv (wind)
0.0 W/m²K / m/s
Wiring Ohmic Loss
Array#1
263 mOhm
Loss Fraction
1.5 % at STC
Array#2
263 mOhm
Loss Fraction
1.5 % at STC
Array#3
75 mOhm
Loss Fraction
1.5 % at STC
Global
Loss Fraction
1.5 % at STC
",2408,"PVsyst TRIAL
Page 1/5
17/02/14
PVSYST V6.19
Grid-Connected System: Simulation parameters
PVsyst Evaluation mode
Project:
Grid-Connected Project at Brasilia
Geographical Site
Brasilia
Country
Brazil
Situation
Latitude
15.5°S
Longitude
48.0°W
Time defined as
Legal Time
Time zone UT-3
Altitude
895 m
Albedo
 0.20
Meteo data: 
Brasilia
Synthetic - Meteonorm 6.1
Simulation variant:
New simulation variant 1
Simulation date
17/02/14 11h16
Simulation parameters
Collector Plane Orientation
Tilt
15°
Azimuth
180°
Models used
Transposition
Perez
Diffuse
Erbs, Meteonorm
Horizon
Free Horizon
Near Shadings
Linear shadings
PV Arrays Characteristics (3 kinds of array defined)
PV module
Si-mono
Model
SPR-230-WHT-D
Manufacturer
SunPower
Sub-array ""Sub-array #1""
In series
10 modules
In parallel
4 strings
Total number of PV modules
Nb. modules
 
Unit Nom. Power
230 Wp
Array global power
Nominal (STC)
9.20 kWp
At operating cond.
8.29 kWp (50°C)
Array operating characteristics (50°C)
U mpp
360 V
I mpp
23 A
Sub-array ""Sub-array #2""
In series
10 modules
In parallel
4 strings
Total number of PV modules
Nb. modules
 
Unit Nom. Power
230 Wp
Array global power
Nominal (STC)
9.20 kWp
At operating cond.
8.29 kWp (50°C)
Array operating characteristics (50°C)
U mpp
360 V
I mpp
23 A
Sub-array ""Sub-array #3""
In series
10 modules
In parallel
14 strings
Total number of PV modules
Nb. modules
 
Unit Nom. Power
230 Wp
Array global power
Nominal (STC)
32.2 kWp
At operating cond.
29.02 kWp (50°C)
Array operating characteristics (50°C)
U mpp
360 V
I mpp
81 A
Total
Arrays global power
Nominal (STC)
51 kWp
Total
220 modules
Module area
274 m²
Cell area
245 m²
Sub-array ""Sub-array #1"": Inverter
Model
Sunny Boy SB 10000TLUS-12 - 208V
Manufacturer
SMA
Characteristics
Operating Voltage
300-480 V
Unit Nom. Power
10 kW AC
Sub-array ""Sub-array #2"": Inverter
Model
Sunny Boy SB 10000TLUS-12 - 208V
Manufacturer
SMA
Characteristics
Operating Voltage
300-480 V
Unit Nom. Power
10 kW AC
Sub-array ""Sub-array #3"": Inverter
Model
SUNWAY TG 42 - 600V - TK
Manufacturer
Santerno
Characteristics
Operating Voltage
315-630 V
Unit Nom. Power
33 kW AC
PV Array loss factors
Thermal Loss factor
Uc (const)
20.0 W/m²K
Uv (wind)
0.0 W/m²K / m/s
Wiring Ohmic Loss
Array#1
263 mOhm
Loss Fraction
1.5 % at STC
Array#2
263 mOhm
Loss Fraction
1.5 % at STC
Array#3
75 mOhm
Loss Fraction
1.5 % at STC
Global
Loss Fraction
1.5 % at STC",2408,2392
06_procel_eficiencia_edificios_publicos.pdf,Guia de Eficiência Energética em Edifícios Públicos,PROCEL / Ministério de Minas e Energia,relatorio_tecnico,eficiencia_energetica,2025,vigente,guia técnico,eficiência energética em edificações públicas,226,"PVsyst TRIAL
Page 2/5
17/02/14
PVSYST V6.19
Grid-Connected System: Simulation parameters (continued)
PVsyst Evaluation mode
Module Quality Loss
Loss Fraction 2.5 %
Module Mismatch Losses
Loss Fraction 1.0 % at MPP
Incidence effect, ASHRAE parametrization
IAM = 1 - bo (1/cos i - 1)
bo Param. 0.05
User's needs :
Unlimited load (grid)
",334,"PVsyst TRIAL
Page 2/5
17/02/14
PVSYST V6.19
Grid-Connected System: Simulation parameters (continued)
PVsyst Evaluation mode
Module Quality Loss
Loss Fraction 2.5 %
Module Mismatch Losses
Loss Fraction 1.0 % at MPP
Incidence effect, ASHRAE parametrization
IAM = 1 - bo (1/cos i - 1)
bo Param. 0.05
User's needs:
Unlimited load (grid)",334,332
06_procel_eficiencia_edificios_publicos.pdf,Guia de Eficiência Energética em Edifícios Públicos,PROCEL / Ministério de Minas e Energia,relatorio_tecnico,eficiencia_energetica,2025,vigente,guia técnico,eficiência energética em edificações públicas,227,"PVsyst TRIAL
Page 3/5
17/02/14
PVSYST V6.19
Grid-Connected System: Near shading definition
PVsyst Evaluation mode
Project :
Grid-Connected Project at Brasilia
Simulation variant :
New simulation variant 1
Main system parameters
System type
Grid-Connected
Near Shadings
Linear shadings
PV Field Orientation
tilt
15°
azimuth
180°
PV modules
Model
SPR-230-WHT-D
Pnom
230 Wp
PV Array
Nb. of modules
220
Pnom total
50.6 kWp
Inverter
Sunny Boy SB 10000TLUS-12 - 208V
Pnom
10.00 kW ac
Inverter
SUNWAY TG 42 - 600V - TK
Pnom
32.6 kW ac
Inverter pack
Nb. of units
3.0
Pnom total
52.6 kW ac
User's needs
Unlimited load (grid)
Perspective of the PV-field and surrounding shading scene
East
North
Zenith
West
Iso-shadings diagram
180
150
120
90
60
30
0
-30
-60
-90
-120
-150
-180
Azimuth [[°]]
0
15
30
45
60
75
90
Sun height [[°]]
Grid-Connected Project at Brasilia
Beam shading factor (linear calculation) : Iso-shadings curves
1: 22 june
2: 22 may - 23 july
3: 20 apr - 23 aug
4: 20 mar - 23 sep
5: 21 feb - 23 oct
6: 19 jan - 22 nov
7: 22 december
7h
8h
9h
10h
11h
12h
13h
14h
15h
16h
17h
18h
1
2
3
4
5
6
7
Behind
the plane
Behind
the plane
Shading loss: 1 %
Shading loss: 5 %
Shading loss: 10 %
Shading loss: 20 %
Shading loss: 40 %
Attenuation for diffuse: 0.104
and albedo: 0.794
",1274,"PVsyst TRIAL
Page 3/5
17/02/14
PVSYST V6.19
Grid-Connected System: Near shading definition
PVsyst Evaluation mode
Project:
Grid-Connected Project at Brasilia
Simulation variant:
New simulation variant 1
Main system parameters
System type
Grid-Connected
Near Shadings
Linear shadings
PV Field Orientation
tilt
15°
azimuth
180°
PV modules
Model
SPR-230-WHT-D
Pnom
230 Wp
PV Array
Nb. of modules
 
Pnom total
50.6 kWp
Inverter
Sunny Boy SB 10000TLUS-12 - 208V
Pnom
10.00 kW ac
Inverter
SUNWAY TG 42 - 600V - TK
Pnom
32.6 kW ac
Inverter pack
Nb. of units
3.0
Pnom total
52.6 kW ac
User's needs
Unlimited load (grid)
Perspective of the PV-field and surrounding shading scene
East
North
Zenith
West
Iso-shadings diagram
 
 
 
 
 
 
 
-30
-60
-90
-120
-150
-180
Azimuth [[°]]
 
 
 
 
 
 
 
Sun height [[°]]
Grid-Connected Project at Brasilia
Beam shading factor (linear calculation): Iso-shadings curves
1: 22 june
2: 22 may - 23 july
3: 20 apr - 23 aug
4: 20 mar - 23 sep
5: 21 feb - 23 oct
6: 19 jan - 22 nov
7: 22 december
7h
8h
9h
10h
11h
12h
13h
14h
15h
16h
17h
18h
 
 
 
 
 
 
 
Behind
the plane
Behind
the plane
Shading loss: 1 %
Shading loss: 5 %
Shading loss: 10 %
Shading loss: 20 %
Shading loss: 40 %
Attenuation for diffuse: 0.104
and albedo: 0.794",1274,1253
06_procel_eficiencia_edificios_publicos.pdf,Guia de Eficiência Energética em Edifícios Públicos,PROCEL / Ministério de Minas e Energia,relatorio_tecnico,eficiencia_energetica,2025,vigente,guia técnico,eficiência energética em edificações públicas,228,"PVsyst TRIAL
Page 4/5
17/02/14
PVSYST V6.19
Grid-Connected System: Main results
PVsyst Evaluation mode
Project :
Grid-Connected Project at Brasilia
Simulation variant :
New simulation variant 1
Main system parameters
System type
Grid-Connected
Near Shadings
Linear shadings
PV Field Orientation
tilt
15°
azimuth
180°
PV modules
Model
SPR-230-WHT-D
Pnom
230 Wp
PV Array
Nb. of modules
220
Pnom total
50.6 kWp
Inverter
Sunny Boy SB 10000TLUS-12 - 208V
Pnom
10.00 kW ac
Inverter
SUNWAY TG 42 - 600V - TK
Pnom
32.6 kW ac
Inverter pack
Nb. of units
3.0
Pnom total
52.6 kW ac
User's needs
Unlimited load (grid)
Main simulation results
System Production
Produced Energy
59.4 MWh/year
Specific prod.
1174 kWh/kWp/year
Performance Ratio PR
71.9 %
Jan
Feb
Mar
Apr
May
Jun
Jul
Aug
Sep
Oct
Nov
Dec
0
1
2
3
4
5
6
7
Normalized Energy [kWh/kWp/day]
Normalized productions (per installed kWp):  Nominal power 50.6 kWp
Yf : Produced useful energy  (inverter output)  3.22 kWh/kWp/day
Ls : System Loss  (inverter, ...)                        0.17 kWh/kWp/day
Lc : Collection Loss (PV-array losses)              1.08 kWh/kWp/day
Jan
Feb
Mar
Apr
May
Jun
Jul
Aug
Sep
Oct
Nov
Dec
0.0
0.1
0.2
0.3
0.4
0.5
0.6
0.7
0.8
Performance Ratio PR
Performance Ratio PR
PR : Performance Ratio (Yf / Yr) :  0.719
New simulation variant 1
Balances and main results
GlobHor
T Amb
GlobInc
GlobEff
EArray
E_Grid
EffArrR
EffSysR
kWh/m²
°C
kWh/m²
kWh/m²
MWh
MWh
%
%
January
145.0
23.10
147.4
130.3
5.599
5.305
13.88
13.15
February
153.9
23.30
152.3
136.8
5.818
5.542
13.96
13.29
March
140.6
22.70
132.1
116.9
5.075
4.812
14.04
13.31
April
149.3
22.70
130.8
115.9
5.008
4.753
13.99
13.28
May
146.5
21.10
119.0
104.7
4.598
4.359
14.12
13.39
June
142.5
19.60
108.1
94.9
4.193
3.962
14.18
13.40
July
153.9
19.60
120.2
106.0
4.672
4.429
14.21
13.47
August
170.3
21.30
142.0
126.3
5.502
5.245
14.15
13.49
September
157.6
23.30
143.9
128.1
5.510
5.246
13.99
13.32
October
145.0
24.00
141.6
125.2
5.342
5.067
13.79
13.08
November
142.6
22.50
143.6
128.0
5.481
5.206
13.95
13.25
December
146.6
22.70
150.7
134.1
5.748
5.458
13.94
13.24
Year
1793.8
22.15
1631.4
1447.0
62.544
59.384
14.01
13.30
Legends:
GlobHor
Horizontal global irradiation
T Amb
Ambient Temperature
GlobInc
Global incident in coll. plane
GlobEff
Effective Global, corr. for IAM and shadings
EArray
Effective energy at the output of the array
E_Grid
Energy injected into grid
EffArrR
Effic. Eout array / rough area
EffSysR
Effic. Eout system / rough area
",2472,"PVsyst TRIAL
Page 4/5
17/02/14
PVSYST V6.19
Grid-Connected System: Main results
PVsyst Evaluation mode
Project:
Grid-Connected Project at Brasilia
Simulation variant:
New simulation variant 1
Main system parameters
System type
Grid-Connected
Near Shadings
Linear shadings
PV Field Orientation
tilt
15°
azimuth
180°
PV modules
Model
SPR-230-WHT-D
Pnom
230 Wp
PV Array
Nb. of modules
 
Pnom total
50.6 kWp
Inverter
Sunny Boy SB 10000TLUS-12 - 208V
Pnom
10.00 kW ac
Inverter
SUNWAY TG 42 - 600V - TK
Pnom
32.6 kW ac
Inverter pack
Nb. of units
3.0
Pnom total
52.6 kW ac
User's needs
Unlimited load (grid)
Main simulation results
System Production
Produced Energy
59.4 MWh/year
Specific prod.
1174 kWh/kWp/year
Performance Ratio PR
71.9 %
Jan
Feb
Mar
Apr
May
Jun
Jul
Aug
Sep
Oct
Nov
Dec
 
 
 
 
 
 
 
 
Normalized Energy [kWh/kWp/day]
Normalized productions (per installed kWp): Nominal power 50.6 kWp
Yf: Produced useful energy (inverter output) 3.22 kWh/kWp/day
Ls: System Loss (inverter,...) 0.17 kWh/kWp/day
Lc: Collection Loss (PV-array losses) 1.08 kWh/kWp/day
Jan
Feb
Mar
Apr
May
Jun
Jul
Aug
Sep
Oct
Nov
Dec
0.0
0.1
0.2
0.3
0.4
0.5
0.6
0.7
0.8
Performance Ratio PR
Performance Ratio PR
PR: Performance Ratio (Yf / Yr): 0.719
New simulation variant 1
Balances and main results
GlobHor
T Amb
GlobInc
GlobEff
EArray
E_Grid
EffArrR
EffSysR
kWh/m²
°C
kWh/m²
kWh/m²
MWh
MWh
%
%
January
145.0
23.10
147.4
130.3
5.599
5.305
13.88
13.15
February
153.9
23.30
152.3
136.8
5.818
5.542
13.96
13.29
March
140.6
22.70
132.1
116.9
5.075
4.812
14.04
13.31
April
149.3
22.70
130.8
115.9
5.008
4.753
13.99
13.28
May
146.5
21.10
119.0
104.7
4.598
4.359
14.12
13.39
June
142.5
19.60
108.1
94.9
4.193
3.962
14.18
13.40
July
153.9
19.60
120.2
106.0
4.672
4.429
14.21
13.47
August
170.3
21.30
142.0
126.3
5.502
5.245
14.15
13.49
September
157.6
23.30
143.9
128.1
5.510
5.246
13.99
13.32
October
145.0
24.00
141.6
125.2
5.342
5.067
13.79
13.08
November
142.6
22.50
143.6
128.0
5.481
5.206
13.95
13.25
December
146.6
22.70
150.7
134.1
5.748
5.458
13.94
13.24
Year
1793.8
22.15
1631.4
1447.0
62.544
59.384
14.01
13.30
Legends:
GlobHor
Horizontal global irradiation
T Amb
Ambient Temperature
GlobInc
Global incident in coll. plane
GlobEff
Effective Global, corr. for IAM and shadings
EArray
Effective energy at the output of the array
E_Grid
Energy injected into grid
EffArrR
Effic. Eout array / rough area
EffSysR
Effic. Eout system / rough area",2472,2420
06_procel_eficiencia_edificios_publicos.pdf,Guia de Eficiência Energética em Edifícios Públicos,PROCEL / Ministério de Minas e Energia,relatorio_tecnico,eficiencia_energetica,2025,vigente,guia técnico,eficiência energética em edificações públicas,229,"PVsyst TRIAL
Page 5/5
17/02/14
PVSYST V6.19
Grid-Connected System: Loss diagram
PVsyst Evaluation mode
Project :
Grid-Connected Project at Brasilia
Simulation variant :
New simulation variant 1
Main system parameters
System type
Grid-Connected
Near Shadings
Linear shadings
PV Field Orientation
tilt
15°
azimuth
180°
PV modules
Model
SPR-230-WHT-D
Pnom
230 Wp
PV Array
Nb. of modules
220
Pnom total
50.6 kWp
Inverter
Sunny Boy SB 10000TLUS-12 - 208V
Pnom
10.00 kW ac
Inverter
SUNWAY TG 42 - 600V - TK
Pnom
32.6 kW ac
Inverter pack
Nb. of units
3.0
Pnom total
52.6 kW ac
User's needs
Unlimited load (grid)
Loss diagram over the whole year
Horizontal global irradiation
1794 kWh/m²
-9.1% Global incident in coll. plane
-7.9%
Near Shadings: irradiance loss
-3.7%
IAM factor on global
Effective irradiance on collectors
1447 kWh/m² * 274 m² coll.
efficiency at STC = 18.47%
PV conversion
Array nominal energy (at STC effic.)
73.1 MWh
-2.2%
PV loss due to irradiance level
-8.6%
PV loss due to temperature
-2.5%
Module quality loss
-1.0%
Module array mismatch loss
-0.9%
Ohmic wiring loss
Array virtual energy at MPP
62.5 MWh
-5.0%
Inverter Loss during operation (efficiency)
0.0%
Inverter Loss over nominal inv. power
-0.0%
Inverter Loss due to power threshold
0.0%
Inverter Loss over nominal inv. voltage
-0.0%
Inverter Loss due to voltage threshold
Available Energy at Inverter Output
59.4 MWh
Energy injected into grid
59.4 MWh
",1427,"PVsyst TRIAL
Page 5/5
17/02/14
PVSYST V6.19
Grid-Connected System: Loss diagram
PVsyst Evaluation mode
Project:
Grid-Connected Project at Brasilia
Simulation variant:
New simulation variant 1
Main system parameters
System type
Grid-Connected
Near Shadings
Linear shadings
PV Field Orientation
tilt
15°
azimuth
180°
PV modules
Model
SPR-230-WHT-D
Pnom
230 Wp
PV Array
Nb. of modules
 
Pnom total
50.6 kWp
Inverter
Sunny Boy SB 10000TLUS-12 - 208V
Pnom
10.00 kW ac
Inverter
SUNWAY TG 42 - 600V - TK
Pnom
32.6 kW ac
Inverter pack
Nb. of units
3.0
Pnom total
52.6 kW ac
User's needs
Unlimited load (grid)
Loss diagram over the whole year
Horizontal global irradiation
1794 kWh/m²
-9.1% Global incident in coll. plane
-7.9%
Near Shadings: irradiance loss
-3.7%
IAM factor on global
Effective irradiance on collectors
1447 kWh/m² * 274 m² coll.
efficiency at STC = 18.47%
PV conversion
Array nominal energy (at STC effic.)
73.1 MWh
-2.2%
PV loss due to irradiance level
-8.6%
PV loss due to temperature
-2.5%
Module quality loss
-1.0%
Module array mismatch loss
-0.9%
Ohmic wiring loss
Array virtual energy at MPP
62.5 MWh
-5.0%
Inverter Loss during operation (efficiency)
0.0%
Inverter Loss over nominal inv. power
-0.0%
Inverter Loss due to power threshold
0.0%
Inverter Loss over nominal inv. voltage
-0.0%
Inverter Loss due to voltage threshold
Available Energy at Inverter Output
59.4 MWh
Energy injected into grid
59.4 MWh",1427,1422
06_procel_eficiencia_edificios_publicos.pdf,Guia de Eficiência Energética em Edifícios Públicos,PROCEL / Ministério de Minas e Energia,relatorio_tecnico,eficiencia_energetica,2025,vigente,guia técnico,eficiência energética em edificações públicas,230," 
Laboratório de Eficiência Energética em Edificações 
http://www.labeee.ufsc.br 
 
SIMULAÇÃO ENERGÉTICA DO PRÉDIO 
DO MINISTÉRIO DE MINAS E 
ENERGIA EM BRASÍLIA - DF 
 
ETAPA 03 – VERIFICAÇÃO DA VIABILIDADE DE 
IMPLANTAÇÃO DE CADA ALTERNATIVA DE 
RETROFIT 
 
 
 
Roberto Lamberts, PhD 
Ana Paula Melo, Dra 
Maurício Nath Lopes, Msc 
Miguel Pacheco, Msc 
 
 
 
 
 
 
 
Florianópolis, Janeiro 2014.
",398,"Laboratório de Eficiência Energética em Edificações 
 
 
SIMULAÇÃO ENERGÉTICA DO PRÉDIO 
DO MINISTÉRIO DE MINAS E 
ENERGIA EM BRASÍLIA - DF 
 
ETAPA 03 – VERIFICAÇÃO DA VIABILIDADE DE 
IMPLANTAÇÃO DE CADA ALTERNATIVA DE 
RETROFIT 
 
 
 
Roberto Lamberts, PhD 
Ana Paula Melo, Dra 
Maurício Nath Lopes, Msc 
Miguel Pacheco, Msc 
 
 
 
 
 
 
 
Florianópolis, Janeiro 2014.",398,370
06_procel_eficiencia_edificios_publicos.pdf,Guia de Eficiência Energética em Edifícios Públicos,PROCEL / Ministério de Minas e Energia,relatorio_tecnico,eficiencia_energetica,2025,vigente,guia técnico,eficiência energética em edificações públicas,231," 
  
www.labeee.ufsc.br 
1 
 
SUMÁRIO 
 
1. 
O PROJETO  ________________________________________ 2 
2. 
VIABILIDADE DE APLICAÇÃO DAS ALTERNATIVAS __________ 2 
2.1 SISTEMA DE CONDICIONAMENTO DE AR DO TIPO VRF ____________ 2 
2.2 SISTEMA DE CONDICIONAMENTO DE AR DO TIPO INVERTER _______ 3 
2.3 VIDROS __________________________________________________ 3 
2.4 PAINEL FOTOVOLTAICO _____________________________________ 4 
2.5 MODELO PROPOSTO 01 _____________________________________ 6 
2.6 MODELO PROPOSTO 02 _____________________________________ 7 
2.7 RESUMO DAS ALTERNATIVAS ________________________________ 8 
 
 
 
 
 
 
 
 
 
 
 
 
 
 
 
",642,"SUMÁRIO 
 
1. 
O PROJETO ________________________________________ 2 
2. 
VIABILIDADE DE APLICAÇÃO DAS ALTERNATIVAS __________ 2 
2.1 SISTEMA DE CONDICIONAMENTO DE AR DO TIPO VRF ____________ 2 
2.2 SISTEMA DE CONDICIONAMENTO DE AR DO TIPO INVERTER _______ 3 
2.3 VIDROS __________________________________________________ 3 
2.4 PAINEL FOTOVOLTAICO _____________________________________ 4 
2.5 MODELO PROPOSTO 01 _____________________________________ 6 
2.6 MODELO PROPOSTO 02 _____________________________________ 7 
2.7 RESUMO DAS ALTERNATIVAS ________________________________ 8",642,579
06_procel_eficiencia_edificios_publicos.pdf,Guia de Eficiência Energética em Edifícios Públicos,PROCEL / Ministério de Minas e Energia,relatorio_tecnico,eficiencia_energetica,2025,vigente,guia técnico,eficiência energética em edificações públicas,232," 
  
www.labeee.ufsc.br 
2 
 
1. O PROJETO 
O projeto tem por objetivo a simulação energética do prédio do Ministério de Minas e 
Energia, localizado em Brasília – DF. Este objetivo visa avaliar o potencial de transformar o 
prédio do Ministério de Minas e Energia em um edifício de energia zero. 
Dentre as atividades que compõem este estudo, contemplam: 
- Etapa 01: Simulação da situação atual da edificação; 
- Etapa 02: Calibração do modelo computacional e simulação das alternativas de 
revitalização (retrofit); 
- Etapa 03: Verificação da viabilidade de implantação de cada alternativa de retrofit. 
Ressalta-se que neste relatório serão apresentadas as atividades referentes à Etapa 
03. 
 
2. 
VIABILIDADE DE APLICAÇÃO DAS ALTERNATIVAS 
Neste estudo será analisada a viabilidade de aplicação das alternativas que 
apresentaram uma maior redução de consumo com relação ao Modelo base. Analisou-se 
também as alternativas referentes ao Modelo proposto 01 e Modelo proposto 02, 
especificados no Relatório 02.  
Para analisar a viabilidade de aplicação das alternativas, foram realizados orçamentos 
com empresas especializadas.  
 
2.1 
SISTEMA DE CONDICIONAMENTO DE AR DO TIPO VRF 
A substituição do sistema de condicionamento de ar atual do prédio do Ministério de 
Minas e Energia por um sistema do tipo VRF com condensação a ar apresentou uma 
economia de 316.640 kWh (13,80%) no consumo anual da edificação. A diferença 
encontrada pode ser observada na Tabela 1. 
 
Tabela 1 – Sistema de condicionamento de ar do tipo VRF. 
Alternativa simulada 
Consumo total 
(kWh) 
Economia 
(kWh) 
Economia 
(%) 
Modelo base 
2.292.770 
- 
- 
Sistema de condicionamento de ar do 
tipo VRF 
1.976.130 
316.640 
13,80 
",1718,"1. O PROJETO 
O projeto tem por objetivo a simulação energética do prédio do Ministério de Minas e 
Energia, localizado em Brasília – DF. Este objetivo visa avaliar o potencial de transformar o 
prédio do Ministério de Minas e Energia em um edifício de energia zero. 
Dentre as atividades que compõem este estudo, contemplam: 
- Etapa 01: Simulação da situação atual da edificação; 
- Etapa 02: Calibração do modelo computacional e simulação das alternativas de 
revitalização (retrofit); 
- Etapa 03: Verificação da viabilidade de implantação de cada alternativa de retrofit. 
Ressalta-se que neste relatório serão apresentadas as atividades referentes à Etapa 
03. 
 
2. 
VIABILIDADE DE APLICAÇÃO DAS ALTERNATIVAS 
Neste estudo será analisada a viabilidade de aplicação das alternativas que 
apresentaram uma maior redução de consumo com relação ao Modelo base. Analisou-se 
também as alternativas referentes ao Modelo proposto 01 e Modelo proposto 02, 
especificados no Relatório 02. 
Para analisar a viabilidade de aplicação das alternativas, foram realizados orçamentos 
com empresas especializadas. 
 
2.1 
SISTEMA DE CONDICIONAMENTO DE AR DO TIPO VRF 
A substituição do sistema de condicionamento de ar atual do prédio do Ministério de 
Minas e Energia por um sistema do tipo VRF com condensação a ar apresentou uma 
economia de 316.640 kWh (13,80%) no consumo anual da edificação. A diferença 
encontrada pode ser observada na Tabela 1. 
 
Tabela 1 – Sistema de condicionamento de ar do tipo VRF. 
Alternativa simulada 
Consumo total 
(kWh) 
Economia 
(kWh) 
Economia 
(%) 
Modelo base 
2.292.770 
- 
- 
Sistema de condicionamento de ar do 
tipo VRF 
1.976.130 
316.640 
13,80",1718,1684
06_procel_eficiencia_edificios_publicos.pdf,Guia de Eficiência Energética em Edifícios Públicos,PROCEL / Ministério de Minas e Energia,relatorio_tecnico,eficiencia_energetica,2025,vigente,guia técnico,eficiência energética em edificações públicas,233," 
  
www.labeee.ufsc.br 
3 
 
O orçamento do sistema de condicionamento de ar do tipo VRF com condensação a ar 
foi fornecido pela empresa TEMPSUL. O custo de instalação deste sistema é de 
aproximadamente R$ 6.000,00 por TR (Tonelada de Refrigeração), sendo 70% do valor 
responsável pela compra dos equipamentos e 30% pela mão de obra para a instalação do 
sistema. O total de TR instalado com a utilização do sistema VRF é de aproximadamente 352 
TR, resultando em um valor de implementação em torno de R$ 2.112.000,00. 
 
2.2 
SISTEMA DE CONDICIONAMENTO DE AR DO TIPO INVERTER 
A substituição do sistema de condicionamento de ar atual do prédio do Ministério de 
Minas e Energia por um sistema do tipo Inverter Nível A apresentou uma economia de 
176.772 kWh (7,70%) no consumo anual da edificação. A diferença encontrada pode ser 
observada na Tabela 2. 
 
Tabela 2 – Sistema de condicionamento de ar do tipo Inverter. 
Alternativa simulada 
Consumo total 
(kWh) 
Economia 
(kWh) 
Economia 
(%) 
Modelo base 
2.292.770 
- 
- 
Sistema de condicionamento de ar do 
Inverter Nível A 
2.115.998 
176.772 
7,70 
 
O orçamento do sistema de condicionamento de ar do tipo Inverter também foi 
fornecido pela empresa TEMPSUL. O custo de instalação deste sistema é de 
aproximadamente R$ 3.000,00 por TR (Tonelada de Refrigeração), sendo 80% do valor 
responsável pela compra dos equipamentos e 20% pela mão de obra para a instalação do 
sistema. Este sistema também resultou em um total de 352 TR instalados. Portanto, o custo 
da implementação deste sistema fica em torno de R$ 1.056.000,00.  
 
2.3 
VIDROS  
A substituição do vidro atual do prédio do Ministério de Minas e Energia por um vidro 
duplo (controle solar + ar + laminado incolor) apresentou uma economia de 80.261 kWh 
(3,50%) no consumo anual da edificação. Já a substituição por um vidro duplo (LowE + ar + 
monolítico incolor) apresentou uma economia de 61.165 kWh (2,67%) no consumo anual da 
edificação. A diferença encontrada pode ser observada na Tabela 7. 
 
 
",2031,"O orçamento do sistema de condicionamento de ar do tipo VRF com condensação a ar 
foi fornecido pela empresa TEMPSUL. O custo de instalação deste sistema é de 
aproximadamente R$ 6.000,00 por TR (Tonelada de Refrigeração), sendo 70% do valor 
responsável pela compra dos equipamentos e 30% pela mão de obra para a instalação do 
sistema. O total de TR instalado com a utilização do sistema VRF é de aproximadamente 352 
TR, resultando em um valor de implementação em torno de R$ 2.112.000,00. 
 
2.2 
SISTEMA DE CONDICIONAMENTO DE AR DO TIPO INVERTER 
A substituição do sistema de condicionamento de ar atual do prédio do Ministério de 
Minas e Energia por um sistema do tipo Inverter Nível A apresentou uma economia de 
176.772 kWh (7,70%) no consumo anual da edificação. A diferença encontrada pode ser 
observada na Tabela 2. 
 
Tabela 2 – Sistema de condicionamento de ar do tipo Inverter. 
Alternativa simulada 
Consumo total 
(kWh) 
Economia 
(kWh) 
Economia 
(%) 
Modelo base 
2.292.770 
- 
- 
Sistema de condicionamento de ar do 
Inverter Nível A 
2.115.998 
176.772 
7,70 
 
O orçamento do sistema de condicionamento de ar do tipo Inverter também foi 
fornecido pela empresa TEMPSUL. O custo de instalação deste sistema é de 
aproximadamente R$ 3.000,00 por TR (Tonelada de Refrigeração), sendo 80% do valor 
responsável pela compra dos equipamentos e 20% pela mão de obra para a instalação do 
sistema. Este sistema também resultou em um total de 352 TR instalados. Portanto, o custo 
da implementação deste sistema fica em torno de R$ 1.056.000,00. 
 
2.3 
VIDROS 
A substituição do vidro atual do prédio do Ministério de Minas e Energia por um vidro 
duplo (controle solar + ar + laminado incolor) apresentou uma economia de 80.261 kWh 
(3,50%) no consumo anual da edificação. Já a substituição por um vidro duplo (LowE + ar + 
monolítico incolor) apresentou uma economia de 61.165 kWh (2,67%) no consumo anual da 
edificação. A diferença encontrada pode ser observada na Tabela 7.",2031,1993
06_procel_eficiencia_edificios_publicos.pdf,Guia de Eficiência Energética em Edifícios Públicos,PROCEL / Ministério de Minas e Energia,relatorio_tecnico,eficiencia_energetica,2025,vigente,guia técnico,eficiência energética em edificações públicas,234," 
  
www.labeee.ufsc.br 
4 
 
Tabela 3 – Vidros. 
Alternativas simuladas 
Consumo total 
(kWh) 
Economia 
(kWh) 
Economia 
(%) 
Modelo base 
2.292.770 
- 
- 
Vidro controle solar + ar + laminado 
incolor 
2.212.509 
80.261 
3,50 
Vidro LowE + ar + monolítico incolor 
2.231.605 
61.165 
2,67 
 
O orçamento dos vidros foi fornecido pela empresa CEBRACE. O valor do m2 do vidro 
duplo de controle solar é em torno de R$ 338,00, e do vidro duplo LowE em torno de R$ 
318,00. A fachada Leste do prédio do Ministério de Minas e Energia resulta em um total de 
3.900 m2 de área. Portanto, o total do custo da substituição dos vidros da fachada Leste é de 
R$ 1.318.200,00 considerando o vidro duplo de controle solar e de R$ 1.240.200,00 para o 
vidro duplo LowE. 
O custo da mão de obra da substituição dos vidros e esquadrias desta fachada é de 
aproximadamente R$ 1.500,00 por peça. Caso fosse realizada a substituição de uma fachada 
toda nova, o custo da mão de obra ficaria em torno de R$ 600,00 por m2. 
 
2.4 
PAINEL FOTOVOLTAICO 
A simulação do painel fotovoltaico considerando o sistema proposto (fileiras 
orientadas a Norte e Sul, sem obstruções) através do programa EnergyPlus apresentou uma 
geração de energia de 476.088 kWh. A geração do painel fotovoltaico neste caso foi capaz de 
atender 20,58% do consumo anual do prédio do Ministério de Minas e Energia.  
Através do programa PVSyst, a geração de energia encontrada para este mesmo 
sistema proposto foi de 389.601 kWh, com uma diferença de 18,2% quando comparado com 
a utilização do programa EnergyPlus. A geração do painel fotovoltaico com o programa 
PVSyst foi capaz de atender 16,84% do consumo anual do prédio do Ministério de Minas e 
Energia. Os resultados podem ser observados através da Tabela 4. Porém, conforme 
mencionado no Relatório 02, a geração de energia apresentada pelo programa Energyplus é 
superestimada. Ou seja, a geração de energia do modelo real será possivelmente menor. 
Ressalta-se que o sistema proposto sem obstruções foi modelado acima da platibanda da 
cobertura da edificação.  
O sistema proposto com obstruções através do programa PVSyst apresentou uma 
geração de energia de 127.362 kWh. Comparando com o sistema proposto sem obstruções 
através do programa PVSyst, nota-se uma redução de 262.239 kWh (67,3%). Observa-se que  
",2332,"Tabela 3 – Vidros. 
Alternativas simuladas 
Consumo total 
(kWh) 
Economia 
(kWh) 
Economia 
(%) 
Modelo base 
2.292.770 
- 
- 
Vidro controle solar + ar + laminado 
incolor 
2.212.509 
80.261 
3,50 
Vidro LowE + ar + monolítico incolor 
2.231.605 
61.165 
2,67 
 
O orçamento dos vidros foi fornecido pela empresa CEBRACE. O valor do m2 do vidro 
duplo de controle solar é em torno de R$ 338,00, e do vidro duplo LowE em torno de R$ 
318,00. A fachada Leste do prédio do Ministério de Minas e Energia resulta em um total de 
3.900 m2 de área. Portanto, o total do custo da substituição dos vidros da fachada Leste é de 
R$ 1.318.200,00 considerando o vidro duplo de controle solar e de R$ 1.240.200,00 para o 
vidro duplo LowE. 
O custo da mão de obra da substituição dos vidros e esquadrias desta fachada é de 
aproximadamente R$ 1.500,00 por peça. Caso fosse realizada a substituição de uma fachada 
toda nova, o custo da mão de obra ficaria em torno de R$ 600,00 por m2. 
 
2.4 
PAINEL FOTOVOLTAICO 
A simulação do painel fotovoltaico considerando o sistema proposto (fileiras 
orientadas a Norte e Sul, sem obstruções) através do programa EnergyPlus apresentou uma 
geração de energia de 476.088 kWh. A geração do painel fotovoltaico neste caso foi capaz de 
atender 20,58% do consumo anual do prédio do Ministério de Minas e Energia. 
Através do programa PVSyst, a geração de energia encontrada para este mesmo 
sistema proposto foi de 389.601 kWh, com uma diferença de 18,2% quando comparado com 
a utilização do programa EnergyPlus. A geração do painel fotovoltaico com o programa 
PVSyst foi capaz de atender 16,84% do consumo anual do prédio do Ministério de Minas e 
Energia. Os resultados podem ser observados através da Tabela 4. Porém, conforme 
mencionado no Relatório 02, a geração de energia apresentada pelo programa Energyplus é 
superestimada. Ou seja, a geração de energia do modelo real será possivelmente menor. 
Ressalta-se que o sistema proposto sem obstruções foi modelado acima da platibanda da 
cobertura da edificação. 
O sistema proposto com obstruções através do programa PVSyst apresentou uma 
geração de energia de 127.362 kWh. Comparando com o sistema proposto sem obstruções 
através do programa PVSyst, nota-se uma redução de 262.239 kWh (67,3%). Observa-se que",2332,2297
06_procel_eficiencia_edificios_publicos.pdf,Guia de Eficiência Energética em Edifícios Públicos,PROCEL / Ministério de Minas e Energia,relatorio_tecnico,eficiencia_energetica,2025,vigente,guia técnico,eficiência energética em edificações públicas,235," 
  
www.labeee.ufsc.br 
5 
 
as obstruções refletem no sombreamento dos módulos, interferindo negativamente no 
potencial de geração de energia do sistema. Neste caso, a geração de energia apresentada 
foi três vezes inferior. A geração do painel fotovoltaico neste caso foi capaz de atender 5,5% 
do consumo anual do prédio do Ministério de Minas e Energia.  
 
Tabela 4 – Geração de energia do painel fotovoltaico. 
Alternativas simuladas 
Geração 
fotovoltaica 
(kWh) 
Economia 
(kWh) 
Economia 
(%) 
Painel fotovoltaico -  arranjo 
proposto Norte/Sul sem obstruções - 
EnergyPlus 
476.088 
- 
- 
Painel fotovoltaico -  arranjo 
proposto Norte/Sul sem obstruções - 
PVSyst 
389.601 
86.487 
18,2 
Painel fotovoltaico -  arranjo 
proposto Norte/Sul com obstruções - 
PVSyst 
127.362 
348.726 
73,2 
 
 
O orçamento do painel fotovoltaico foi fornecido pelo Grupo de Pesquisa Estratégica 
em Energia Solar da Universidade Federal de Santa Catarina – FOTOVOLTAICA-UFSC. 
Recomendou-se adotar o módulo da marca Yingli, com uma potência de 245 Wp. O custo 
estimado por inversor + módulo é de um total de R$ 5.000,00/kWp. Foram adotados na 
simulação computacional do modelo proposto sem obstruções um total de 620 módulos 
orientados a Norte e 620 orientados a Sul, totalizando em 1240 módulos. O total de módulos 
produz 303,80 kWp. Multiplicando este valor pelo custo estimado do sistema, o custo final de 
implantação é de R$ 1.519.000,00. Ressalta-se que este valor final é somente uma estimativa 
de custo, e não engloba o valor da estrutura de fixação acima da platibanda e o valor da mão 
de obra.  
Para o sistema com obstruções, foram considerados um total de 220 módulos 
orientados a Norte e 220 módulos orientados a Sul, totalizando em 440 módulos. Sendo que 
o total de módulos produz 107,80 kWp. Multiplicando este valor pelo custo estimado do 
sistema, o custo final de implantação é de R$ 539.000,00. Ressalta-se que este valor final é 
somente uma estimativa de custo, e não engloba o valor da mão de obra.  
 
 
",2030,"as obstruções refletem no sombreamento dos módulos, interferindo negativamente no 
potencial de geração de energia do sistema. Neste caso, a geração de energia apresentada 
foi três vezes inferior. A geração do painel fotovoltaico neste caso foi capaz de atender 5,5% 
do consumo anual do prédio do Ministério de Minas e Energia. 
 
Tabela 4 – Geração de energia do painel fotovoltaico. 
Alternativas simuladas 
Geração 
fotovoltaica 
(kWh) 
Economia 
(kWh) 
Economia 
(%) 
Painel fotovoltaico - arranjo 
proposto Norte/Sul sem obstruções - 
EnergyPlus 
476.088 
- 
- 
Painel fotovoltaico - arranjo 
proposto Norte/Sul sem obstruções - 
PVSyst 
389.601 
86.487 
18,2 
Painel fotovoltaico - arranjo 
proposto Norte/Sul com obstruções - 
PVSyst 
127.362 
348.726 
73,2 
 
 
O orçamento do painel fotovoltaico foi fornecido pelo Grupo de Pesquisa Estratégica 
em Energia Solar da Universidade Federal de Santa Catarina – FOTOVOLTAICA-UFSC. 
Recomendou-se adotar o módulo da marca Yingli, com uma potência de 245 Wp. O custo 
estimado por inversor + módulo é de um total de R$ 5.000,00/kWp. Foram adotados na 
simulação computacional do modelo proposto sem obstruções um total de 620 módulos 
orientados a Norte e 620 orientados a Sul, totalizando em 1240 módulos. O total de módulos 
produz 303,80 kWp. Multiplicando este valor pelo custo estimado do sistema, o custo final de 
implantação é de R$ 1.519.000,00. Ressalta-se que este valor final é somente uma estimativa 
de custo, e não engloba o valor da estrutura de fixação acima da platibanda e o valor da mão 
de obra. 
Para o sistema com obstruções, foram considerados um total de 220 módulos 
orientados a Norte e 220 módulos orientados a Sul, totalizando em 440 módulos. Sendo que 
o total de módulos produz 107,80 kWp. Multiplicando este valor pelo custo estimado do 
sistema, o custo final de implantação é de R$ 539.000,00. Ressalta-se que este valor final é 
somente uma estimativa de custo, e não engloba o valor da mão de obra.",2030,1988
06_procel_eficiencia_edificios_publicos.pdf,Guia de Eficiência Energética em Edifícios Públicos,PROCEL / Ministério de Minas e Energia,relatorio_tecnico,eficiencia_energetica,2025,vigente,guia técnico,eficiência energética em edificações públicas,236," 
  
www.labeee.ufsc.br 
6 
 
2.5 
MODELO PROPOSTO 01 
O Modelo proposto 01 considera a utilização de um vidro duplo (controle solar + ar + 
laminado incolor), um sistema de condicionamento de ar do tipo VRF com condensação a ar, 
e a consideração de um painel fotovoltaico para geração de energia através do programa 
EnergyPlus. 
O consumo total do Modelo proposto 01 apresentou uma diferença de 345.441 kWh 
(15,07%) com relação ao consumo total do Modelo base, conforme apresentado na Tabela 5. 
A geração do painel fotovoltaico utilizado no Modelo proposto 01 foi capaz de atender 
24,45% do consumo anual do prédio do Ministério de Minas e Energia.  
 
Tabela 5 – Consumo total do Modelo proposto 01. 
Alternativas simuladas 
Consumo total 
(kWh) 
Economia 
(kWh) 
Economia 
(%) 
Modelo base 
2.292.770 
- 
- 
Modelo proposto 01: 
- Vidro: controle solar + ar + 
laminado incolor 
- HVAC: VRF 
- Painel fotovoltaico -  arranjo 
proposto Norte/Sul sem obstruções - 
EnergyPlus 
1.947.329 
345.441 
15,07 
 
Para esta alternativa, considerou-se o orçamento fornecido pela empresa CEBRACE 
(vidro duplo) e do grupo FOTOVOLTAICA-UFSC (painel fotovoltaico). Ressalta-se que os 
custos de implementação são os mesmos observados anteriormente.  
Um resumo do custo final de implantação das alternativas propostas no Modelo 
proposto 01 pode ser observado na Tabela 6.  
 
Tabela 6 – Custo total do Modelo proposto 01. 
Alternativas simuladas 
Custo (R$) 
Vidro: controle solar + ar + laminado 
incolor 
1.318.200,00 
HVAC: VRF 
1.478.400,00 
Painel fotovoltaico -  arranjo proposto 
Norte/Sul sem obstruções - EnergyPlus 
1.519.000,00 
Custo total sem mão de obra 
4.315.600,00 
",1678,"2.5 
MODELO PROPOSTO 01 
O Modelo proposto 01 considera a utilização de um vidro duplo (controle solar + ar + 
laminado incolor), um sistema de condicionamento de ar do tipo VRF com condensação a ar, 
e a consideração de um painel fotovoltaico para geração de energia através do programa 
EnergyPlus. 
O consumo total do Modelo proposto 01 apresentou uma diferença de 345.441 kWh 
(15,07%) com relação ao consumo total do Modelo base, conforme apresentado na Tabela 5. 
A geração do painel fotovoltaico utilizado no Modelo proposto 01 foi capaz de atender 
24,45% do consumo anual do prédio do Ministério de Minas e Energia. 
 
Tabela 5 – Consumo total do Modelo proposto 01. 
Alternativas simuladas 
Consumo total 
(kWh) 
Economia 
(kWh) 
Economia 
(%) 
Modelo base 
2.292.770 
- 
- 
Modelo proposto 01: 
- Vidro: controle solar + ar + 
laminado incolor 
- HVAC: VRF 
- Painel fotovoltaico - arranjo 
proposto Norte/Sul sem obstruções - 
EnergyPlus 
1.947.329 
345.441 
15,07 
 
Para esta alternativa, considerou-se o orçamento fornecido pela empresa CEBRACE 
(vidro duplo) e do grupo FOTOVOLTAICA-UFSC (painel fotovoltaico). Ressalta-se que os 
custos de implementação são os mesmos observados anteriormente. 
Um resumo do custo final de implantação das alternativas propostas no Modelo 
proposto 01 pode ser observado na Tabela 6. 
 
Tabela 6 – Custo total do Modelo proposto 01. 
Alternativas simuladas 
Custo (R$) 
Vidro: controle solar + ar + laminado 
incolor 
1.318.200,00 
HVAC: VRF 
1.478.400,00 
Painel fotovoltaico - arranjo proposto 
Norte/Sul sem obstruções - EnergyPlus 
1.519.000,00 
Custo total sem mão de obra 
4.315.600,00",1678,1641
06_procel_eficiencia_edificios_publicos.pdf,Guia de Eficiência Energética em Edifícios Públicos,PROCEL / Ministério de Minas e Energia,relatorio_tecnico,eficiencia_energetica,2025,vigente,guia técnico,eficiência energética em edificações públicas,237," 
  
www.labeee.ufsc.br 
7 
 
2.6 
MODELO PROPOSTO 02 
O Modelo proposto 02 também considera a utilização do vidro duplo (controle solar + 
ar + monolítico incolor) e de um painel fotovoltaico para geração de energia. Porém, para 
este modelo optou-se em considerar um sistema de condicionamento de ar do tipo Inverter 
com nível de eficiência A.  
O consumo total do Modelo proposto 02 apresentou uma diferença de 264.201 kWh 
(11,52%) com relação ao consumo total do Modelo base, conforme apresentado na Tabela 7. 
A geração do painel fotovoltaico utilizado no Modelo proposto 02 foi capaz de atender 
23,47% do consumo anual do prédio do Ministério de Minas e Energia.  
 
Tabela 7 – Consumo total do Modelo proposto 02. 
Alternativas simuladas 
Consumo total 
(kWh) 
Economia 
(kWh) 
Economia 
(%) 
Modelo base 
2.292.770 
- 
- 
Modelo proposto 02: 
- Vidro: controle solar + ar + laminado 
incolor 
- HVAC: Inverter Nível A 
- Painel fotovoltaico -  arranjo 
proposto Norte/Sul sem obstruções - 
EnergyPlus 
2.028.569 
264.201 
11,52 
 
Para esta alternativa, considerou-se o orçamento fornecido pela empresa CEBRACE 
(vidro duplo) e do grupo FOTOVOLTAICA-UFSC (painel fotovoltaico). Ressalta-se que os 
custos de implementação são os mesmos observados para o Modelo proposto 01.  
Um resumo do custo final de implantação das alternativas propostas no Modelo 
proposto 01 pode ser observado na Tabela 8. 
 
Tabela 8 – Custo total do Modelo proposto 02. 
Alternativas simuladas 
Custo (R$) 
Vidro: controle solar + ar + laminado 
incolor 
1.318.200,00 
HVAC: Inverter nível A 
844.800,00 
Painel fotovoltaico -  arranjo proposto 
Norte/Sul sem obstruções - EnergyPlus 
1.519.000,00 
Custo total sem mão de obra 
3.682.000,00 
",1730,"2.6 
MODELO PROPOSTO 02 
O Modelo proposto 02 também considera a utilização do vidro duplo (controle solar + 
ar + monolítico incolor) e de um painel fotovoltaico para geração de energia. Porém, para 
este modelo optou-se em considerar um sistema de condicionamento de ar do tipo Inverter 
com nível de eficiência A. 
O consumo total do Modelo proposto 02 apresentou uma diferença de 264.201 kWh 
(11,52%) com relação ao consumo total do Modelo base, conforme apresentado na Tabela 7. 
A geração do painel fotovoltaico utilizado no Modelo proposto 02 foi capaz de atender 
23,47% do consumo anual do prédio do Ministério de Minas e Energia. 
 
Tabela 7 – Consumo total do Modelo proposto 02. 
Alternativas simuladas 
Consumo total 
(kWh) 
Economia 
(kWh) 
Economia 
(%) 
Modelo base 
2.292.770 
- 
- 
Modelo proposto 02: 
- Vidro: controle solar + ar + laminado 
incolor 
- HVAC: Inverter Nível A 
- Painel fotovoltaico - arranjo 
proposto Norte/Sul sem obstruções - 
EnergyPlus 
2.028.569 
264.201 
11,52 
 
Para esta alternativa, considerou-se o orçamento fornecido pela empresa CEBRACE 
(vidro duplo) e do grupo FOTOVOLTAICA-UFSC (painel fotovoltaico). Ressalta-se que os 
custos de implementação são os mesmos observados para o Modelo proposto 01. 
Um resumo do custo final de implantação das alternativas propostas no Modelo 
proposto 01 pode ser observado na Tabela 8. 
 
Tabela 8 – Custo total do Modelo proposto 02. 
Alternativas simuladas 
Custo (R$) 
Vidro: controle solar + ar + laminado 
incolor 
1.318.200,00 
HVAC: Inverter nível A 
844.800,00 
Painel fotovoltaico - arranjo proposto 
Norte/Sul sem obstruções - EnergyPlus 
1.519.000,00 
Custo total sem mão de obra 
3.682.000,00",1730,1693
06_procel_eficiencia_edificios_publicos.pdf,Guia de Eficiência Energética em Edifícios Públicos,PROCEL / Ministério de Minas e Energia,relatorio_tecnico,eficiencia_energetica,2025,vigente,guia técnico,eficiência energética em edificações públicas,238," 
  
www.labeee.ufsc.br 
8 
 
2.7 
RESUMO DAS ALTERNATIVAS 
Foram analisados os custos anuais de energia elétrica (R$), a economia de energia 
elétrica (R$) e tempo de retorno do investimento de todas as alternativas simuladas.  
O custo anual de energia elétrica foi calculado através do programa EnergyPlus. 
Considerou-se a tarifa contratada (Horo Sazonal Verde), os valores de custo de consumo no 
horário de ponta (R$ 1,06), consumo no horário fora de ponta (R$ 0,21) e custo da demanda 
(R$ 11,15), de acordo com as contas de energia elétrica encaminhadas pelo Centro de 
Pesquisas de Energia Elétrica – CEPEL. A Tabela 9 apresenta a comparação em reais (R$) das 
contas de energia elétrica do Modelo base e das alternativas simuladas. 
 
Tabela 9 - Valor da conta de energia elétrica (R$). 
Alternativas 
Custo anual (R$) 
Economia (R$) 
Modelo base 
834.369,94 
- 
Vidro Duplo (controle solar + ar + 
laminado incolor) 
802.410,80 
31.959,14 
Vidro Duplo (LowE + ar + monolítico 
incolor) 
810.901,37 
23.468,57 
Inverter Nível A 
746.232,10 
88.137,84 
VRF condensação a ar 
711.039,58 
123.330,36 
Modelo proposto 01 
692.375,34 
141.994,60 
Modelo proposto 02 
723.935,79 
110.434,15 
 
O retorno do investimento foi calculado através do payback, o qual calcula o prazo 
para que o investidor recupere o capital investido. Foram calculados o payback simples e 
composto. O payback simples não leva em consideração a taxa de juros, nem a inflação do 
período ou o custo de oportunidade. Já o payback corrigido considera os valores de fluxo de 
caixa para o valor presente. O payback corrigido mede o tempo necessário para recuperar o 
capital investido no projeto, considerando a Taxa Mínima de Atratividade (TMA). Adotou-se a 
TMA de acordo com a taxa Selic do dia 17/03/2014 no valor de 10,65% a.a. Foi considerada 
uma taxa mínima interna de retorno de investimento de 10 anos, para analisar a viabilidade 
de implantação de cada uma das alternativas e se estas seriam atraentes no futuro para 
reduzir o consumo de energia elétrica do prédio do Ministério de Minas e Energia. Ressalta-se que 
o tempo de retorno de investimento leva em consideração o custo da mão de obra. 
Cada alternativa de retrofit foi incorporada no modelo base e simulada para 
quantificar as economias no custo, tendo este como parâmetro de comparação. Através da  
",2354,"2.7 
RESUMO DAS ALTERNATIVAS 
Foram analisados os custos anuais de energia elétrica (R$), a economia de energia 
elétrica (R$) e tempo de retorno do investimento de todas as alternativas simuladas. 
O custo anual de energia elétrica foi calculado através do programa EnergyPlus. 
Considerou-se a tarifa contratada (Horo Sazonal Verde), os valores de custo de consumo no 
horário de ponta (R$ 1,06), consumo no horário fora de ponta (R$ 0,21) e custo da demanda 
(R$ 11,15), de acordo com as contas de energia elétrica encaminhadas pelo Centro de 
Pesquisas de Energia Elétrica – CEPEL. A Tabela 9 apresenta a comparação em reais (R$) das 
contas de energia elétrica do Modelo base e das alternativas simuladas. 
 
Tabela 9 - Valor da conta de energia elétrica (R$). 
Alternativas 
Custo anual (R$) 
Economia (R$) 
Modelo base 
834.369,94 
- 
Vidro Duplo (controle solar + ar + 
laminado incolor) 
802.410,80 
31.959,14 
Vidro Duplo (LowE + ar + monolítico 
incolor) 
810.901,37 
23.468,57 
Inverter Nível A 
746.232,10 
88.137,84 
VRF condensação a ar 
711.039,58 
123.330,36 
Modelo proposto 01 
692.375,34 
141.994,60 
Modelo proposto 02 
723.935,79 
110.434,15 
 
O retorno do investimento foi calculado através do payback, o qual calcula o prazo 
para que o investidor recupere o capital investido. Foram calculados o payback simples e 
composto. O payback simples não leva em consideração a taxa de juros, nem a inflação do 
período ou o custo de oportunidade. Já o payback corrigido considera os valores de fluxo de 
caixa para o valor presente. O payback corrigido mede o tempo necessário para recuperar o 
capital investido no projeto, considerando a Taxa Mínima de Atratividade (TMA). Adotou-se a 
TMA de acordo com a taxa Selic do dia 17/03/2014 no valor de 10,65% a.a. Foi considerada 
uma taxa mínima interna de retorno de investimento de 10 anos, para analisar a viabilidade 
de implantação de cada uma das alternativas e se estas seriam atraentes no futuro para 
reduzir o consumo de energia elétrica do prédio do Ministério de Minas e Energia. Ressalta-se que 
o tempo de retorno de investimento leva em consideração o custo da mão de obra. 
Cada alternativa de retrofit foi incorporada no modelo base e simulada para 
quantificar as economias no custo, tendo este como parâmetro de comparação. Através da",2354,2320
06_procel_eficiencia_edificios_publicos.pdf,Guia de Eficiência Energética em Edifícios Públicos,PROCEL / Ministério de Minas e Energia,relatorio_tecnico,eficiencia_energetica,2025,vigente,guia técnico,eficiência energética em edificações públicas,239," 
  
www.labeee.ufsc.br 
9 
 
Tabela 10 pode-se observar que somente a alternativa do sistema de condicionamento de ar 
do tipo inverter Nível A apresentou tempo de retorno do investimento inferior a 10 anos, para 
o cálculo do payback simples. Todas as outras alternativas apresentaram o tempo de retorno 
do investimento superior a 10 anos.  
 
 
 
 
 
 
 
 
 
 
 
 
 
 
 
",375,"Tabela 10 pode-se observar que somente a alternativa do sistema de condicionamento de ar 
do tipo inverter Nível A apresentou tempo de retorno do investimento inferior a 10 anos, para 
o cálculo do payback simples. Todas as outras alternativas apresentaram o tempo de retorno 
do investimento superior a 10 anos.",375,312
06_procel_eficiencia_edificios_publicos.pdf,Guia de Eficiência Energética em Edifícios Públicos,PROCEL / Ministério de Minas e Energia,relatorio_tecnico,eficiencia_energetica,2025,vigente,guia técnico,eficiência energética em edificações públicas,240," 
  
www.labeee.ufsc.br 
10
Tabela 10 – Resumo das alternativas simuladas. 
Intervenção 
Custo de implantação (R$) 
Economia de 
energia elétrica 
(R$) 
Tempo de retorno do 
investimento  
(Payback simples) 
Tempo de retorno do 
investimento  
(Payback composto) 
VRF condensação a ar 
Sistema: R$ 1.478.400,00 
Mão de obra: R$ 633.600,00 
123.330,36 
Superior a 10 anos 
Superior a 10 anos 
Inverter Nível A 
Sistema: R$ 844.800,00 
Mão de obra: R$ 211.200,00 
88.137,84 
Superior a 10 anos 
Superior a 10 anos 
Vidro Duplo  
(controle solar + ar + laminado incolor) 
Sistema: R$ 1.318.200,00 
Mão de obra: R$ 1.500,00 (por peça) 
                    R$ 600 o m2 (fachada nova) 
31.959,14 
Superior a 10 anos 
Superior a 10 anos 
Vidro Duplo  
(LowE + ar + monolítico incolor) 
Sistema: R$ 1.240.200,00 
Mão de obra: R$ 1.500,00 (por peça) 
                    R$ 600 o m2 (fachada nova) 
23.468,57 
Superior a 10 anos 
Superior a 10 anos 
Modelo proposto 01: 
- Vidro: controle solar + ar + laminado incolor 
- HVAC: VRF 
- Painel fotovoltaico 
R$ 4.315.600,00 (sem mão de obra) 
141.994,60 
Superior a 10 anos 
Superior a 10 anos 
Modelo proposto 02: 
- Vidro: LowE + ar + laminado incolor 
- HVAC: Inverter Nível A 
- Painel fotovoltaico 
R$ 3.682.000,00 (sem mão de obra) 
110.434,15 
Superior a 10 anos 
Superior a 10 anos 
 
 
",1334,"Tabela 10 – Resumo das alternativas simuladas. 
Intervenção 
Custo de implantação (R$) 
Economia de 
energia elétrica 
(R$) 
Tempo de retorno do 
investimento 
(Payback simples) 
Tempo de retorno do 
investimento 
(Payback composto) 
VRF condensação a ar 
Sistema: R$ 1.478.400,00 
Mão de obra: R$ 633.600,00 
123.330,36 
Superior a 10 anos 
Superior a 10 anos 
Inverter Nível A 
Sistema: R$ 844.800,00 
Mão de obra: R$ 211.200,00 
88.137,84 
Superior a 10 anos 
Superior a 10 anos 
Vidro Duplo 
(controle solar + ar + laminado incolor) 
Sistema: R$ 1.318.200,00 
Mão de obra: R$ 1.500,00 (por peça) 
 R$ 600 o m2 (fachada nova) 
31.959,14 
Superior a 10 anos 
Superior a 10 anos 
Vidro Duplo 
(LowE + ar + monolítico incolor) 
Sistema: R$ 1.240.200,00 
Mão de obra: R$ 1.500,00 (por peça) 
 R$ 600 o m2 (fachada nova) 
23.468,57 
Superior a 10 anos 
Superior a 10 anos 
Modelo proposto 01: 
- Vidro: controle solar + ar + laminado incolor 
- HVAC: VRF 
- Painel fotovoltaico 
R$ 4.315.600,00 (sem mão de obra) 
141.994,60 
Superior a 10 anos 
Superior a 10 anos 
Modelo proposto 02: 
- Vidro: LowE + ar + laminado incolor 
- HVAC: Inverter Nível A 
- Painel fotovoltaico 
R$ 3.682.000,00 (sem mão de obra) 
110.434,15 
Superior a 10 anos 
Superior a 10 anos",1334,1258
07_iea_energy_efficiency_buildings.pdf,Energy Efficiency 2025 - Buildings,IEA,relatorio_tecnico,energia_edificios,2025,vigente,relatório técnico,eficiência energética em edifícios,2,"Buildings
How and where is energy used?
Total final consumption in 2024 was over 450 EJ and has grown by
around 25 EJ since 2019. Buildings account for around 30% of
global energy demand and have contributed around 20% of the
growth in total demand since 2019. The residential sector makes up
about 70% of total energy demand in buildings, while the
remaining 30% is used in commercial and public buildings.
In advanced economies, most energy in homes is used for space
and water heating, together accounting for about 70%. This is
followed by the use of electrical appliances, such as refrigerators,
televisions and washing machines. Addressing inefficient heating
technologies and poorly insulated buildings is key in most
advanced economies to accelerate efficiency progress. Space
cooling is still a minor share of total demand, but it is expected to
grow in the coming years (https://www.iea.org/commentaries/staying-cool-
without-overheating-the-energy-system).
In emerging and developing economies, per capita space and
water heating energy use is less than one‑fourth that of advanced
economies, due to a large share of the population living in warmer
climates and lower access to affordable energy services. Growing
populations, 
rising 
incomes 
and 
hotter 
summers
(https://www.iea.org/commentaries/data-tool-gives-fine-grained-view-of-climate-
vulnerabilities-in-the-energy-system-and-beyond) are increasing the total
residential energy demand in EMDEs, however, particularly for
space cooling. Addressing inefficient cooling technologies,
ensuring new buildings are efficiently designed and constructed,
and promoting clean cooking can help emerging and developing
economies to accelerate efficiency progress. 
09/06/2026, 09:28
Buildings – Energy Efficiency 2025 – Analysis - IEA
https://www.iea.org/reports/energy-efficiency-2025/buildings?utm_source=chatgpt.com
2/7
",1883,"Buildings
How and where is energy used?
Total final consumption in 2024 was over 450 EJ and has grown by
around 25 EJ since 2019. Buildings account for around 30% of
global energy demand and have contributed around 20% of the
growth in total demand since 2019. The residential sector makes up
about 70% of total energy demand in buildings, while the
remaining 30% is used in commercial and public buildings.
In advanced economies, most energy in homes is used for space
and water heating, together accounting for about 70%. This is
followed by the use of electrical appliances, such as refrigerators,
televisions and washing machines. Addressing inefficient heating
technologies and poorly insulated buildings is key in most
advanced economies to accelerate efficiency progress. Space
cooling is still a minor share of total demand, but it is expected to
grow in the coming years ( 
without-overheating-the-energy-system).
In emerging and developing economies, per capita space and
water heating energy use is less than one‑fourth that of advanced
economies, due to a large share of the population living in warmer
climates and lower access to affordable energy services. Growing
populations, 
rising 
incomes 
and 
hotter 
summers
( 
vulnerabilities-in-the-energy-system-and-beyond) are increasing the total
residential energy demand in EMDEs, however, particularly for
space cooling. Addressing inefficient cooling technologies,
ensuring new buildings are efficiently designed and constructed,
and promoting clean cooking can help emerging and developing
economies to accelerate efficiency progress. 
09/06/2026, 09:28
Buildings – Energy Efficiency 2025 – Analysis - IEA
 
2/7",1883,1678
07_iea_energy_efficiency_buildings.pdf,Energy Efficiency 2025 - Buildings,IEA,relatorio_tecnico,energia_edificios,2025,vigente,relatório técnico,eficiência energética em edifícios,3,"Total energy demand in the residential sector, by end-
use, advanced economies and emerging economies,
2023
PJ
IEA. Licence: CC BY 4.0 (https://www.iea.org/terms/creative-commons-cc-licenses)
Space heating
Water heating
Space cooling
Cooking
Lighting
Appliances
Traditional use of biomass
Advanced economies
EMDEs
0
10 000
20 000
30 000
40 000
50 000
60 000
Notes
Open
09/06/2026, 09:28
Buildings – Energy Efficiency 2025 – Analysis - IEA
https://www.iea.org/reports/energy-efficiency-2025/buildings?utm_source=chatgpt.com
3/7
",527,"Total energy demand in the residential sector, by end-
use, advanced economies and emerging economies,
 
PJ
IEA. Licence: CC BY 4.0 ( 
Space heating
Water heating
Space cooling
Cooking
Lighting
Appliances
Traditional use of biomass
Advanced economies
EMDEs
 
10 000
20 000
30 000
40 000
50 000
60 000
Notes
Open
09/06/2026, 09:28
Buildings – Energy Efficiency 2025 – Analysis - IEA
 
3/7",527,387
07_iea_energy_efficiency_buildings.pdf,Energy Efficiency 2025 - Buildings,IEA,relatorio_tecnico,energia_edificios,2025,vigente,relatório técnico,eficiência energética em edifícios,4,"Per capita energy demand in the residential sector, by
end use, in advanced and emerging economies, 2023
GJ
IEA. Licence: CC BY 4.0 (https://www.iea.org/terms/creative-commons-cc-licenses)
Space heating
Water heating
Space cooling
Cooking
Lighting
Appliances
Traditional use of biomass
Advanced economies
EMDEs
0
5
10
15
20
25
Notes
Open
09/06/2026, 09:28
Buildings – Energy Efficiency 2025 – Analysis - IEA
https://www.iea.org/reports/energy-efficiency-2025/buildings?utm_source=chatgpt.com
4/7
",496,"Per capita energy demand in the residential sector, by
end use, in advanced and emerging economies, 2023
GJ
IEA. Licence: CC BY 4.0 ( 
Space heating
Water heating
Space cooling
Cooking
Lighting
Appliances
Traditional use of biomass
Advanced economies
EMDEs
 
 
 
 
 
 
Notes
Open
09/06/2026, 09:28
Buildings – Energy Efficiency 2025 – Analysis - IEA
 
4/7",496,355
07_iea_energy_efficiency_buildings.pdf,Energy Efficiency 2025 - Buildings,IEA,relatorio_tecnico,energia_edificios,2025,vigente,relatório técnico,eficiência energética em edifícios,5,"What are the key measures to accelerate
progress?
In advanced economies, the number of buildings is growing at a
slow rate, and many existing buildings are poorly insulated.
Accelerating retrofits to reduce heating and cooling energy
demand, and electrifying heating systems, are therefore some of
the most important drivers of efficiency progress. Policies, such as
energy performance certificates (https://www.iea.org/reports/energy-
efficiency-policy-toolkit-2025/energy-efficiency-policy-toolkit-case-studies) and
retrofit incentives can help improve the efficiency of existing
buildings. To accelerate the deployment of electric heating
systems, such as heat pumps, governments can regulate fossil fuel-
based heating technologies, harmonise labels for heating
solutions, provide targeted rebates, or reduce the price gap
(https://www.heatpumps.org.uk/new-european-heat-pump-market-report-highlights-
need-to-solve-uks-electricity-and-gas-price-disparity/) between gas and
electricity.
In emerging economies, the number of buildings is growing almost
twice as fast as in advanced economies, so efficient new buildings
and urban planning are important to accelerate efficiency
progress. Building energy codes, which currently apply to around
half 
of 
new 
floor 
area 
in 
emerging 
economies
(https://www.iea.org/reports/energy-efficiency-2024), can ensure that new
buildings are built efficiently. Improving the efficiency of air
conditioners is another key focus area, given the high and
increasing 
(https://www.iea.org/commentaries/data-tool-gives-fine-grained-view-
of-climate-vulnerabilities-in-the-energy-system-and-beyond) need for cooling,
and 
the 
strong 
growth 
in 
sales 
of 
air 
conditioners
(https://www.jraia.or.jp/english/statistics/). Lastly, reducing the use of
traditional biomass through clean cooking measures can prevent
millions of premature deaths (https://www.iea.org/reports/universal-access-
to-clean-cooking-in-africa), while increasing in cooking efficiency.
09/06/2026, 09:28
Buildings – Energy Efficiency 2025 – Analysis - IEA
https://www.iea.org/reports/energy-efficiency-2025/buildings?utm_source=chatgpt.com
5/7
",2155,"What are the key measures to accelerate
progress?
In advanced economies, the number of buildings is growing at a
slow rate, and many existing buildings are poorly insulated.
Accelerating retrofits to reduce heating and cooling energy
demand, and electrifying heating systems, are therefore some of
the most important drivers of efficiency progress. Policies, such as
energy performance certificates ( 
efficiency-policy-toolkit-2025/energy-efficiency-policy-toolkit-case-studies) and
retrofit incentives can help improve the efficiency of existing
buildings. To accelerate the deployment of electric heating
systems, such as heat pumps, governments can regulate fossil fuel-
based heating technologies, harmonise labels for heating
solutions, provide targeted rebates, or reduce the price gap
( 
need-to-solve-uks-electricity-and-gas-price-disparity/) between gas and
electricity.
In emerging economies, the number of buildings is growing almost
twice as fast as in advanced economies, so efficient new buildings
and urban planning are important to accelerate efficiency
progress. Building energy codes, which currently apply to around
half 
of 
new 
floor 
area 
in 
emerging 
economies
( can ensure that new
buildings are built efficiently. Improving the efficiency of air
conditioners is another key focus area, given the high and
increasing 
( 
of-climate-vulnerabilities-in-the-energy-system-and-beyond) need for cooling,
and 
the 
strong 
growth 
in 
sales 
of 
air 
conditioners
( Lastly, reducing the use of
traditional biomass through clean cooking measures can prevent
millions of premature deaths ( 
to-clean-cooking-in-africa), while increasing in cooking efficiency.
09/06/2026, 09:28
Buildings – Energy Efficiency 2025 – Analysis - IEA
 
5/7",2155,1755
07_iea_energy_efficiency_buildings.pdf,Energy Efficiency 2025 - Buildings,IEA,relatorio_tecnico,energia_edificios,2025,vigente,relatório técnico,eficiência energética em edifícios,6,"Key measures to accelerate efficiency progress in the
residential buildings sector
Accelerating
clean
cooking
access
Increasing
efficiency of
new
buildings
Increasing
air
conditioners
efficiency
Scaling up
retrofit rates
Accelerating
heat pump
deployment
Accelerating clean cooking
access
Increasing efficiency of new
buildings
Increasing air conditioners
efficiency
Scaling up retrofit rates
09/06/2026, 09:28
Buildings – Energy Efficiency 2025 – Analysis - IEA
https://www.iea.org/reports/energy-efficiency-2025/buildings?utm_source=chatgpt.com
6/7
",551,"Key measures to accelerate efficiency progress in the
residential buildings sector
Accelerating
clean
cooking
access
Increasing
efficiency of
new
buildings
Increasing
air
conditioners
efficiency
Scaling up
retrofit rates
Accelerating
heat pump
deployment
Accelerating clean cooking
access
Increasing efficiency of new
buildings
Increasing air conditioners
efficiency
Scaling up retrofit rates
09/06/2026, 09:28
Buildings – Energy Efficiency 2025 – Analysis - IEA
 
6/7",551,468
07_iea_energy_efficiency_buildings.pdf,Energy Efficiency 2025 - Buildings,IEA,relatorio_tecnico,energia_edificios,2025,vigente,relatório técnico,eficiência energética em edifícios,7,"Notes: Bubble sizes give an indication of the relevance of each measure within the country
grouping (classified as high, moderate, low and very low). The classification is based on
multiple factors, such as how and where energy is used, current trends and current policy
coverage. Actions listed are not exhaustive but are meant to give policy makers an overview of
key focus areas that can accelerate progress.
Accelerating heat pump
deployment
Advanced
economies
Emerging markets and developing
economies
Advanced
economies
Emerging markets and developing
economies
Next
Transport (/reports/energy-efficiency-
2025/transport#abstract)
09/06/2026, 09:28
Buildings – Energy Efficiency 2025 – Analysis - IEA
https://www.iea.org/reports/energy-efficiency-2025/buildings?utm_source=chatgpt.com
7/7
",795,"Notes: Bubble sizes give an indication of the relevance of each measure within the country
grouping (classified as high, moderate, low and very low). The classification is based on
multiple factors, such as how and where energy is used, current trends and current policy
coverage. Actions listed are not exhaustive but are meant to give policy makers an overview of
key focus areas that can accelerate progress.
Accelerating heat pump
deployment
Advanced
economies
Emerging markets and developing
economies
Advanced
economies
Emerging markets and developing
economies
Next
Transport (/reports/energy-efficiency-
2025/transport#abstract)
09/06/2026, 09:28
Buildings – Energy Efficiency 2025 – Analysis - IEA
 
7/7",795,712
08_iea_policy_toolkit_building.pdf,Energy Efficiency Policy Toolkit 2025 - Buildings,IEA,relatorio_tecnico,politicas_energeticas,2025,vigente,relatório técnico,políticas de eficiência energética para edifícios,1,"Energy Efficiency Policy Toolkit 2025
09/06/2026, 09:28
Buildings – Energy Efficiency Policy Toolkit 2025 – Analysis - IEA
https://www.iea.org/reports/energy-efficiency-policy-toolkit-2025/buildings?utm_source=chatgpt.com
1/6
",226,"Energy Efficiency Policy Toolkit 2025
09/06/2026, 09:28
Buildings – Energy Efficiency Policy Toolkit 2025 – Analysis - IEA
 
1/6",226,128
08_iea_policy_toolkit_building.pdf,Energy Efficiency Policy Toolkit 2025 - Buildings,IEA,relatorio_tecnico,politicas_energeticas,2025,vigente,relatório técnico,políticas de eficiência energética para edifícios,2,"Buildings
Introduction
Buildings account for about 30% (https://www.iea.org/reports/world-energy-outlook-2024) of final energy consumption
globally and more than half of electricity consumption (https://www.iea.org/reports/world-energy-outlook-2024). Doubling
the global annual energy intensity improvement by 2030 would require buildings to become more efficient
rapidly. An integrated policy approach combining regulation, information and incentives is the most effective
way to achieve this goal. 
Regulatory standards such as building energy codes (https://iea.blob.core.windows.net/assets/ddba54b4-f5af-47e4-8e92-
d31a64e41b3f/Buildings-BuildingEnergyCodes-IEAEnergyEfficiencyPolicyToolkit2025.pdf) are among the most effective policies
to not only boost energy performance and reduce emissions, but also to improve occupants' health, comfort
and productivity – while enhancing climate resilience and mitigating energy price fluctuations. Buildings built
after a code is introduced can use up to 50% (https://unepccc.org/wp-content/uploads/sites/3/2017/04/building-energy-code-
toolkit-042717-final.pdf) less energy.
Information instruments such as energy performance certificates (https://iea.blob.core.windows.net/assets/ddba54b4-
f5af-47e4-8e92-d31a64e41b3f/Buildings-EnergyPerformanceCertificates-IEAEnergyEfficiencyPolicyToolkit2025.pdf) provide
transparency about a building's energy use, allowing consumers to make better-informed decisions. They can
also help deliver insights to governments on a country’s building stock, which in turn can inform new policy
including regulatory updates to the building energy code. Other information tools include campaigns to raise
awareness and acceptance among stakeholders and one-stop-shops that facilitate easy access to grants and
other incentives, alongside guidance and quality assurance.
Incentives such as retrofit grants (https://iea.blob.core.windows.net/assets/ddba54b4-f5af-47e4-8e92-d31a64e41b3f/Buildings-
EnergyRetrofitGrants-IEAEnergyEfficiencyPolicyToolkit2025.pdf) can promote efficient technologies by lowering the upfront
cost of the investment, making an energy efficiency upgrade more accessible and affordable. Grants can
direct investments from stakeholders towards specific energy efficiency measures and motivate them to
exceed minimum standards by reducing the upfront costs, adopting innovative technologies, and engaging in
best practices. Incentives can promote the most efficient technologies or target a specific subset of the
population that needs the support the most.
More information
This toolkit provides an overview of the most important elements of each policy instrument, but you can find
more by exploring additional resources. 
IEA Overview on Buildings (https://www.iea.org/energy-system/buildings)
●
IEA Working Group on Building Energy Codes (https://www.iea-ebc.org/working-group/building-energy-codes)
●
IEA Efficient Grid-Interactive Buildings (https://www.iea.org/reports/efficient-grid-interactive-buildings)
●
GlobalABC Roadmap for Buildings and Construction 2020-2050 (https://www.iea.org/reports/globalabc-roadmap-
for-buildings-and-construction-2020-2050)
●
09/06/2026, 09:28
Buildings – Energy Efficiency Policy Toolkit 2025 – Analysis - IEA
https://www.iea.org/reports/energy-efficiency-policy-toolkit-2025/buildings?utm_source=chatgpt.com
2/6
",3351,"Buildings
Introduction
Buildings account for about 30% (  of final energy consumption
globally and more than half of electricity consumption ( Doubling
the global annual energy intensity improvement by 2030 would require buildings to become more efficient
rapidly. An integrated policy approach combining regulation, information and incentives is the most effective
way to achieve this goal. 
Regulatory standards such as building energy codes ( 
d31a64e41b3f/Buildings-BuildingEnergyCodes-IEAEnergyEfficiencyPolicyToolkit2025.pdf) are among the most effective policies
to not only boost energy performance and reduce emissions, but also to improve occupants' health, comfort
and productivity – while enhancing climate resilience and mitigating energy price fluctuations. Buildings built
after a code is introduced can use up to 50% ( 
toolkit-042717-final.pdf) less energy.
Information instruments such as energy performance certificates ( 
f5af-47e4-8e92-d31a64e41b3f/Buildings-EnergyPerformanceCertificates-IEAEnergyEfficiencyPolicyToolkit2025.pdf) provide
transparency about a building's energy use, allowing consumers to make better-informed decisions. They can
also help deliver insights to governments on a country’s building stock, which in turn can inform new policy
including regulatory updates to the building energy code. Other information tools include campaigns to raise
awareness and acceptance among stakeholders and one-stop-shops that facilitate easy access to grants and
other incentives, alongside guidance and quality assurance.
Incentives such as retrofit grants ( 
EnergyRetrofitGrants-IEAEnergyEfficiencyPolicyToolkit2025.pdf) can promote efficient technologies by lowering the upfront
cost of the investment, making an energy efficiency upgrade more accessible and affordable. Grants can
direct investments from stakeholders towards specific energy efficiency measures and motivate them to
exceed minimum standards by reducing the upfront costs, adopting innovative technologies, and engaging in
best practices. Incentives can promote the most efficient technologies or target a specific subset of the
population that needs the support the most.
More information
This toolkit provides an overview of the most important elements of each policy instrument, but you can find
more by exploring additional resources. 
IEA Overview on Buildings ( 
●
IEA Working Group on Building Energy Codes ( 
●
IEA Efficient Grid-Interactive Buildings ( 
●
GlobalABC Roadmap for Buildings and Construction 2020-2050 ( 
for-buildings-and-construction-2020-2050)
●
09/06/2026, 09:28
Buildings – Energy Efficiency Policy Toolkit 2025 – Analysis - IEA
 
2/6",3351,2659
08_iea_policy_toolkit_building.pdf,Energy Efficiency Policy Toolkit 2025 - Buildings,IEA,relatorio_tecnico,politicas_energeticas,2025,vigente,relatório técnico,políticas de eficiência energética para edifícios,3,"Policy Packages - Buildings Energy Efficiency
Immediate opportunities
Replacing fossil fuel boilers
with high efficiency heat
pumps can reduce energy use
by up to 75%.
By 2030, double both the
global building retrofit rate
and the coverage of building
energy codes by 2030.
NEAR-TERM
Implementing all energy
efficient measures,
electrification and low- carbon
energy could reduce total
CO2 emissions from the
sector by more than 95% by
2050.
LONG-TERM
Regulation
Targets for energy
efficiency in buildings,
including for renovation
rates, fosters market growth
and facilitates long-term
investment decisions.
Building energy codes for
new and existing buildings
can cost-effectively
accelerate the transition to
zero-carbon-ready
buildings. It is important
that they are regularly
updated to increase
coverage and stringency.
Minimum energy
efficiency requirements for
existing buildings help
guarantee performance and
accelerate the process of
renovation through
instruments such as the
standardisation of
processes.
Regulations can ensure
that buildings are equipped
with smart interactive
technologies and can
become demand response
ready.
●
●
●
●
Information
Information on building
performance allows
consumers to identify the
most efficient options when
buying or renovating
buildings. Examples include
energy performance
certificates, disclosure
programmes, one-stop
shops for upgrades and
renovation passports.
Smart interactive
technologies can show
real-time energy
performance, help adjust
occupants’ behaviour and
optimise energy use based
on signals from the grid.
Training and education
programmes for building
sector workers are
important to ensure a
suitably skilled workforce.
Public awareness
campaigns designed to
include behavioural insights
encourage low-cost
actions, such as thermostat
adjustment and use of
smart technologies.
●
●
●
●
Incentives
Financial incentives such
as green mortgages, energy
performance-based
preferential loans and tax
rebates and grants can
motivate consumers and
developers to increase
investment in energy
efficient solutions.
Expedited administrative
procedures, including
accelerated permitting,
targeted at high performing
new build or retrofit
projects, encourage the
implementation of energy
efficient measures.
Award and recognition
programmes encourage
the development of highly
energy efficient buildings.
●
●
●
09/06/2026, 09:28
Buildings – Energy Efficiency Policy Toolkit 2025 – Analysis - IEA
https://www.iea.org/reports/energy-efficiency-policy-toolkit-2025/buildings?utm_source=chatgpt.com
3/6
",2560,"Policy Packages - Buildings Energy Efficiency
Immediate opportunities
Replacing fossil fuel boilers
with high efficiency heat
pumps can reduce energy use
by up to 75%.
By 2030, double both the
global building retrofit rate
and the coverage of building
energy codes by 2030.
NEAR-TERM
Implementing all energy
efficient measures,
electrification and low- carbon
energy could reduce total
CO2 emissions from the
sector by more than 95% by
2050.
LONG-TERM
Regulation
Targets for energy
efficiency in buildings,
including for renovation
rates, fosters market growth
and facilitates long-term
investment decisions.
Building energy codes for
new and existing buildings
can cost-effectively
accelerate the transition to
zero-carbon-ready
buildings. It is important
that they are regularly
updated to increase
coverage and stringency.
Minimum energy
efficiency requirements for
existing buildings help
guarantee performance and
accelerate the process of
renovation through
instruments such as the
standardisation of
processes.
Regulations can ensure
that buildings are equipped
with smart interactive
technologies and can
become demand response
ready.
●
●
●
●
Information
Information on building
performance allows
consumers to identify the
most efficient options when
buying or renovating
buildings. Examples include
energy performance
certificates, disclosure
programmes, one-stop
shops for upgrades and
renovation passports.
Smart interactive
technologies can show
real-time energy
performance, help adjust
occupants’ behaviour and
optimise energy use based
on signals from the grid.
Training and education
programmes for building
sector workers are
important to ensure a
suitably skilled workforce.
Public awareness
campaigns designed to
include behavioural insights
encourage low-cost
actions, such as thermostat
adjustment and use of
smart technologies.
●
●
●
●
Incentives
Financial incentives such
as green mortgages, energy
performance-based
preferential loans and tax
rebates and grants can
motivate consumers and
developers to increase
investment in energy
efficient solutions.
Expedited administrative
procedures, including
accelerated permitting,
targeted at high performing
new build or retrofit
projects, encourage the
implementation of energy
efficient measures.
Award and recognition
programmes encourage
the development of highly
energy efficient buildings.
●
●
●
09/06/2026, 09:28
Buildings – Energy Efficiency Policy Toolkit 2025 – Analysis - IEA
 
3/6",2560,2462
08_iea_policy_toolkit_building.pdf,Energy Efficiency Policy Toolkit 2025 - Buildings,IEA,relatorio_tecnico,politicas_energeticas,2025,vigente,relatório técnico,políticas de eficiência energética para edifícios,4,"Related Case Studies
Approach
Regulation
Information
Incentives
Showing 23 case studies
Australia
1993 (ongoing)
The Nationwide House
Energy Rating Scheme
(NatHERS)
Buildings
Download PDF
(https://iea.blob.core.windows.net/assets/f62e745f-1223-4a10-aef8-7a17fea5d1b5/03-Australia-TheNationw
China
2021 (ongoing)
General Code for
Building Energy
Efficiency and
Renewable Energy
Utilization (GB 55015-
2021)
Buildings
Download PDF
(https://iea.blob.core.windows.n
China
2008 (ongoing)
National Energy
Efficient Retrofit
Programme in Northern
Heating Areas
Buildings
Download PDF
(https://iea.blob.core.windows.net/assets/fddcc6b8-245f-4f03-88b0-cdfede46e0a1/09-China-NationalEne
France
2021 (ongoing)
MaPrimeRénov'
Buildings
Download PDF
(https://iea.blob.core.windows.n
South Africa
2020 (ongoing)
Energy Performance
Certificate (EPC)
Regulation
Buildings
Download PDF
(https://iea.blob.core.windows.net/assets/e6d76161-40d5-4dd3-8ed5-57b29e24a595/30-SouthAfrica-Ener
United Kingdom
2013 (ongoing)
Energy Company
Obligation
Buildings
Download PDF
(https://iea.blob.core.windows.n
Indonesia
2020 (ongoing)
Energy reporting under
the Energy
Conservation
Regulation (POME) and
information (SINERGI)
Buildings,
Industry,
Transport
Download PDF
(https://iea.blob.core.windows.net/assets/97b57f7e-0fd1-4346-893f-1ae7f501befe/22-Indonesia-Energyrep
Indonesia
2021 (ongoing)
Green Building and
Smart Building
Regulations
Buildings
Download PDF
(https://iea.blob.core.windows.n
South Africa
2013 (ongoing)
South Africa
2021 (ongoing)
09/06/2026, 09:28
Buildings – Energy Efficiency Policy Toolkit 2025 – Analysis - IEA
https://www.iea.org/reports/energy-efficiency-policy-toolkit-2025/buildings?utm_source=chatgpt.com
4/6
",1712,"Related Case Studies
Approach
Regulation
Information
Incentives
Showing 23 case studies
Australia
1993 (ongoing)
The Nationwide House
Energy Rating Scheme
(NatHERS)
Buildings
Download PDF
( 
China
2021 (ongoing)
General Code for
Building Energy
Efficiency and
Renewable Energy
Utilization (GB 55015-
2021)
Buildings
Download PDF
( 
China
2008 (ongoing)
National Energy
Efficient Retrofit
Programme in Northern
Heating Areas
Buildings
Download PDF
( 
France
2021 (ongoing)
MaPrimeRénov'
Buildings
Download PDF
( 
South Africa
2020 (ongoing)
Energy Performance
Certificate (EPC)
Regulation
Buildings
Download PDF
( 
United Kingdom
2013 (ongoing)
Energy Company
Obligation
Buildings
Download PDF
( 
Indonesia
2020 (ongoing)
Energy reporting under
the Energy
Conservation
Regulation (POME) and
information (SINERGI)
Buildings,
Industry,
Transport
Download PDF
( 
Indonesia
2021 (ongoing)
Green Building and
Smart Building
Regulations
Buildings
Download PDF
( 
South Africa
2013 (ongoing)
South Africa
2021 (ongoing)
09/06/2026, 09:28
Buildings – Energy Efficiency Policy Toolkit 2025 – Analysis - IEA
 
4/6",1712,1102
08_iea_policy_toolkit_building.pdf,Energy Efficiency Policy Toolkit 2025 - Buildings,IEA,relatorio_tecnico,politicas_energeticas,2025,vigente,relatório técnico,políticas de eficiência energética para edifícios,5,"12L Income Tax
Allowance on Energy
Efficiency Savings
Industry,
Buildings
Download PDF
(https://iea.blob.core.windows.net/assets/7bd30966-d623-4782-81c9-9e672c02271a/29-SouthAfrica-12LIn
SANS 10400-XA The
application of the
National Building
Regulations
Buildings
Download PDF
(https://iea.blob.core.windows.n
Türkiye
2017-2023
National Energy
Efficiency Action Plans
Industry,
Buildings
Download PDF
(https://iea.blob.core.windows.net/assets/032d7c21-a50d-46c6-851f-5bbdac514508/34-Turkiye-NationalEn
Australia
2010 (ongoing)
Commercial Building
Disclosure (CBD)
Programme and the
National Australian Built
Environment Rating
System (NABERS)
Buildings
Download PDF
(https://iea.blob.core.windows.n
China
(ongoing)
Shenzhen Model of Low-
Carbon City
Buildings,
Industry,
Transport
Download PDF
(https://iea.blob.core.windows.net/assets/9739774d-e488-4f55-bf66-5252760dbfbb/China_ShenzhenMod
Brazil
2025
National Labelling for
Buildings
Buildings
Download PDF
(https://iea.blob.core.windows.n
Brazil
2000 (ongoing)
Energy Efficiency
Programme
Industry,
Buildings,
Appliances
Download PDF
(https://iea.blob.core.windows.net/assets/b8c845d0-80ed-4ac5-96a5-becb5ed74f61/Brazil_EnergyEffic
Chile
2021 (ongoing)
Building Energy
Labelling
Buildings
Download PDF
(https://iea.blob.core.windows.n
Mexico
2014-2021
Mexico New Housing
Nationally Appropriate
Mitigation Action
Buildings
Download PDF
(https://iea.blob.core.windows.net/assets/ebbe4571-a6bd-4061-b979-94fb1661980f/Mexico_MexicoNewHo
European Union
2010 (ongoing)
The Global
Energiesprong Alliance
Buildings
Download PDF
(https://iea.blob.core.windows.n
India
2007 (ongoing)
Indonesia
2017-2019
09/06/2026, 09:28
Buildings – Energy Efficiency Policy Toolkit 2025 – Analysis - IEA
https://www.iea.org/reports/energy-efficiency-policy-toolkit-2025/buildings?utm_source=chatgpt.com
5/6
",1835,"12L Income Tax
Allowance on Energy
Efficiency Savings
Industry,
Buildings
Download PDF
( 
SANS 10400-XA The
application of the
National Building
Regulations
Buildings
Download PDF
( 
Türkiye
2017-2023
National Energy
Efficiency Action Plans
Industry,
Buildings
Download PDF
( 
Australia
2010 (ongoing)
Commercial Building
Disclosure (CBD)
Programme and the
National Australian Built
Environment Rating
System (NABERS)
Buildings
Download PDF
( 
China
(ongoing)
Shenzhen Model of Low-
Carbon City
Buildings,
Industry,
Transport
Download PDF
( 
Brazil
 
National Labelling for
Buildings
Buildings
Download PDF
( 
Brazil
2000 (ongoing)
Energy Efficiency
Programme
Industry,
Buildings,
Appliances
Download PDF
( 
Chile
2021 (ongoing)
Building Energy
Labelling
Buildings
Download PDF
( 
Mexico
2014-2021
Mexico New Housing
Nationally Appropriate
Mitigation Action
Buildings
Download PDF
( 
European Union
2010 (ongoing)
The Global
Energiesprong Alliance
Buildings
Download PDF
( 
India
2007 (ongoing)
Indonesia
2017-2019
09/06/2026, 09:28
Buildings – Energy Efficiency Policy Toolkit 2025 – Analysis - IEA
 
5/6",1835,1105
08_iea_policy_toolkit_building.pdf,Energy Efficiency Policy Toolkit 2025 - Buildings,IEA,relatorio_tecnico,politicas_energeticas,2025,vigente,relatório técnico,políticas de eficiência energética para edifícios,6,"Energy Conservation
and Sustainable
Building Codes
Buildings
Download PDF
(https://iea.blob.core.windows.net/assets/2a9d4783-0e4e-41a1-9dd0-335c4124a30f/India-EnergyConserv
Energy-Efficient Solar
Lamp Programme
Buildings,
Appliances
Download PDF
(https://iea.blob.core.window
New Zealand
2013 (ongoing)
Healthy Homes
Initiatives
Buildings
Download PDF
(https://iea.blob.core.windows.net/assets/2a9d4783-0e4e-41a1-9dd0-335c4124a30f/NewZealand-HealthyH
Spain
2014 (ongoing)
Fondo Nacional de
Eficiencia Energética
Buildings,
Transport,
Industry
Download PDF
(https://iea.blob.core.windows.
United States, Vermont
2000 (ongoing)
Energy Efficiency Utility
Vermont
Industry,
Buildings,
Appliances
Download PDF
(https://iea.blob.core.windows.net/assets/2a9d4783-0e4e-41a1-9dd0-335c4124a30f/UnitedStatesEnerg
Next
Appliances (/reports/energy-efficiency-policy-toolkit-
2025/appliances#abstract)
09/06/2026, 09:28
Buildings – Energy Efficiency Policy Toolkit 2025 – Analysis - IEA
https://www.iea.org/reports/energy-efficiency-policy-toolkit-2025/buildings?utm_source=chatgpt.com
6/6
",1076,"Energy Conservation
and Sustainable
Building Codes
Buildings
Download PDF
( 
Energy-Efficient Solar
Lamp Programme
Buildings,
Appliances
Download PDF
( 
New Zealand
2013 (ongoing)
Healthy Homes
Initiatives
Buildings
Download PDF
( 
Spain
2014 (ongoing)
Fondo Nacional de
Eficiencia Energética
Buildings,
Transport,
Industry
Download PDF
( 
United States, Vermont
2000 (ongoing)
Energy Efficiency Utility
Vermont
Industry,
Buildings,
Appliances
Download PDF
( 
Next
Appliances (/reports/energy-efficiency-policy-toolkit-
2025/appliances#abstract)
09/06/2026, 09:28
Buildings – Energy Efficiency Policy Toolkit 2025 – Analysis - IEA
 
6/6",1076,636
09_adasa_reuso_aguas_cinzas.pdf,Aproveitamento de Águas Pluviais e Reúso de Águas Cinzas,ADASA,manual_tecnico,agua_reuso,2025,vigente,manual técnico,reúso de águas cinzas e aproveitamento de águas pluviais,1,"  
 
 
 
 
 
Centro de Apoio ao Desenvolvimento Tecnológico 
 
 
Aproveitamento de Águas Pluviais e 
Reúso de Águas Cinzas em Edificações 
Padrões de qualidade, critérios de instalação e manutenção 
Março de 2017 
      
RELATÓRIO FINAL 1/2017  
Relatório técnico apresentado para a Agência Reguladora de Águas, Energia e Saneamento do Distrito Federal 
Convênio ADASA/UnB – DODF: 197.000.977/2015   
Autoria 
Daniel Richard Sant’Ana 
Lídia Batista Pereira Medeiros 
",467,"Centro de Apoio ao Desenvolvimento Tecnológico 
 
 
Aproveitamento de Águas Pluviais e 
Reúso de Águas Cinzas em Edificações 
Padrões de qualidade, critérios de instalação e manutenção 
Março de 2017 
 
RELATÓRIO FINAL 1/2017 
Relatório técnico apresentado para a Agência Reguladora de Águas, Energia e Saneamento do Distrito Federal 
Convênio ADASA/UnB – DODF: 197.000.977/2015 
Autoria 
Daniel Richard Sant’Ana 
Lídia Batista Pereira Medeiros",467,444
09_adasa_reuso_aguas_cinzas.pdf,Aproveitamento de Águas Pluviais e Reúso de Águas Cinzas,ADASA,manual_tecnico,agua_reuso,2025,vigente,manual técnico,reúso de águas cinzas e aproveitamento de águas pluviais,2," 
 
 
 
 
 
 
Centro de Apoio ao Desenvolvimento Tecnológico 
 
 
 
Coordenação: 
Daniel Richard Sant’Ana 
 
Chenia Rocha Figueiredo Ávila 
 
 
Consultores: 
Marco Antonio Almeida de Souza  
 
Pierre Mazzega Ciamp 
 
 
Pesquisadores: 
Bruna Valverde de Morais 
 
Claudiana Lopes Maciel 
 
Gabriel França Neves 
 
Karla Cristina Ferreira Alvares 
 
Lídia Batista Pereira Medeiros 
 
Miguel de Almeida Pereira 
 
Natália Totugui de Miranda 
 
Paula Maria Santana 
 
Susanna Almeida dos Santos 
 
 
Apoio Técnico: 
Francisco Neto da Silva Junior 
 
Valmor Cerqueira Pazos  
 
 
 
 
 
 
 
 
 
 
 
 
 
Grupo de Pesquisa Água & Ambiente Construído | Faculdade de Arquitetura e Urbanismo | Universidade de Brasília 
Instituto Central de Ciências | Campus Universitário Darcy Ribeiro | CEP: 70.904-970 | Brasília-DF 
Tel.: +55 (61) 3107-7440 | Fax: +55 (61) 3107-7723 | website: www.unb.br 
",883,"Centro de Apoio ao Desenvolvimento Tecnológico 
 
 
 
Coordenação: 
Daniel Richard Sant’Ana 
 
Chenia Rocha Figueiredo Ávila 
 
 
Consultores: 
Marco Antonio Almeida de Souza 
 
Pierre Mazzega Ciamp 
 
 
Pesquisadores: 
Bruna Valverde de Morais 
 
Claudiana Lopes Maciel 
 
Gabriel França Neves 
 
Karla Cristina Ferreira Alvares 
 
Lídia Batista Pereira Medeiros 
 
Miguel de Almeida Pereira 
 
Natália Totugui de Miranda 
 
Paula Maria Santana 
 
Susanna Almeida dos Santos 
 
 
Apoio Técnico: 
Francisco Neto da Silva Junior 
 
Valmor Cerqueira Pazos 
 
 
 
 
 
 
 
 
 
 
 
 
 
Grupo de Pesquisa Água & Ambiente Construído | Faculdade de Arquitetura e Urbanismo | Universidade de Brasília 
Instituto Central de Ciências | Campus Universitário Darcy Ribeiro | CEP: 70.904-970 | Brasília-DF 
Tel.: +55 (61) 3107-7440 | Fax: +55 (61) 3107-7723 | website:",883,854
09_adasa_reuso_aguas_cinzas.pdf,Aproveitamento de Águas Pluviais e Reúso de Águas Cinzas,ADASA,manual_tecnico,agua_reuso,2025,vigente,manual técnico,reúso de águas cinzas e aproveitamento de águas pluviais,3," 
 
 
 
 
 
 
 
 
 
 
 
 
 
 
 
 
 
 
 
 
 
 
 
 
 
Código  
Aproveitamento de águas pluviais e reúso de águas 
cinzas 
em 
edificações: 
padrões 
de 
qualidade, 
critérios de instalação e manutenção / Daniel Richard 
Sant’Ana (coordenador). Brasília, 2017. p. 
Reúso-DF: aproveitamento de águas pluviais e 
reúso de águas cinzas em edificações do Distrito 
Federal. Relatório Final 1/2017. 
ISBN  
1.Aproveitamento de águas pluviais. 2.Reúso de 
águas cinzas. 3.Conservação de água. 4.Saneamento 
Ambiental. 
5.Recursos 
Hídricos. 
6.Instalações 
Prediais. I. Sant’Ana, Daniel. II. Medeiros, Lídia 
Batista. 
CDU 
",615,"Código 
Aproveitamento de águas pluviais e reúso de águas 
cinzas 
em 
edificações: 
padrões 
de 
qualidade, 
critérios de instalação e manutenção / Daniel Richard 
Sant’Ana (coordenador). Brasília, 2017. p. 
Reúso-DF: aproveitamento de águas pluviais e 
reúso de águas cinzas em edificações do Distrito 
Federal. Relatório Final 1/2017. 
ISBN 
1.Aproveitamento de águas pluviais. 2.Reúso de 
águas cinzas. 3.Conservação de água. 4.Saneamento 
Ambiental. 
5.Recursos 
Hídricos. 
6.Instalações 
Prediais. I. Sant’Ana, Daniel. II. Medeiros, Lídia 
Batista. 
CDU",615,559
09_adasa_reuso_aguas_cinzas.pdf,Aproveitamento de Águas Pluviais e Reúso de Águas Cinzas,ADASA,manual_tecnico,agua_reuso,2025,vigente,manual técnico,reúso de águas cinzas e aproveitamento de águas pluviais,5,"Sumário 
Apresentação .............................................................................................................................. 1 
1. 
Introdução ........................................................................................................................... 4 
2. 
Legislação e Instrumentos Normativos ................................................................................. 7 
3. 
Qualidade de Água Não Potável ......................................................................................... 13 
3.1. 
Fatores que afetam a qualidade de águas pluviais ................................................................... 14 
3.2. 
Fatores que afetam a qualidade de águas cinzas ..................................................................... 15 
3.3. 
Classificação de usos não potáveis de água ............................................................................. 17 
4. 
Sistemas Prediais de Água Não Potável .............................................................................. 24 
4.1. 
Rede coletora .......................................................................................................................... 24 
4.2. 
Tratamento ............................................................................................................................. 26 
4.2.1. 
Processo físico ....................................................................................................................... 27 
4.2.2. 
Processo químico .................................................................................................................. 27 
4.2.3. 
Processo biológico ................................................................................................................. 27 
4.2.4. 
Outros processos ................................................................................................................... 27 
4.3. 
Reservatório de retenção ........................................................................................................ 29 
4.4. 
Alimentação de água potável .................................................................................................. 30 
4.5. 
Bomba d’água ......................................................................................................................... 31 
4.6. 
Reservatório de distribuição ................................................................................................... 32 
4.7. 
Rede de distribuição ............................................................................................................... 33 
4.8. 
Sinalização e segurança ........................................................................................................... 33 
5. 
Aproveitamento de Águas Pluviais ..................................................................................... 35 
5.1. 
Características das águas pluviais ............................................................................................ 35 
5.2. 
Sistemas de aproveitamento de águas pluviais ....................................................................... 36 
5.2.1. 
Sistemas isolados .................................................................................................................. 38 
5.2.2. 
Sistemas integrados .............................................................................................................. 40 
5.2.3. 
Manutenção .......................................................................................................................... 41 
5.2.4. 
Análise de risco ...................................................................................................................... 42 
6. 
Reúso de Águas Cinzas ....................................................................................................... 43 
6.1. 
Características das águas cinzas .............................................................................................. 43 
6.2. 
Sistemas de reúso de águas cinzas .......................................................................................... 45 
6.2.1. 
Sistemas isolados .................................................................................................................. 45 
6.2.2. 
Sistemas integrados .............................................................................................................. 48 
6.2.3. 
Manutenção .......................................................................................................................... 49 
6.2.4. 
Análise de risco ...................................................................................................................... 50 
Referências Bibliográficas .......................................................................................................... 52 
 
 
",4885,"Sumário 
Apresentação.............................................................................................................................. 1 
1. 
Introdução........................................................................................................................... 4 
2. 
Legislação e Instrumentos Normativos................................................................................. 7 
3. 
Qualidade de Água Não Potável......................................................................................... 13 
3.1. 
Fatores que afetam a qualidade de águas pluviais................................................................... 14 
3.2. 
Fatores que afetam a qualidade de águas cinzas..................................................................... 15 
3.3. 
Classificação de usos não potáveis de água............................................................................. 17 
4. 
Sistemas Prediais de Água Não Potável.............................................................................. 24 
4.1. 
Rede coletora.......................................................................................................................... 24 
4.2. 
Tratamento............................................................................................................................. 26 
4.2.1. 
Processo físico....................................................................................................................... 27 
4.2.2. 
Processo químico.................................................................................................................. 27 
4.2.3. 
Processo biológico................................................................................................................. 27 
4.2.4. 
Outros processos................................................................................................................... 27 
4.3. 
Reservatório de retenção........................................................................................................ 29 
4.4. 
Alimentação de água potável.................................................................................................. 30 
4.5. 
Bomba d’água......................................................................................................................... 31 
4.6. 
Reservatório de distribuição................................................................................................... 32 
4.7. 
Rede de distribuição............................................................................................................... 33 
4.8. 
Sinalização e segurança........................................................................................................... 33 
5. 
Aproveitamento de Águas Pluviais..................................................................................... 35 
5.1. 
Características das águas pluviais............................................................................................ 35 
5.2. 
Sistemas de aproveitamento de águas pluviais....................................................................... 36 
5.2.1. 
Sistemas isolados.................................................................................................................. 38 
5.2.2. 
Sistemas integrados.............................................................................................................. 40 
5.2.3. 
Manutenção.......................................................................................................................... 41 
5.2.4. 
Análise de risco...................................................................................................................... 42 
6. 
Reúso de Águas Cinzas....................................................................................................... 43 
6.1. 
Características das águas cinzas.............................................................................................. 43 
6.2. 
Sistemas de reúso de águas cinzas.......................................................................................... 45 
6.2.1. 
Sistemas isolados.................................................................................................................. 45 
6.2.2. 
Sistemas integrados.............................................................................................................. 48 
6.2.3. 
Manutenção.......................................................................................................................... 49 
6.2.4. 
Análise de risco...................................................................................................................... 50 
Referências Bibliográficas.......................................................................................................... 52",4885,4844
09_adasa_reuso_aguas_cinzas.pdf,Aproveitamento de Águas Pluviais e Reúso de Águas Cinzas,ADASA,manual_tecnico,agua_reuso,2025,vigente,manual técnico,reúso de águas cinzas e aproveitamento de águas pluviais,7,"Lista de Figuras 
Figura 1: Fotos gram-negativas de E. coli (a), S. typhi (b), Staphylococcus (c), Clostridium (d), 
Bacillus (e) e ovo de Ancylostoma duodenale (f) encontrados em água cinza bruta. ....................... 17 
Figura 2: Fluxograma conceitual das instalações prediais de sistemas de água não potável. ......... 24 
Figura 3: Elementos de inspeção instalados próximos aos condutores verticais para manutenção. 24 
Figura 4: Coluna de ventilação do ramal de esgoto de águas cinzas separada. ............................... 25 
Figura 5: Coluna de ventilação do ramal de esgoto de águas cinzas compartilhada. ...................... 26 
Figura 6: Exemplo de configuração by-pass à jusante do sistema de tratamento de águas cinzas .. 26 
Figura 7: Esquema de separação atmosférica padronizada. ............................................................. 30 
Figura 8: Exemplo de instalação de um reservatório de distribuição de água pluvial. .................... 32 
Figura 9: Símbolo gráfico de água não potável em pontos de uso. ................................................... 33 
Figura 10: Configuração hidráulica de reservatórios de retenção (cisternas) de águas pluviais .... 36 
Figura 11: Exemplo de filtros pluviais instalados em condutores verticais (a), condutores horizontais 
(b), ou dentro do reservatório (c). ..................................................................................................... 37 
Figura 12: Sistema isolado da edificação para o aproveitamento de águas pluviais em usos externos.
............................................................................................................................................................ 39 
Figura 13: Sistema integrado à edificação para o aproveitamento de águas pluviais em usos internos 
e externos. .......................................................................................................................................... 40 
Figura 14: Lavadora de alta pressão comercializada para o reúso de águas cinzas de máquinas de 
lavar roupas acumuladas em barril. .................................................................................................. 45 
Figura 15: Sistema de desvio de águas cinzas para irrigação subsuperficial por gravidade ........... 46 
Figura 16: Corte transversal detalhado de uma vala de infiltração para irrigação subsuperficial . 46 
Figura 17: Leitos cultivados de fluxo horizontal e vertical ................................................................ 47 
Figura 18: Sistema integrado à edificação para o reúso de águas cinzas em pontos internos e 
externos. ............................................................................................................................................. 48 
 
 
",2785,"Lista de Figuras 
Figura 1: Fotos gram-negativas de E. coli (a), S. typhi (b), Staphylococcus (c), Clostridium (d), 
Bacillus (e) e ovo de Ancylostoma duodenale (f) encontrados em água cinza bruta........................ 17 
Figura 2: Fluxograma conceitual das instalações prediais de sistemas de água não potável.......... 24 
Figura 3: Elementos de inspeção instalados próximos aos condutores verticais para manutenção. 24 
Figura 4: Coluna de ventilação do ramal de esgoto de águas cinzas separada................................ 25 
Figura 5: Coluna de ventilação do ramal de esgoto de águas cinzas compartilhada....................... 26 
Figura 6: Exemplo de configuração by-pass à jusante do sistema de tratamento de águas cinzas.. 26 
Figura 7: Esquema de separação atmosférica padronizada.............................................................. 30 
Figura 8: Exemplo de instalação de um reservatório de distribuição de água pluvial..................... 32 
Figura 9: Símbolo gráfico de água não potável em pontos de uso.................................................... 33 
Figura 10: Configuração hidráulica de reservatórios de retenção (cisternas) de águas pluviais.... 36 
Figura 11: Exemplo de filtros pluviais instalados em condutores verticais (a), condutores horizontais 
(b), ou dentro do reservatório (c)...................................................................................................... 37 
Figura 12: Sistema isolado da edificação para o aproveitamento de águas pluviais em usos externos............................................................................................................................................................. 39 
Figura 13: Sistema integrado à edificação para o aproveitamento de águas pluviais em usos internos 
e externos........................................................................................................................................... 40 
Figura 14: Lavadora de alta pressão comercializada para o reúso de águas cinzas de máquinas de 
lavar roupas acumuladas em barril................................................................................................... 45 
Figura 15: Sistema de desvio de águas cinzas para irrigação subsuperficial por gravidade........... 46 
Figura 16: Corte transversal detalhado de uma vala de infiltração para irrigação subsuperficial. 46 
Figura 17: Leitos cultivados de fluxo horizontal e vertical................................................................ 47 
Figura 18: Sistema integrado à edificação para o reúso de águas cinzas em pontos internos e 
externos.............................................................................................................................................. 48",2785,2762
09_adasa_reuso_aguas_cinzas.pdf,Aproveitamento de Águas Pluviais e Reúso de Águas Cinzas,ADASA,manual_tecnico,agua_reuso,2025,vigente,manual técnico,reúso de águas cinzas e aproveitamento de águas pluviais,9,"Lista de Tabelas 
Tabela 1: Tipos de contaminantes presentes em água de chuva. ...................................................... 15 
Tabela 2: Qualidade de água para usos restritivos não potáveis segundo ABNT NBR 15527. ........ 18 
Tabela 3: Qualidade de água por classe de uso não potável segundo ABNT NBR 13969. ............... 18 
Tabela 4: Qualidade de água por classe de uso não potável segundo ANA et al. (2005) ................. 19 
Tabela 5: Parâmetros de qualidade da água por uso não potável na literatura internacional. ....... 20 
Tabela 6: Categorias de usos finais não potáveis em edificações. .................................................... 22 
Tabela 7: Parâmetros de qualidade para usos não potáveis em edificações. ................................... 22 
Tabela 8: Remoção de poluentes da água de acordo com o tratamento ........................................... 28 
Tabela 9: Recomendações para identificação de tubulações de instalações hidráulicas prediais. .. 34 
Tabela 10: Características das águas pluviais .................................................................................. 36 
Tabela 11: Frequência de manutenção das atividades para sistemas de aproveitamento de águas 
pluviais. .............................................................................................................................................. 41 
Tabela 12: Características da água distribuída no DF ..................................................................... 43 
Tabela 13: Parâmetros físico-químicos e microbiológicos encontrados em águas cinzas. .............. 44 
Tabela 14: Frequência de manutenção de sistemas de reúso de águas cinzas ................................. 49 
 
",1726,"Lista de Tabelas 
Tabela 1: Tipos de contaminantes presentes em água de chuva....................................................... 15 
Tabela 2: Qualidade de água para usos restritivos não potáveis segundo ABNT NBR 15527......... 18 
Tabela 3: Qualidade de água por classe de uso não potável segundo ABNT NBR 13969................ 18 
Tabela 4: Qualidade de água por classe de uso não potável segundo ANA et al. (2005)................. 19 
Tabela 5: Parâmetros de qualidade da água por uso não potável na literatura internacional........ 20 
Tabela 6: Categorias de usos finais não potáveis em edificações..................................................... 22 
Tabela 7: Parâmetros de qualidade para usos não potáveis em edificações.................................... 22 
Tabela 8: Remoção de poluentes da água de acordo com o tratamento........................................... 28 
Tabela 9: Recomendações para identificação de tubulações de instalações hidráulicas prediais... 34 
Tabela 10: Características das águas pluviais.................................................................................. 36 
Tabela 11: Frequência de manutenção das atividades para sistemas de aproveitamento de águas 
pluviais............................................................................................................................................... 41 
Tabela 12: Características da água distribuída no DF..................................................................... 43 
Tabela 13: Parâmetros físico-químicos e microbiológicos encontrados em águas cinzas............... 44 
Tabela 14: Frequência de manutenção de sistemas de reúso de águas cinzas................................. 49",1726,1708
09_adasa_reuso_aguas_cinzas.pdf,Aproveitamento de Águas Pluviais e Reúso de Águas Cinzas,ADASA,manual_tecnico,agua_reuso,2025,vigente,manual técnico,reúso de águas cinzas e aproveitamento de águas pluviais,11,"Terminologia 
Água cinzas: Efluentes gerados nos processos de limpeza e lavagem.  
Águas cinzas claras: Efluentes domésticos provenientes de chuveiros, lavatórios e lavanderia. 
Águas cinzas escuras: Efluentes domésticos provenientes de cozinha que contém óleo, gordura e 
restos de comida. 
Água de reúso: Água residuária, que se encontra dentro dos padrões de qualidade para sua utilização 
nas modalidades pretendidas. 
Água não potável: Água que não atende os parâmetros de qualidade estabelecidos pela Portaria nº 
2914/2011 do Ministério da Saúde, mas que pode ser utilizada em fins não potáveis como irrigação, 
limpeza, lavagem, descarga sanitária, elementos paisagísticos, combate a incêndio, torres de 
resfriamento, entre outros. 
Águas negras: Água residual proveniente de descargas sanitárias. 
Águas pluviais: Água provinda das chuvas e demais precipitações atmosféricas. 
Água potável: Água própria para beber e preparar alimentos cujos parâmetros de qualidade atendem 
à Portaria nº 2914/2011 do Ministério da Saúde. 
Águas residuárias: Esgoto, água descartada, efluentes líquidos de edificações, tratados ou não. 
Água tratada: Água submetida a processos físicos, químicos e/ou biológicos para alcançar um 
determinado nível de qualidade das modalidades pretendidas. 
Aproveitamento de águas pluviais: Utilização da água de chuva em usos não potáveis. 
By-Pass: Configuração hidráulica que permite o desvio de efluente por um caminho alternativo ao 
principal. 
Caixa de inspeção: Caixa destinada a permitir a inspeção, limpeza, desobstrução, junção, mudanças 
de declividade e/ou direção de tubulações.  
Desconector: Dispositivo com fecho hídrico que veda a passagem de gases das canalizações do 
efluente. 
Dispositivo de inspeção: Peça ou recipiente para inspeção, limpeza e desobstrução de tubulações. 
Fecho hídrico: Camada líquida de nível constante que veda a passagem de gases.  
Qualidade de água: É um conjunto de características físicas, químicas e biológicas que ela apresenta 
de acordo com sua utilização. 
Rede coletora de água: Conjunto de tubulações responsáveis pela coleta e transporte de água para 
tratamento e/ou armazenamento. 
Rede de distribuição de água: Conjunto de tubulações responsáveis pela distribuição de água a 
pontos de uso. 
",2280,"Terminologia 
Água cinzas: Efluentes gerados nos processos de limpeza e lavagem. 
Águas cinzas claras: Efluentes domésticos provenientes de chuveiros, lavatórios e lavanderia. 
Águas cinzas escuras: Efluentes domésticos provenientes de cozinha que contém óleo, gordura e 
restos de comida. 
Água de reúso: Água residuária, que se encontra dentro dos padrões de qualidade para sua utilização 
nas modalidades pretendidas. 
Água não potável: Água que não atende os parâmetros de qualidade estabelecidos pela Portaria nº 
2914/2011 do Ministério da Saúde, mas que pode ser utilizada em fins não potáveis como irrigação, 
limpeza, lavagem, descarga sanitária, elementos paisagísticos, combate a incêndio, torres de 
resfriamento, entre outros. 
Águas negras: Água residual proveniente de descargas sanitárias. 
Águas pluviais: Água provinda das chuvas e demais precipitações atmosféricas. 
Água potável: Água própria para beber e preparar alimentos cujos parâmetros de qualidade atendem 
à Portaria nº 2914/2011 do Ministério da Saúde. 
Águas residuárias: Esgoto, água descartada, efluentes líquidos de edificações, tratados ou não. 
Água tratada: Água submetida a processos físicos, químicos e/ou biológicos para alcançar um 
determinado nível de qualidade das modalidades pretendidas. 
Aproveitamento de águas pluviais: Utilização da água de chuva em usos não potáveis. 
By-Pass: Configuração hidráulica que permite o desvio de efluente por um caminho alternativo ao 
principal. 
Caixa de inspeção: Caixa destinada a permitir a inspeção, limpeza, desobstrução, junção, mudanças 
de declividade e/ou direção de tubulações. 
Desconector: Dispositivo com fecho hídrico que veda a passagem de gases das canalizações do 
efluente. 
Dispositivo de inspeção: Peça ou recipiente para inspeção, limpeza e desobstrução de tubulações. 
Fecho hídrico: Camada líquida de nível constante que veda a passagem de gases. 
Qualidade de água: É um conjunto de características físicas, químicas e biológicas que ela apresenta 
de acordo com sua utilização. 
Rede coletora de água: Conjunto de tubulações responsáveis pela coleta e transporte de água para 
tratamento e/ou armazenamento. 
Rede de distribuição de água: Conjunto de tubulações responsáveis pela distribuição de água a 
pontos de uso.",2280,2275
09_adasa_reuso_aguas_cinzas.pdf,Aproveitamento de Águas Pluviais e Reúso de Águas Cinzas,ADASA,manual_tecnico,agua_reuso,2025,vigente,manual técnico,reúso de águas cinzas e aproveitamento de águas pluviais,12,"Reservatório de retenção: Reservatório utilizado para acumular e armazenar água tratada à 
montante da rede de distribuição. 
Reservatório de distribuição: Reservatório utilizado para a distribuição indireta de água tratada para 
pontos de uso não potável na edificação.  
Reúso de água: Utilização de águas residuárias. 
Reúso de águas cinzas: Reutilização de efluentes gerados nos processos de limpeza e lavagem em 
usos não potáveis. 
Sistema predial de água não potável: Instalação hidrossanitária que faz uso de fontes alternativas 
de água para abastecimento distinto em usos não potáveis.  Sistema descentralizado de abastecimento 
capaz de promover conservação de água em edificações. 
Usos não potáveis:  Uso de água que não atende aos parâmetros de potabilidade, mas que a sua 
qualidade seja adequada a usos específicos como irrigação, limpeza, lavagem, descarga sanitária, 
elementos paisagísticos, combate a incêndio, torres de resfriamento, entre outros.  
",971,"Reservatório de retenção: Reservatório utilizado para acumular e armazenar água tratada à 
montante da rede de distribuição. 
Reservatório de distribuição: Reservatório utilizado para a distribuição indireta de água tratada para 
pontos de uso não potável na edificação. 
Reúso de água: Utilização de águas residuárias. 
Reúso de águas cinzas: Reutilização de efluentes gerados nos processos de limpeza e lavagem em 
usos não potáveis. 
Sistema predial de água não potável: Instalação hidrossanitária que faz uso de fontes alternativas 
de água para abastecimento distinto em usos não potáveis. Sistema descentralizado de abastecimento 
capaz de promover conservação de água em edificações. 
Usos não potáveis: Uso de água que não atende aos parâmetros de potabilidade, mas que a sua 
qualidade seja adequada a usos específicos como irrigação, limpeza, lavagem, descarga sanitária, 
elementos paisagísticos, combate a incêndio, torres de resfriamento, entre outros.",971,965
09_adasa_reuso_aguas_cinzas.pdf,Aproveitamento de Águas Pluviais e Reúso de Águas Cinzas,ADASA,manual_tecnico,agua_reuso,2025,vigente,manual técnico,reúso de águas cinzas e aproveitamento de águas pluviais,13," 
 
 
1 
Padrões de qualidade, critérios de instalação e manutenção 
Apresentação 
Aproveitar a água da chuva de telhados ou até mesmo reutilizar água do enxague de máquinas de 
lavar roupa para molhar jardins e lavar pisos, é uma prática comum que vem sendo realizada há anos 
em muitas residências brasileiras de maneira rústica, como alternativa para reduzir os gastos com a 
conta de água. No desenrolar das últimas duas décadas, houve um aumento na procura e na oferta de 
sistemas hidráulicos que facilitem o aproveitamento de águas pluviais e o reúso de águas cinzas em 
diversos usos não-potáveis nas mais variadas tipologias de edificações. No Brasil, a comercialização 
de sistemas de aproveitamento de águas pluviais e de reúso de águas cinzas iniciou-se no começo dos 
anos 2000 e, mesmo com uma viabilidade ainda não-comprovada, observamos, a cada ano, 
edificações implementando estes sistemas prediais de água não-potável em prol da sustentabilidade. 
Dessa maneira, surge um novo modelo de abastecimento descentralizado no país, que faz uso de 
fontes alternativas de água em usos não-potáveis. Sistemas de aproveitamento de águas pluviais e de 
reúso de águas cinzas são capazes de promover reduções significativas no consumo predial e de 
garantir um abastecimento contínuo nas principais atividades consumidoras de água em caso de cortes 
no abastecimento público - como foi observado na crise hídrica de 2014 que assolou a região sudeste 
do país. Esta medida, tomada em larga escala, é capaz de reduzir os impactos gerados pela exploração 
de recursos hídricos. Se de um lado, a prática do aproveitamento e do reúso de água é impulsionada 
por questões relativas à baixa disponibilidade hídrica e pelo constante aumento na demanda por água, 
de outro lado, seus custos de investimento podem gerar uma barreira para sua implementação. 
Apesar da ausência de incentivos fiscais e econômicos para subsidiar uma rápida disseminação destas 
tecnologias, o poder legislativo e os órgãos públicos (federais, estaduais e municipais) vêm 
apresentando uma série de leis e resoluções que estimulam, direta ou indiretamente, o aproveitamento 
de águas pluviais e o reúso de água em edificações. Como por exemplo, a Resolução nº 54/2005 do 
Conselho Nacional de Recursos Hídricos, que oferece um respaldo legal para a prática do reúso de 
água no ambiente construído. Ou no caso do Distrito Federal, com Leis Distritais que tornam 
obrigatório a captação, armazenamento e utilização das águas pluviais em novas construções urbanas 
para a concessão de habite-se. 
Com isso, gestores públicos vêm direcionando sua atenção a essa nova realidade com o intuito de 
avaliar o nível de contribuição que estas tecnologias são capazes de promover nos serviços de 
saneamento e na gestão sustentável de recursos hídricos. O sucesso destes sistemas depende, não 
apenas de fatores econômicos, mas também da saúde e bem-estar de usuários, que está diretamente 
ligada aos critérios de segurança e qualidade de água, operação e manutenção do sistema hidráulico. 
Em prática, observa-se que proprietários, empreiteiros, projetistas e gestores prediais têm tido 
relativamente pouca orientação sobre os cuidados necessários para o aproveitamento de águas 
pluviais e para o reúso de águas cinzas em edificações, o que dificulta a tomada de decisões sobre a 
seleção e concepção dos sistemas, podendo levar, à sua rejeição ou a uma instalação predial 
inadequada. 
",3459,"Padrões de qualidade, critérios de instalação e manutenção 
Apresentação 
Aproveitar a água da chuva de telhados ou até mesmo reutilizar água do enxague de máquinas de 
lavar roupa para molhar jardins e lavar pisos, é uma prática comum que vem sendo realizada há anos 
em muitas residências brasileiras de maneira rústica, como alternativa para reduzir os gastos com a 
conta de água. No desenrolar das últimas duas décadas, houve um aumento na procura e na oferta de 
sistemas hidráulicos que facilitem o aproveitamento de águas pluviais e o reúso de águas cinzas em 
diversos usos não-potáveis nas mais variadas tipologias de edificações. No Brasil, a comercialização 
de sistemas de aproveitamento de águas pluviais e de reúso de águas cinzas iniciou-se no começo dos 
anos 2000 e, mesmo com uma viabilidade ainda não-comprovada, observamos, a cada ano, 
edificações implementando estes sistemas prediais de água não-potável em prol da sustentabilidade. 
Dessa maneira, surge um novo modelo de abastecimento descentralizado no país, que faz uso de 
fontes alternativas de água em usos não-potáveis. Sistemas de aproveitamento de águas pluviais e de 
reúso de águas cinzas são capazes de promover reduções significativas no consumo predial e de 
garantir um abastecimento contínuo nas principais atividades consumidoras de água em caso de cortes 
no abastecimento público - como foi observado na crise hídrica de 2014 que assolou a região sudeste 
do país. Esta medida, tomada em larga escala, é capaz de reduzir os impactos gerados pela exploração 
de recursos hídricos. Se de um lado, a prática do aproveitamento e do reúso de água é impulsionada 
por questões relativas à baixa disponibilidade hídrica e pelo constante aumento na demanda por água, 
de outro lado, seus custos de investimento podem gerar uma barreira para sua implementação. 
Apesar da ausência de incentivos fiscais e econômicos para subsidiar uma rápida disseminação destas 
tecnologias, o poder legislativo e os órgãos públicos (federais, estaduais e municipais) vêm 
apresentando uma série de leis e resoluções que estimulam, direta ou indiretamente, o aproveitamento 
de águas pluviais e o reúso de água em edificações. Como por exemplo, a Resolução nº 54/2005 do 
Conselho Nacional de Recursos Hídricos, que oferece um respaldo legal para a prática do reúso de 
água no ambiente construído. Ou no caso do Distrito Federal, com Leis Distritais que tornam 
obrigatório a captação, armazenamento e utilização das águas pluviais em novas construções urbanas 
para a concessão de habite-se. 
Com isso, gestores públicos vêm direcionando sua atenção a essa nova realidade com o intuito de 
avaliar o nível de contribuição que estas tecnologias são capazes de promover nos serviços de 
saneamento e na gestão sustentável de recursos hídricos. O sucesso destes sistemas depende, não 
apenas de fatores econômicos, mas também da saúde e bem-estar de usuários, que está diretamente 
ligada aos critérios de segurança e qualidade de água, operação e manutenção do sistema hidráulico. 
Em prática, observa-se que proprietários, empreiteiros, projetistas e gestores prediais têm tido 
relativamente pouca orientação sobre os cuidados necessários para o aproveitamento de águas 
pluviais e para o reúso de águas cinzas em edificações, o que dificulta a tomada de decisões sobre a 
seleção e concepção dos sistemas, podendo levar, à sua rejeição ou a uma instalação predial 
inadequada.",3459,3448
09_adasa_reuso_aguas_cinzas.pdf,Aproveitamento de Águas Pluviais e Reúso de Águas Cinzas,ADASA,manual_tecnico,agua_reuso,2025,vigente,manual técnico,reúso de águas cinzas e aproveitamento de águas pluviais,14," 
2 
Aproveitamento de águas pluviais e reúso de águas cinzas em edificações 
Este documento é o segundo de uma série de relatórios resultantes do projeto de pesquisa Reúso-DF, 
fruto de um convênio entre a Agência Reguladora de Águas, Energia e Saneamento do Distrito 
Federal – ADASA e a Universidade de Brasília – UnB, que busca verificar a viabilidade de sistemas 
prediais voltados ao aproveitamento de águas pluviais e reúso de águas cinzas nas diferentes 
tipologias edilícias do Distrito Federal. O projeto de pesquisa Reúso-DF está dividido em duas fases 
para uma análise de viabilidade de diferentes sistemas prediais de aproveitamento de águas pluviais 
e de reúso de águas cinzas em diversas tipologias de edificações urbanas, categorizadas de acordo 
com sua função: 
• Fase I: Edificações Residenciais 
- Edificações Residenciais Unifamiliares 
- Edificações Residenciais Multifamiliares 
 
• Fase II: Edificações Não-Residenciais 
- Edificações Hoteleiras 
- Edificações Comerciais 
- Edificações de Escritórios 
- Edificações de Ensino 
- Edificações de Saúde 
- Edificações de Transporte 
- Edificações Industriais 
Os resultados desta pesquisa servirão de respaldo para regulamentação e uma possível normatização 
desta prática, apresentando subsídios técnicos para a construção de uma política pública voltada à 
gestão da demanda urbana de água, desenvolvimento de um guia de boas-práticas e ferramentas 
online que possam auxiliar a população geral na tomada de decisões para a implementação de 
sistemas de aproveitamento de águas pluviais e reúso de águas cinzas. 
Dentro deste contexto, este trabalho apresenta os resultados da primeira fase do projeto Reúso-DF, 
que tem como objetivo analisar a viabilidade técnica, econômica e ambiental de sistemas de 
aproveitamento de águas pluviais (AAP) e de reúso de águas cinzas (RAC) em edificações 
residenciais do Distrito Federal. 
Água pluvial, ou água de chuva, é um recurso renovável que abastece, direta ou indiretamente, 
reservatórios, rios e aquíferos com água doce. O aproveitamento de águas pluviais é um conceito 
simples, que, ao invés de deixar escoar, a água da chuva captada por uma superfície impermeável é 
armazenada e utilizada como fonte alternativa de abastecimento. O termo ‘reúso’ ou ‘reutilização’ é 
popularmente usado para expressar o aproveitamento de águas pluviais em edificações. Porém, é 
importante ressaltar que águas pluviais não são submetidas ao reúso, pois ainda não foram utilizadas. 
Em função da qualidade da água, este projeto tem foco na captação de águas pluviais de coberturas 
para aproveitamento em usos não-potáveis. 
Águas cinzas são efluentes gerados nos processos de limpeza e lavagem. O reúso de águas cinzas é 
um conceito que está relacionado ao reaproveitamento de efluentes domésticos com baixo grau de 
contaminação, provenientes de chuveiros, lavatórios e lavanderia. Efluentes de pias de cozinha e 
máquinas de lavar louças contém um alto índice de carga orgânica de restos de comida e de gordura, 
",3028,"Aproveitamento de águas pluviais e reúso de águas cinzas em edificações 
Este documento é o segundo de uma série de relatórios resultantes do projeto de pesquisa Reúso-DF, 
fruto de um convênio entre a Agência Reguladora de Águas, Energia e Saneamento do Distrito 
Federal – ADASA e a Universidade de Brasília – UnB, que busca verificar a viabilidade de sistemas 
prediais voltados ao aproveitamento de águas pluviais e reúso de águas cinzas nas diferentes 
tipologias edilícias do Distrito Federal. O projeto de pesquisa Reúso-DF está dividido em duas fases 
para uma análise de viabilidade de diferentes sistemas prediais de aproveitamento de águas pluviais 
e de reúso de águas cinzas em diversas tipologias de edificações urbanas, categorizadas de acordo 
com sua função: 
• Fase I: Edificações Residenciais 
- Edificações Residenciais Unifamiliares 
- Edificações Residenciais Multifamiliares 
 
• Fase II: Edificações Não-Residenciais 
- Edificações Hoteleiras 
- Edificações Comerciais 
- Edificações de Escritórios 
- Edificações de Ensino 
- Edificações de Saúde 
- Edificações de Transporte 
- Edificações Industriais 
Os resultados desta pesquisa servirão de respaldo para regulamentação e uma possível normatização 
desta prática, apresentando subsídios técnicos para a construção de uma política pública voltada à 
gestão da demanda urbana de água, desenvolvimento de um guia de boas-práticas e ferramentas 
online que possam auxiliar a população geral na tomada de decisões para a implementação de 
sistemas de aproveitamento de águas pluviais e reúso de águas cinzas. 
Dentro deste contexto, este trabalho apresenta os resultados da primeira fase do projeto Reúso-DF, 
que tem como objetivo analisar a viabilidade técnica, econômica e ambiental de sistemas de 
aproveitamento de águas pluviais (AAP) e de reúso de águas cinzas (RAC) em edificações 
residenciais do Distrito Federal. 
Água pluvial, ou água de chuva, é um recurso renovável que abastece, direta ou indiretamente, 
reservatórios, rios e aquíferos com água doce. O aproveitamento de águas pluviais é um conceito 
simples, que, ao invés de deixar escoar, a água da chuva captada por uma superfície impermeável é 
armazenada e utilizada como fonte alternativa de abastecimento. O termo ‘reúso’ ou ‘reutilização’ é 
popularmente usado para expressar o aproveitamento de águas pluviais em edificações. Porém, é 
importante ressaltar que águas pluviais não são submetidas ao reúso, pois ainda não foram utilizadas. 
Em função da qualidade da água, este projeto tem foco na captação de águas pluviais de coberturas 
para aproveitamento em usos não-potáveis. 
Águas cinzas são efluentes gerados nos processos de limpeza e lavagem. O reúso de águas cinzas é 
um conceito que está relacionado ao reaproveitamento de efluentes domésticos com baixo grau de 
contaminação, provenientes de chuveiros, lavatórios e lavanderia. Efluentes de pias de cozinha e 
máquinas de lavar louças contém um alto índice de carga orgânica de restos de comida e de gordura,",3028,3021
09_adasa_reuso_aguas_cinzas.pdf,Aproveitamento de Águas Pluviais e Reúso de Águas Cinzas,ADASA,manual_tecnico,agua_reuso,2025,vigente,manual técnico,reúso de águas cinzas e aproveitamento de águas pluviais,15," 
 
 
3 
Padrões de qualidade, critérios de instalação e manutenção 
o que exige um tratamento elevado para seu reúso – o mesmo tipo de tratamento voltado para o reúso 
de águas residuárias. Portanto, os efluentes dessas fontes foram desconsiderados para análise, por 
fugir do escopo da pesquisa. Este relatório não contém informações relativas ao tratamento de águas 
residuárias para reúso não-potável. 
O estudo tem como foco para análise, sistemas AAP e RAC descentralizados, que realizam o 
aproveitamento de águas pluviais ou de reúso de águas cinzas a nível da edificação, e desconsidera 
sistemas centralizados de grande escala – estações de tratamento para abastecimento público. Vale a 
pena ressaltar que águas pluviais e águas cinzas, podem passar por processos de tratamento de água 
capazes de alcançar níveis de potabilidade para consumo humano segundo critérios estabelecidos pela 
Portaria nº 2.914/2011 do Ministério da Saúde. Porém, dadas as restrições estabelecidas pela Lei 
Federal nº 11.445/2007, que proíbe a ligação de fontes alternativas de abastecimento de água em 
instalações prediais urbanas conectadas à rede pública, este relatório não aborda esta temática. 
Esta investigação, de caráter imparcial, não pretende recomendar ou desacreditar qualquer tipo de 
sistema em particular, mas sim, de fornecer informações e orientações gerais para apoiar na tomada 
de decisões voltadas para a regulamentação da prática do aproveitamento de águas pluviais e do reúso 
de águas cinzas. 
 
",1513,"Padrões de qualidade, critérios de instalação e manutenção 
o que exige um tratamento elevado para seu reúso – o mesmo tipo de tratamento voltado para o reúso 
de águas residuárias. Portanto, os efluentes dessas fontes foram desconsiderados para análise, por 
fugir do escopo da pesquisa. Este relatório não contém informações relativas ao tratamento de águas 
residuárias para reúso não-potável. 
O estudo tem como foco para análise, sistemas AAP e RAC descentralizados, que realizam o 
aproveitamento de águas pluviais ou de reúso de águas cinzas a nível da edificação, e desconsidera 
sistemas centralizados de grande escala – estações de tratamento para abastecimento público. Vale a 
pena ressaltar que águas pluviais e águas cinzas, podem passar por processos de tratamento de água 
capazes de alcançar níveis de potabilidade para consumo humano segundo critérios estabelecidos pela 
Portaria nº 2.914/2011 do Ministério da Saúde. Porém, dadas as restrições estabelecidas pela Lei 
Federal nº 11.445/2007, que proíbe a ligação de fontes alternativas de abastecimento de água em 
instalações prediais urbanas conectadas à rede pública, este relatório não aborda esta temática. 
Esta investigação, de caráter imparcial, não pretende recomendar ou desacreditar qualquer tipo de 
sistema em particular, mas sim, de fornecer informações e orientações gerais para apoiar na tomada 
de decisões voltadas para a regulamentação da prática do aproveitamento de águas pluviais e do reúso 
de águas cinzas.",1513,1500
09_adasa_reuso_aguas_cinzas.pdf,Aproveitamento de Águas Pluviais e Reúso de Águas Cinzas,ADASA,manual_tecnico,agua_reuso,2025,vigente,manual técnico,reúso de águas cinzas e aproveitamento de águas pluviais,16," 
4 
Aproveitamento de águas pluviais e reúso de águas cinzas em edificações 
1. Introdução 
O Distrito Federal vivenciou uma crise hídrica sem precedentes em sua história. A seca de 2016 
reduziu drasticamente os níveis dos principais reservatórios do Distrito Federal, fazendo com que a 
Barragem do Descoberto, que abastece cerca de 65% da região, chegasse a menos de 20% de sua 
capacidade (ADASA, 2016) . Como uma medida emergencial, iniciou-se um regime de racionamento 
por rodízio de abastecimento em algumas regiões do Distrito Federal e de reestruturação tarifária por 
contingência fiscal até que se alcance um nível satisfatório de água nos reservatórios para garantir a 
segurança hídrica da região (CAESB, 2016a). Estas medidas de curto prazo, são paliativas ao 
verdadeiro problema sendo enfrentado. A realidade, é que o Distrito Federal apresenta uma 
disponibilidade hídrica limitada para sua crescente demanda por água.  
Nos últimos anos, a concessionária vem operando no limite de sua capacidade de produção, sem 
margem de segurança. Evidentemente, qualquer aumento drástico no consumo de água ou redução 
significativa no regime de chuva, pode gerar um colapso em partes do sistema público de 
abastecimento. Ao atingir níveis preocupantes, grandes investimentos estão sendo realizados para a 
construção de novos sistemas produtores de água, elevando cada vez mais o volume de extração de 
água dos recursos hídricos locais. Para atender às necessidades da crescente demanda urbana, a 
concessionária local está promovendo a construção de novos sistemas produtores para captação de 
água no Ribeirão Bananal, Lago Paranoá e na Usina Hidroelétrica Corumbá IV (CAESB, 2014).  
Observa-se, entretanto, que a gestão dos recursos hídricos no Distrito Federal está focada em uma 
abordagem voltada para a oferta de água. Ou seja, na medida em que a demanda cresce, novas fontes 
hídricas são exploradas para suprir o consumo urbano de água. Está comprovado que a gestão focada 
apenas na exploração de fontes hídricas pode resultar em sérios danos ambientais e desperdício 
econômico de custo capital e operacional de novos sistemas produtores de água (HERRINGTON, 
2006). Além de agredir o meio ambiente, a exploração de novas mananciais, cada vez mais distantes 
para atender demandas crescentes, geram custos adicionais à sociedade e às empresas de saneamento, 
elevando o volume de captação, tratamento e distribuição de água e pressionando o sistema de coleta 
e tratamento de esgoto sanitário.  
Torna-se imprescindível, neste momento, apresentar novas definições regulatórias para estimular a 
conservação de água pelo emprego de medidas que auxiliem o controle da demanda de água. Além 
de reduzir os impactos ambientais causados pela exploração de recursos naturais, estratégias 
conservadoras de água são capazes de minimizar a pressão em sistemas de abastecimento de água e 
de esgotamento sanitário, além de gerar economias relativas aos seus custos operacionais. Porém, 
com o intuito de subsidiar o processo de tomada de decisão regulatória, torna-se necessário analisar 
os prováveis benefícios, custos e efeitos de diferentes estratégias de conservação de água. 
Segundo VICKERS (2001, p.5), estratégias de conservação de água são compostas por “ferramentas 
específicas (tecnologias) e práticas (alteração do comportamento)... que resultam no uso mais 
eficiente da água”. A autora argumenta que o emprego de tecnologias voltadas a conservação de água 
geralmente são mais confiáveis para a obtenção de economia e controle sobre a demanda de água. 
Experiências internacionais demonstram que tecnologias voltadas ao uso não potável de água são 
",3679,"Aproveitamento de águas pluviais e reúso de águas cinzas em edificações 
1. Introdução 
O Distrito Federal vivenciou uma crise hídrica sem precedentes em sua história. A seca de 2016 
reduziu drasticamente os níveis dos principais reservatórios do Distrito Federal, fazendo com que a 
Barragem do Descoberto, que abastece cerca de 65% da região, chegasse a menos de 20% de sua 
capacidade (ADASA, 2016). Como uma medida emergencial, iniciou-se um regime de racionamento 
por rodízio de abastecimento em algumas regiões do Distrito Federal e de reestruturação tarifária por 
contingência fiscal até que se alcance um nível satisfatório de água nos reservatórios para garantir a 
segurança hídrica da região (CAESB, 2016a). Estas medidas de curto prazo, são paliativas ao 
verdadeiro problema sendo enfrentado. A realidade, é que o Distrito Federal apresenta uma 
disponibilidade hídrica limitada para sua crescente demanda por água. 
Nos últimos anos, a concessionária vem operando no limite de sua capacidade de produção, sem 
margem de segurança. Evidentemente, qualquer aumento drástico no consumo de água ou redução 
significativa no regime de chuva, pode gerar um colapso em partes do sistema público de 
abastecimento. Ao atingir níveis preocupantes, grandes investimentos estão sendo realizados para a 
construção de novos sistemas produtores de água, elevando cada vez mais o volume de extração de 
água dos recursos hídricos locais. Para atender às necessidades da crescente demanda urbana, a 
concessionária local está promovendo a construção de novos sistemas produtores para captação de 
água no Ribeirão Bananal, Lago Paranoá e na Usina Hidroelétrica Corumbá IV (CAESB, 2014). 
Observa-se, entretanto, que a gestão dos recursos hídricos no Distrito Federal está focada em uma 
abordagem voltada para a oferta de água. Ou seja, na medida em que a demanda cresce, novas fontes 
hídricas são exploradas para suprir o consumo urbano de água. Está comprovado que a gestão focada 
apenas na exploração de fontes hídricas pode resultar em sérios danos ambientais e desperdício 
econômico de custo capital e operacional de novos sistemas produtores de água (HERRINGTON, 
2006). Além de agredir o meio ambiente, a exploração de novas mananciais, cada vez mais distantes 
para atender demandas crescentes, geram custos adicionais à sociedade e às empresas de saneamento, 
elevando o volume de captação, tratamento e distribuição de água e pressionando o sistema de coleta 
e tratamento de esgoto sanitário. 
Torna-se imprescindível, neste momento, apresentar novas definições regulatórias para estimular a 
conservação de água pelo emprego de medidas que auxiliem o controle da demanda de água. Além 
de reduzir os impactos ambientais causados pela exploração de recursos naturais, estratégias 
conservadoras de água são capazes de minimizar a pressão em sistemas de abastecimento de água e 
de esgotamento sanitário, além de gerar economias relativas aos seus custos operacionais. Porém, 
com o intuito de subsidiar o processo de tomada de decisão regulatória, torna-se necessário analisar 
os prováveis benefícios, custos e efeitos de diferentes estratégias de conservação de água. 
Segundo VICKERS (2001, p.5), estratégias de conservação de água são compostas por “ferramentas 
específicas (tecnologias) e práticas (alteração do comportamento)... que resultam no uso mais 
eficiente da água”. A autora argumenta que o emprego de tecnologias voltadas a conservação de água 
geralmente são mais confiáveis para a obtenção de economia e controle sobre a demanda de água. 
Experiências internacionais demonstram que tecnologias voltadas ao uso não potável de água são",3679,3668
09_adasa_reuso_aguas_cinzas.pdf,Aproveitamento de Águas Pluviais e Reúso de Águas Cinzas,ADASA,manual_tecnico,agua_reuso,2025,vigente,manual técnico,reúso de águas cinzas e aproveitamento de águas pluviais,17," 
 
 
5 
Padrões de qualidade, critérios de instalação e manutenção 
capazes de promover reduções significativas no consumo de água em edificações, atuando como 
ferramentas de gestão no controle da demanda urbana de água (DIXON et al., 1999; YANG e 
ABBASPOUR, 2007). 
Sistemas prediais de água não potável fazem uso de fontes alternativas de água promovendo um 
abastecimento alternativo em usos que não oferecem riscos à saúde humana em edificações. Dentre 
diferentes fontes alternativas para abastecimento não potável, destacam-se as águas pluviais e as 
águas cinzas. Em geral, o aproveitamento de água pluvial é um conceito simples, que envolve a coleta, 
o armazenamento e o uso da água de chuva como uma fonte complementar de abastecimento predial. 
Já o reúso de águas cinzas, é um conceito que está relacionado à reutilização de efluentes domésticos 
com baixo grau de contaminação, como uma alternativa conservacionista para a redução do consumo 
de água potável em edificações.  
Porém, segundo De Oreo et al. (1996), a avaliação do desempenho de diferentes estratégias de 
conservação de água é dependente da compreensão dos usos finais do consumo de água. Embora uma 
variedade de estudos foi realizada em relação ao consumo doméstico de água e sua conservação nas 
edificações residenciais (LOH et al., 2002; THACKRAY et al., 1978; WEBSTER, 1972; ZHANG & 
BROWN, 2005), nenhum deles incorporou uma análise socioeconômica dos usos-finais do consumo 
doméstico de água entre as diferentes tipologias residenciais. No Brasil, a caracterização dos usos-
finais do consumo doméstico de água ainda está na sua infância e dados generalizáveis ainda não 
foram produzidos. Um estudo analisou um apartamento de baixa renda em São Paulo (ROCHA et al., 
1998), outro estimou os usos-finais do consumo de água para duas casas (GHISI e FERREIRA, 2007) 
e três prédios residenciais (GHISI e OLIVEIRA, 2007) no sul do país, e Barreto (2008) realizou 
medições em sete residências em São Paulo com faixa de consumo mensal entre 15-20m3/mês.  
Observa-se uma carência de dados específicos para os usos-finais do consumo doméstico de água 
para residências de baixa, média e alta renda para as diferentes tipologias residências brasileiras. 
Existe também, uma falta de informação em relação ao consumo doméstico de água e as 
características tipológicas residenciais brasileiras. Segundo Vieira et al. (2007, p. 193), usos-finais 
do consumo de água podem variar de “país para país, de uma região para outra região e até mesmo 
de uma residência para outra”. Para tanto, torna-se imprescindível buscar dados referentes à 
realidade local, especialmente das tipologias residenciais atípicas encontradas em Brasília. 
Internacionalmente, a caracterização dos usos-finais do consumo doméstico de água possibilitou uma 
série de investigações sobre o potencial de redução do consumo de água de uma série de estratégias 
conservadoras de água e os custos-benefícios envolvidos (MADDAUS, 1984; GRIGGS et al., 1998; 
ENVIRONMENT AGENCY, 2000; MAYER et al., 2004; PATTERSON, 2004). No Brasil, os 
estudos realizados até hoje têm sido limitados à economia de água gerada utilizando sistemas de 
aproveitamento de águas pluviais (GHISI, 2006; JÚNIOR et al., 2008) e de águas cinzas (GHISI & 
FERREIRA, 2007; GHISI & OLIVEIRA, 2007) no setor residencial.  
Ao considerar a possibilidade de adaptar o estoque de edificações residenciais existentes em Brasília 
para o aproveitamento de água pluvial ou o reúso de águas cinzas como fonte alternativa de 
abastecimento de água não potável, torna-se imprescindível uma avaliação técnica, econômica e 
ambiental para averiguar sua viabilidade. Diferentes estudos em países desenvolvidos avaliaram os 
",3734,"Padrões de qualidade, critérios de instalação e manutenção 
capazes de promover reduções significativas no consumo de água em edificações, atuando como 
ferramentas de gestão no controle da demanda urbana de água (DIXON et al., 1999; YANG e 
ABBASPOUR, 2007). 
Sistemas prediais de água não potável fazem uso de fontes alternativas de água promovendo um 
abastecimento alternativo em usos que não oferecem riscos à saúde humana em edificações. Dentre 
diferentes fontes alternativas para abastecimento não potável, destacam-se as águas pluviais e as 
águas cinzas. Em geral, o aproveitamento de água pluvial é um conceito simples, que envolve a coleta, 
o armazenamento e o uso da água de chuva como uma fonte complementar de abastecimento predial. 
Já o reúso de águas cinzas, é um conceito que está relacionado à reutilização de efluentes domésticos 
com baixo grau de contaminação, como uma alternativa conservacionista para a redução do consumo 
de água potável em edificações. 
Porém, segundo De Oreo et al. (1996), a avaliação do desempenho de diferentes estratégias de 
conservação de água é dependente da compreensão dos usos finais do consumo de água. Embora uma 
variedade de estudos foi realizada em relação ao consumo doméstico de água e sua conservação nas 
edificações residenciais (LOH et al., 2002; THACKRAY et al., 1978; WEBSTER, 1972; ZHANG & 
BROWN, 2005), nenhum deles incorporou uma análise socioeconômica dos usos-finais do consumo 
doméstico de água entre as diferentes tipologias residenciais. No Brasil, a caracterização dos usos-
finais do consumo doméstico de água ainda está na sua infância e dados generalizáveis ainda não 
foram produzidos. Um estudo analisou um apartamento de baixa renda em São Paulo (ROCHA et al., 
1998), outro estimou os usos-finais do consumo de água para duas casas (GHISI e FERREIRA, 2007) 
e três prédios residenciais (GHISI e OLIVEIRA, 2007) no sul do país, e Barreto (2008) realizou 
medições em sete residências em São Paulo com faixa de consumo mensal entre 15-20m3/mês. 
Observa-se uma carência de dados específicos para os usos-finais do consumo doméstico de água 
para residências de baixa, média e alta renda para as diferentes tipologias residências brasileiras. 
Existe também, uma falta de informação em relação ao consumo doméstico de água e as 
características tipológicas residenciais brasileiras. Segundo Vieira et al. (2007, p. 193), usos-finais 
do consumo de água podem variar de “país para país, de uma região para outra região e até mesmo 
de uma residência para outra”. Para tanto, torna-se imprescindível buscar dados referentes à 
realidade local, especialmente das tipologias residenciais atípicas encontradas em Brasília. 
Internacionalmente, a caracterização dos usos-finais do consumo doméstico de água possibilitou uma 
série de investigações sobre o potencial de redução do consumo de água de uma série de estratégias 
conservadoras de água e os custos-benefícios envolvidos (MADDAUS, 1984; GRIGGS et al., 1998; 
ENVIRONMENT AGENCY, 2000; MAYER et al., 2004; PATTERSON, 2004). No Brasil, os 
estudos realizados até hoje têm sido limitados à economia de água gerada utilizando sistemas de 
aproveitamento de águas pluviais (GHISI, 2006; JÚNIOR et al., 2008) e de águas cinzas (GHISI & 
FERREIRA, 2007; GHISI & OLIVEIRA, 2007) no setor residencial. 
Ao considerar a possibilidade de adaptar o estoque de edificações residenciais existentes em Brasília 
para o aproveitamento de água pluvial ou o reúso de águas cinzas como fonte alternativa de 
abastecimento de água não potável, torna-se imprescindível uma avaliação técnica, econômica e 
ambiental para averiguar sua viabilidade. Diferentes estudos em países desenvolvidos avaliaram os",3734,3720
09_adasa_reuso_aguas_cinzas.pdf,Aproveitamento de Águas Pluviais e Reúso de Águas Cinzas,ADASA,manual_tecnico,agua_reuso,2025,vigente,manual técnico,reúso de águas cinzas e aproveitamento de águas pluviais,18," 
6 
Aproveitamento de águas pluviais e reúso de águas cinzas em edificações 
custos e benefícios para diferentes sistemas prediais de água não potável (ex. MUSTOW et al., 1997; 
BREWER et al., 2001; ROEBUCK et al., 2010). No entanto, esses países contém uma realidade 
econômica favorável, diferente a de países em desenvolvimento. No Brasil, estudos verificaram o 
período de retorno de investimento (payback) de sistemas voltados ao aproveitamento de águas 
pluviais e reúso de águas cinzas para duas casas e três edifícios residenciais no Sul do país. Outro 
estudo realizou uma análise custo-benefício usando valor presente líquido para casas em João Pessoa 
(JÚNIOR et al., 2008). No entanto, há uma carência de informações referentes à viabilidade 
econômica no que se diz respeito às possíveis adaptações hidráulicas de edifícios residenciais 
existentes para a instalação de sistemas de aproveitamento de águas pluviais e reúso de águas cinzas, 
especialmente no que se refere à tipologia residencial típica de Brasília.  
A instalação de um sistema predial de água não potável exige um determinado nível de investimento 
por parte do proprietário do imóvel. Evidentemente, sistemas viáveis promoverão um retorno 
financeiro do investimento por meio das economias geradas pelas contas de água e esgoto. Mesmo 
assim, um alto custo de investimento pode desestimular proprietários, mesmo se o sistema for capaz 
de promover economias significativas pela conservação de água. Em prol da preservação dos recursos 
hídricos em busca de um desenvolvimento sustentável, ou até mesmo em situações de estresse 
hídrico, faz sentido promover ações que estimulem a conservação de água em edificações.  
Por um lado, incentivos fiscais e financeiros aos proprietários que utilizam sistemas prediais de água 
não potável podem subsidiar uma rápida disseminação destas tecnologias. Por outro lado, uma 
cobrança adicional relativa ao tratamento dos efluentes gerados pelos sistemas, pode gerar uma 
barreira para implementação, ao desestimular proprietários a investirem nessas tecnologias. Como 
exemplo, o lançamento de efluentes não contabilizados pelo hidrômetro da unidade, como no caso de 
sistemas de aproveitamento de águas pluviais em descarga sanitárias ou lavagem de roupas, pode 
gerar um custo adicional para a concessionária.  
Mas, se realizado em larga escala, o aproveitamento de águas pluviais ou o reúso de águas cinzas em 
edificações pode ser capaz de promover reduções significativas na demanda urbana de água e, 
consequentemente, nas despesas de exploração de recursos hídricos. Em outras palavras, as 
economias geradas pelas reduções na demanda de água podem servir de subsídio para políticas 
tarifárias voltadas à conservação de água.  
Tendo essas questões em mente, o principal objetivo desta pesquisa foi de analisar a viabilidade de 
sistemas de aproveitamento de águas pluviais e reúso de águas cinzas verificando o potencial de 
redução do consumo de água e as economias geradas nas despesas de exploração de recursos hídricos 
e, com isso, apresentar alguns princípios de políticas tarifárias voltadas ao incentivo fiscal para 
estimular o aproveitamento de águas pluviais e reúso de águas cinzas em edificações residenciais no 
Distrito Federal. 
 
",3280,"Aproveitamento de águas pluviais e reúso de águas cinzas em edificações 
custos e benefícios para diferentes sistemas prediais de água não potável (ex. MUSTOW et al., 1997; 
BREWER et al., 2001; ROEBUCK et al., 2010). No entanto, esses países contém uma realidade 
econômica favorável, diferente a de países em desenvolvimento. No Brasil, estudos verificaram o 
período de retorno de investimento (payback) de sistemas voltados ao aproveitamento de águas 
pluviais e reúso de águas cinzas para duas casas e três edifícios residenciais no Sul do país. Outro 
estudo realizou uma análise custo-benefício usando valor presente líquido para casas em João Pessoa 
(JÚNIOR et al., 2008). No entanto, há uma carência de informações referentes à viabilidade 
econômica no que se diz respeito às possíveis adaptações hidráulicas de edifícios residenciais 
existentes para a instalação de sistemas de aproveitamento de águas pluviais e reúso de águas cinzas, 
especialmente no que se refere à tipologia residencial típica de Brasília. 
A instalação de um sistema predial de água não potável exige um determinado nível de investimento 
por parte do proprietário do imóvel. Evidentemente, sistemas viáveis promoverão um retorno 
financeiro do investimento por meio das economias geradas pelas contas de água e esgoto. Mesmo 
assim, um alto custo de investimento pode desestimular proprietários, mesmo se o sistema for capaz 
de promover economias significativas pela conservação de água. Em prol da preservação dos recursos 
hídricos em busca de um desenvolvimento sustentável, ou até mesmo em situações de estresse 
hídrico, faz sentido promover ações que estimulem a conservação de água em edificações. 
Por um lado, incentivos fiscais e financeiros aos proprietários que utilizam sistemas prediais de água 
não potável podem subsidiar uma rápida disseminação destas tecnologias. Por outro lado, uma 
cobrança adicional relativa ao tratamento dos efluentes gerados pelos sistemas, pode gerar uma 
barreira para implementação, ao desestimular proprietários a investirem nessas tecnologias. Como 
exemplo, o lançamento de efluentes não contabilizados pelo hidrômetro da unidade, como no caso de 
sistemas de aproveitamento de águas pluviais em descarga sanitárias ou lavagem de roupas, pode 
gerar um custo adicional para a concessionária. 
Mas, se realizado em larga escala, o aproveitamento de águas pluviais ou o reúso de águas cinzas em 
edificações pode ser capaz de promover reduções significativas na demanda urbana de água e, 
consequentemente, nas despesas de exploração de recursos hídricos. Em outras palavras, as 
economias geradas pelas reduções na demanda de água podem servir de subsídio para políticas 
tarifárias voltadas à conservação de água. 
Tendo essas questões em mente, o principal objetivo desta pesquisa foi de analisar a viabilidade de 
sistemas de aproveitamento de águas pluviais e reúso de águas cinzas verificando o potencial de 
redução do consumo de água e as economias geradas nas despesas de exploração de recursos hídricos 
e, com isso, apresentar alguns princípios de políticas tarifárias voltadas ao incentivo fiscal para 
estimular o aproveitamento de águas pluviais e reúso de águas cinzas em edificações residenciais no 
Distrito Federal.",3280,3267
09_adasa_reuso_aguas_cinzas.pdf,Aproveitamento de Águas Pluviais e Reúso de Águas Cinzas,ADASA,manual_tecnico,agua_reuso,2025,vigente,manual técnico,reúso de águas cinzas e aproveitamento de águas pluviais,19," 
 
 
7 
Padrões de qualidade, critérios de instalação e manutenção 
2. Legislação e Instrumentos Normativos 
Apesar do Brasil não possui uma Lei Federal específica voltada ao aproveitamento de águas pluviais 
ou ao reúso de águas cinzas em edificações, este tema é abordado pela Resolução nº 54/2005 do 
Conselho Nacional de Recursos Hídricos – CNRH, estabelecendo modalidades, diretrizes e critérios 
gerais para a prática do reúso de água em usos não potáveis. Dentro do contexto urbano, o termo 
‘água residuária’ pode ser definida como todos efluentes líquidos descartados de edificações. A 
resolução define ‘reúso de água’ como a utilização de água residuária. A Resolução esclarece que o 
termo ‘água de reúso’, é toda água residuária que se encontra dentro dos padrões exigidos para sua 
utilização nas modalidades pretendidas. 
Em geral, as modalidades de reúso de água expressas na Resolução CNRH nº 54/2005 são, dentro do 
ambiente urbano, voltados para fins não potáveis em irrigação paisagística, lavagem de logradouros 
públicos e veículos, desobstrução de tubulações, construção civil, edificações e combate a incêndio. 
A Resolução não apresenta padrões de qualidade de água para reúso nestas modalidades, mas 
determina que “as diretrizes, critérios e parâmetros específicos para as modalidades de reúso 
definidas... serão estabelecidos pelos órgãos competentes” (BRASIL, 2011b, p.265). Segundo a 
Resolução, os órgãos integrantes do Sistema Nacional de Gerenciamento de Recursos Hídricos – 
SINGREH, avaliarão os efeitos sobre os corpos hídricos decorrentes da prática de reúso, devendo 
estabelecer instrumentos regulatórios e de incentivo para as diversas modalidades de reúso. 
A Resolução CNRH nº 54/2005 estabelece que os Planos de Recursos Hídricos devem contemplar, 
entre os estudos e alternativas para conservação de água, os efeitos sobre a disponibilidade hídrica 
pela a prática do reúso de água. Seu Art. 8º, determina que os Comitês de Bacia Hidrográfica devem 
considerar, na proposição de mecanismos de cobrança e de aplicação dos seus recursos provenientes 
da cobrança, incentivos para a prática do reúso de água. Segundo o Art. 8º, os Comitês de Bacia 
Hidrográfica devem integrar, no âmbito do Plano de Recursos Hídricos da Bacia, a prática de reúso 
com as ações de saneamento ambiental. 
Segundo a Resolução, a atividade de reúso de água deve ser informada, quando requerida, ao órgão 
gestor de recursos hídricos, para fins de cadastro, contemplando, no mínimo: 
• A identificação do produtor, distribuidor ou usuário; 
• Localização geográfica da origem e destinação da água de reúso; 
• Especificação da finalidade da produção e do reúso de água; e 
• Vazão e volume diário de água de reúso produzida, distribuída ou utilizada. 
De um modo geral, o Plano Nacional de Recursos Hídricos - PNRH estabelece normas federais acerca 
do gerenciamento das bacias hidrográficas, de forma que cabe aos Estados e Municípios criar leis 
específicas para o reúso e aproveitamento de águas pluviais de sua região. Como exemplo, algumas 
leis estaduais e municipais já foram sancionadas, tais como: 
• A Lei Estadual nº 6.034/2011, do Rio de Janeiro, que dispõe sobre a obrigatoriedade 
dos postos de combustíveis, lava rápidos, transportadoras e empresas de ônibus 
",3297,"Padrões de qualidade, critérios de instalação e manutenção 
2. Legislação e Instrumentos Normativos 
Apesar do Brasil não possui uma Lei Federal específica voltada ao aproveitamento de águas pluviais 
ou ao reúso de águas cinzas em edificações, este tema é abordado pela Resolução nº 54/2005 do 
Conselho Nacional de Recursos Hídricos – CNRH, estabelecendo modalidades, diretrizes e critérios 
gerais para a prática do reúso de água em usos não potáveis. Dentro do contexto urbano, o termo 
‘água residuária’ pode ser definida como todos efluentes líquidos descartados de edificações. A 
resolução define ‘reúso de água’ como a utilização de água residuária. A Resolução esclarece que o 
termo ‘água de reúso’, é toda água residuária que se encontra dentro dos padrões exigidos para sua 
utilização nas modalidades pretendidas. 
Em geral, as modalidades de reúso de água expressas na Resolução CNRH nº 54/2005 são, dentro do 
ambiente urbano, voltados para fins não potáveis em irrigação paisagística, lavagem de logradouros 
públicos e veículos, desobstrução de tubulações, construção civil, edificações e combate a incêndio. 
A Resolução não apresenta padrões de qualidade de água para reúso nestas modalidades, mas 
determina que “as diretrizes, critérios e parâmetros específicos para as modalidades de reúso 
definidas... serão estabelecidos pelos órgãos competentes” (BRASIL, 2011b, p.265). Segundo a 
Resolução, os órgãos integrantes do Sistema Nacional de Gerenciamento de Recursos Hídricos – 
SINGREH, avaliarão os efeitos sobre os corpos hídricos decorrentes da prática de reúso, devendo 
estabelecer instrumentos regulatórios e de incentivo para as diversas modalidades de reúso. 
A Resolução CNRH nº 54/2005 estabelece que os Planos de Recursos Hídricos devem contemplar, 
entre os estudos e alternativas para conservação de água, os efeitos sobre a disponibilidade hídrica 
pela a prática do reúso de água. Seu Art. 8º, determina que os Comitês de Bacia Hidrográfica devem 
considerar, na proposição de mecanismos de cobrança e de aplicação dos seus recursos provenientes 
da cobrança, incentivos para a prática do reúso de água. Segundo o Art. 8º, os Comitês de Bacia 
Hidrográfica devem integrar, no âmbito do Plano de Recursos Hídricos da Bacia, a prática de reúso 
com as ações de saneamento ambiental. 
Segundo a Resolução, a atividade de reúso de água deve ser informada, quando requerida, ao órgão 
gestor de recursos hídricos, para fins de cadastro, contemplando, no mínimo: 
• A identificação do produtor, distribuidor ou usuário; 
• Localização geográfica da origem e destinação da água de reúso; 
• Especificação da finalidade da produção e do reúso de água; e 
• Vazão e volume diário de água de reúso produzida, distribuída ou utilizada. 
De um modo geral, o Plano Nacional de Recursos Hídricos - PNRH estabelece normas federais acerca 
do gerenciamento das bacias hidrográficas, de forma que cabe aos Estados e Municípios criar leis 
específicas para o reúso e aproveitamento de águas pluviais de sua região. Como exemplo, algumas 
leis estaduais e municipais já foram sancionadas, tais como: 
• A Lei Estadual nº 6.034/2011, do Rio de Janeiro, que dispõe sobre a obrigatoriedade 
dos postos de combustíveis, lava rápidos, transportadoras e empresas de ônibus",3297,3286
09_adasa_reuso_aguas_cinzas.pdf,Aproveitamento de Águas Pluviais e Reúso de Águas Cinzas,ADASA,manual_tecnico,agua_reuso,2025,vigente,manual técnico,reúso de águas cinzas e aproveitamento de águas pluviais,20," 
8 
Aproveitamento de águas pluviais e reúso de águas cinzas em edificações 
urbanos intermunicipais e interestaduais, localizados no Estado do Rio de Janeiro, 
instalarem equipamentos de tratamento e reutilização da água usada na lavagem de 
veículos; 
• A Lei Estadual nº 9.439/2010, do Espirito Santo, que dispõe sobre a obrigatoriedade 
dos postos de combustíveis, lava-jatos, transportadoras, empresas de ônibus e 
locadoras de veículos instalarem equipamentos de tratamento e reutilização da água 
usada na lavagem de veículos; 
• Lei Municipal nº 16.174/2015, do Município de São Paulo-SP, estabelece regramento 
e medidas para fomento ao reúso de água para aplicações não potáveis, oriundas do 
polimento do efluente final do tratamento de esgoto, de recuperação de água de chuva, 
da drenagem de recintos subterrâneos e de rebaixamento de lençol freático; 
• A Lei Municipal nº 12.474/2006, do Município de Campinas-SP cria o Programa 
Municipal de Conservação, Uso Racional e Reutilização de Água em Edificações; 
• A Lei Municipal nº 6.793/2010, do Município de Guarulho-SP, dispõe sobre o 
lançamento, arrecadação e fiscalização do Imposto sobre a Propriedade Predial e 
Territorial Urbana – IPTU, onde em seu art. 61 concede o desconto de 3% no imposto 
para os imóveis edificados que adotem sistemas de reuso de água; 
• A Lei Municipal nº 10.578/2010, de São José do Rio Preto-SP, cria o sistema de reúso 
de água de chuva no município, para utilização não potável em condomínios, clubes, 
entidades, conjuntos habitacionais e demais imóveis residenciais, industriais e 
comerciais; 
• A Lei Municipal nº 10.785/2003, do Município de Curitiba-PR, estabelecendo o 
Programa de conservação e uso racional da água nas edificações – PURAE; 
• A Lei Municipal nº 2.630/2009, do Município de Niterói-RJ, que estabelece os 
procedimentos relativos ao armazenamento de águas pluviais para reaproveitamento e 
retardo da descarga na rede pública; 
• A Lei Municipal nº 348/2011, do Município de São Gonçalo-RJ, cria o sistema de 
reúso de água de chuva para utilização não potável em órgãos públicos como escolas, 
hospitais, postos médicos e outros; 
• A Lei Municipal n° 2.856/2011, também de Niterói-RJ, que institui mecanismos de 
estímulo à instalação de sistema de coleta e reutilização de águas servidas em 
edificações públicas e privadas. 
No Distrito Federal, existem duas Leis Distritais publicadas no Diário Oficial do Distrito Federal 
relativas ao aproveitamento de águas pluviais em edificações. Enquanto a Lei Distrital nº 4.181/2008 
cria o ‘Programa de Captação de Água de Chuva’, cujos objetivos são a captação, o armazenamento 
e a utilização das águas pluviais pelas edificações urbanas, a Lei Distrital nº 4.671/2011, dispõe sobre 
a obrigatoriedade da instalação de reservatórios de captação de águas pluviais para as unidades 
habitacionais e comerciais do Distrito Federal. 
",2907,"Aproveitamento de águas pluviais e reúso de águas cinzas em edificações 
urbanos intermunicipais e interestaduais, localizados no Estado do Rio de Janeiro, 
instalarem equipamentos de tratamento e reutilização da água usada na lavagem de 
veículos; 
• A Lei Estadual nº 9.439/2010, do Espirito Santo, que dispõe sobre a obrigatoriedade 
dos postos de combustíveis, lava-jatos, transportadoras, empresas de ônibus e 
locadoras de veículos instalarem equipamentos de tratamento e reutilização da água 
usada na lavagem de veículos; 
• Lei Municipal nº 16.174/2015, do Município de São Paulo-SP, estabelece regramento 
e medidas para fomento ao reúso de água para aplicações não potáveis, oriundas do 
polimento do efluente final do tratamento de esgoto, de recuperação de água de chuva, 
da drenagem de recintos subterrâneos e de rebaixamento de lençol freático; 
• A Lei Municipal nº 12.474/2006, do Município de Campinas-SP cria o Programa 
Municipal de Conservação, Uso Racional e Reutilização de Água em Edificações; 
• A Lei Municipal nº 6.793/2010, do Município de Guarulho-SP, dispõe sobre o 
lançamento, arrecadação e fiscalização do Imposto sobre a Propriedade Predial e 
Territorial Urbana – IPTU, onde em seu art. 61 concede o desconto de 3% no imposto 
para os imóveis edificados que adotem sistemas de reuso de água; 
• A Lei Municipal nº 10.578/2010, de São José do Rio Preto-SP, cria o sistema de reúso 
de água de chuva no município, para utilização não potável em condomínios, clubes, 
entidades, conjuntos habitacionais e demais imóveis residenciais, industriais e 
comerciais; 
• A Lei Municipal nº 10.785/2003, do Município de Curitiba-PR, estabelecendo o 
Programa de conservação e uso racional da água nas edificações – PURAE; 
• A Lei Municipal nº 2.630/2009, do Município de Niterói-RJ, que estabelece os 
procedimentos relativos ao armazenamento de águas pluviais para reaproveitamento e 
retardo da descarga na rede pública; 
• A Lei Municipal nº 348/2011, do Município de São Gonçalo-RJ, cria o sistema de 
reúso de água de chuva para utilização não potável em órgãos públicos como escolas, 
hospitais, postos médicos e outros; 
• A Lei Municipal n° 2.856/2011, também de Niterói-RJ, que institui mecanismos de 
estímulo à instalação de sistema de coleta e reutilização de águas servidas em 
edificações públicas e privadas. 
No Distrito Federal, existem duas Leis Distritais publicadas no Diário Oficial do Distrito Federal 
relativas ao aproveitamento de águas pluviais em edificações. Enquanto a Lei Distrital nº 4.181/2008 
cria o ‘Programa de Captação de Água de Chuva’, cujos objetivos são a captação, o armazenamento 
e a utilização das águas pluviais pelas edificações urbanas, a Lei Distrital nº 4.671/2011, dispõe sobre 
a obrigatoriedade da instalação de reservatórios de captação de águas pluviais para as unidades 
habitacionais e comerciais do Distrito Federal.",2907,2900
09_adasa_reuso_aguas_cinzas.pdf,Aproveitamento de Águas Pluviais e Reúso de Águas Cinzas,ADASA,manual_tecnico,agua_reuso,2025,vigente,manual técnico,reúso de águas cinzas e aproveitamento de águas pluviais,21," 
 
 
9 
Padrões de qualidade, critérios de instalação e manutenção 
Por um lado, a Lei Distrital nº 4.181/2008 estabelece que novas edificações com área construída 
superior a 200m² devem, para concessão de habite-se, instalar um sistema de aproveitamento de águas 
pluviais composto por coletores e armazenadores para utilização da água coletada em atividades que 
dispensem o padrão de potabilidade. Por outro lado, a Lei Distrital 4.671/2011 determina que novos 
empreendimentos imobiliários residenciais, comerciais e industriais com área construída igual ou 
superior a 300m² são obrigados a dispor de coletores, caixa de armazenamento e distribuidores de 
águas pluviais para utilização em “usos secundários como lavagem de prédios, lavagem de 
automóveis, irrigação de jardins, limpeza, descarga de vaso sanitário, entre outros”, porém, para 
concessão de habite-se, apenas a instalação do reservatório é necessário (DISTRITO FEDERAL, 
2011, p.1). 
Segundo a Lei Distrital 4.181/2008, cada edificação deverá conter uma caixa ou reservatório de água 
destinado unicamente ao armazenamento de água pluvial, com tampa parcialmente removível e que 
permita a liberação do excesso de água acumulada para rede de drenagem urbana. A Lei Distrital 
4.671/2011 define que o volume do reservatório de águas pluviais deve ser proporcional ao número 
de unidades habitacionais nos empreendimentos residenciais ou área construída nos 
empreendimentos comerciais, mas ela não fornece o embasamento necessário para esse cálculo. 
Segundo a Lei Distrital 4.181/2008, cada edificação deverá conter uma caixa ou reservatório de água 
destinado unicamente ao armazenamento de água pluvial, com tampa parcialmente removível, e que 
permita a liberação do excesso de água acumulada para rede de drenagem urbana. A Lei Distrital 
4.671/2011 define que o volume do reservatório de águas pluviais deve ser proporcional ao número 
de unidades habitacionais nos empreendimentos residenciais ou área construída nos 
empreendimentos comerciais, mas ela não apresenta maiores informações relativas a esse 
procedimento.  
Com o intuito de estabelecer os procedimentos de avaliação para emissão de habite-se de novas 
construções que apresentam, em suas instalações prediais, sistemas de aproveitamento de águas 
pluviais ou de reúso de água, a Companhia de Saneamento Ambiental do Distrito Federal - CAESB 
publicou, em dezembro de 2012, a Norma ND.SCO-013. A Norma ressalta que as águas provenientes 
dos sistemas de aproveitamento de águas pluviais ou de reúso de água, apenas poderão ser utilizadas 
para (CAESB, 2012, p.2): 
• Irrigação não pressurizada de jardins e áreas verdes; 
• Lavagem de veículos automotores, de pisos e calçadas; 
• Tanques e canais para fins paisagísticos, exceto chafarizes; 
• Torres de resfriamento de sistemas de ar condicionado central; e 
• Descarga em vasos sanitários, desde que submetida a um tratamento simplificado; 
Com o intuito de preservar a saúde e bem-estar de usuários, a fiscalização da CAESB deverá exigir: 
i) a impossibilidade de ocorrer conexão cruzada com o sistema público de abastecimento de água; ii) 
a existência de reservatórios e sistemas hidráulicos independentes e identificados; iii) a existência de 
registros e torneiras de acesso restrito e devidamente identificadas (CAESB, 2012). Para a Lei do 
Saneamento Básico (Lei Federal nº 11.445/2007), a prestadora de abastecimento público deve 
garantir a qualidade da água potável até as ligações prediais. Uma conexão cruzada no sistema predial 
",3538,"Padrões de qualidade, critérios de instalação e manutenção 
Por um lado, a Lei Distrital nº 4.181/2008 estabelece que novas edificações com área construída 
superior a 200m² devem, para concessão de habite-se, instalar um sistema de aproveitamento de águas 
pluviais composto por coletores e armazenadores para utilização da água coletada em atividades que 
dispensem o padrão de potabilidade. Por outro lado, a Lei Distrital 4.671/2011 determina que novos 
empreendimentos imobiliários residenciais, comerciais e industriais com área construída igual ou 
superior a 300m² são obrigados a dispor de coletores, caixa de armazenamento e distribuidores de 
águas pluviais para utilização em “usos secundários como lavagem de prédios, lavagem de 
automóveis, irrigação de jardins, limpeza, descarga de vaso sanitário, entre outros”, porém, para 
concessão de habite-se, apenas a instalação do reservatório é necessário (DISTRITO FEDERAL, 
2011, p.1). 
Segundo a Lei Distrital 4.181/2008, cada edificação deverá conter uma caixa ou reservatório de água 
destinado unicamente ao armazenamento de água pluvial, com tampa parcialmente removível e que 
permita a liberação do excesso de água acumulada para rede de drenagem urbana. A Lei Distrital 
4.671/2011 define que o volume do reservatório de águas pluviais deve ser proporcional ao número 
de unidades habitacionais nos empreendimentos residenciais ou área construída nos 
empreendimentos comerciais, mas ela não fornece o embasamento necessário para esse cálculo. 
Segundo a Lei Distrital 4.181/2008, cada edificação deverá conter uma caixa ou reservatório de água 
destinado unicamente ao armazenamento de água pluvial, com tampa parcialmente removível, e que 
permita a liberação do excesso de água acumulada para rede de drenagem urbana. A Lei Distrital 
4.671/2011 define que o volume do reservatório de águas pluviais deve ser proporcional ao número 
de unidades habitacionais nos empreendimentos residenciais ou área construída nos 
empreendimentos comerciais, mas ela não apresenta maiores informações relativas a esse 
procedimento. 
Com o intuito de estabelecer os procedimentos de avaliação para emissão de habite-se de novas 
construções que apresentam, em suas instalações prediais, sistemas de aproveitamento de águas 
pluviais ou de reúso de água, a Companhia de Saneamento Ambiental do Distrito Federal - CAESB 
publicou, em dezembro de 2012, a Norma ND.SCO-013. A Norma ressalta que as águas provenientes 
dos sistemas de aproveitamento de águas pluviais ou de reúso de água, apenas poderão ser utilizadas 
para (CAESB, 2012, p.2): 
• Irrigação não pressurizada de jardins e áreas verdes; 
• Lavagem de veículos automotores, de pisos e calçadas; 
• Tanques e canais para fins paisagísticos, exceto chafarizes; 
• Torres de resfriamento de sistemas de ar condicionado central; e 
• Descarga em vasos sanitários, desde que submetida a um tratamento simplificado; 
Com o intuito de preservar a saúde e bem-estar de usuários, a fiscalização da CAESB deverá exigir: 
i) a impossibilidade de ocorrer conexão cruzada com o sistema público de abastecimento de água; ii) 
a existência de reservatórios e sistemas hidráulicos independentes e identificados; iii) a existência de 
registros e torneiras de acesso restrito e devidamente identificadas (CAESB, 2012). Para a Lei do 
Saneamento Básico (Lei Federal nº 11.445/2007), a prestadora de abastecimento público deve 
garantir a qualidade da água potável até as ligações prediais. Uma conexão cruzada no sistema predial",3538,3526
09_adasa_reuso_aguas_cinzas.pdf,Aproveitamento de Águas Pluviais e Reúso de Águas Cinzas,ADASA,manual_tecnico,agua_reuso,2025,vigente,manual técnico,reúso de águas cinzas e aproveitamento de águas pluviais,22," 
10 
Aproveitamento de águas pluviais e reúso de águas cinzas em edificações 
de água potável poderá afetar os padrões de potabilidade da água exigidos pela Portaria 2.914/2011 
do Ministério da Saúde nas instalações hidráulicas da edificação, ou até mesmo na rede de 
abastecimento público. 
A Norma ND.SCO-013 busca também, identificar e quantificar o lançamento de efluentes adicionais 
na rede pública de coleta de esgoto, como por exemplo, águas pluviais utilizadas em descarga 
sanitária ou na lavagem de roupas. Tradicionalmente, o volume de esgoto que é lançado na rede 
pública é quantificado pelo volume de água medido no cavalete de entrada da unidade. Porém, no 
momento em que uma edificação aproveita águas pluviais em usos internos, esses efluentes adicionais 
lançados na rede pública de coleta de esgoto acabam não sendo quantificados pelo hidrômetro e, 
consequentemente, não é cobrado na conta de água e esgoto da concessionária. 
Em contrapartida, o volume de águas cinzas reutilizadas em atividades que não geram efluentes 
sanitários lançados na rede pública de esgoto (como irrigação, lavagem de veículos, pisos e calçadas, 
torres de resfriamento, etc.), acaba sendo contabilizado no valor da tarifa de esgoto da unidade. Neste 
caso, para evitar uma cobrança indevida ao consumidor, o volume de águas cinzas que não são 
lançadas na rede pública de coleta de esgoto devem ser quantificados para descontar o seu valor da 
tarifa de esgoto. 
Segundo a Norma ND.SCO-013, o efluente oriundo de sistemas de aproveitamento de águas pluviais 
ou de reúso de água devem atender aos padrões de lançamento de efluentes líquidos na rede pública 
de esgotos, conforme Decreto nº 18.328/1997. Caso este efluente apresentar uma concentração acima 
dos limites máximos previstos, a Norma estabelece que deverá ser aplicada uma Tarifa Especial na 
conta de água e esgoto. Esta sobretaxa para esgotos com concentrações acima dos limites máximos 
estabelecidos é calculada em função do nível de sólidos totais (ST), demanda bioquímica de oxigênio 
(DBO) e demanda química de oxigênio presentes no efluente (DQO). A Tarifa Especial baseia-se na 
elevação dos custos para tratamento dos efluentes cujas características extrapolam os limites legais, 
sobrecarregando os sistemas públicos de tratamento ao demandarem maior consumo de energia 
elétrica, produtos químicos e recursos humanos. 
A Norma especifica que o consumidor/usuário que implementar sistemas de aproveitamento de águas 
pluviais ou de reúso de água, passa a condição de produtor de água e, consequentemente, torna-se 
responsável pela sua gestão qualitativa. Com isso, o consumidor/usuário deverá (CAESB, 2012, p. 
3): 
• Solicitar à CAESB a avaliação do projeto e do sistema de reúso de água e/ou de 
aproveitamento de água pluvial; 
• Apresentar o projeto do sistema incluindo detalhes executivos, especificações das 
tecnologias selecionadas, esquemas verticais e outros necessários para subsidiar a 
adequada verificação do sistema pela CAESB; 
• Apresentar Anotação de Responsabilidade Técnica – ART do responsável pelo projeto 
e pela operação do sistema, registrada no Conselho Regional de Engenharia, 
Arquitetura e Agronomia do Distrito Federal (CREA-DF); 
• Apresentar Licença Ambiental emitida pelo órgão ambiental competente referente ao 
sistema, nos casos em que for obrigatório. 
",3368,"Aproveitamento de águas pluviais e reúso de águas cinzas em edificações 
de água potável poderá afetar os padrões de potabilidade da água exigidos pela Portaria 2.914/2011 
do Ministério da Saúde nas instalações hidráulicas da edificação, ou até mesmo na rede de 
abastecimento público. 
A Norma ND.SCO-013 busca também, identificar e quantificar o lançamento de efluentes adicionais 
na rede pública de coleta de esgoto, como por exemplo, águas pluviais utilizadas em descarga 
sanitária ou na lavagem de roupas. Tradicionalmente, o volume de esgoto que é lançado na rede 
pública é quantificado pelo volume de água medido no cavalete de entrada da unidade. Porém, no 
momento em que uma edificação aproveita águas pluviais em usos internos, esses efluentes adicionais 
lançados na rede pública de coleta de esgoto acabam não sendo quantificados pelo hidrômetro e, 
consequentemente, não é cobrado na conta de água e esgoto da concessionária. 
Em contrapartida, o volume de águas cinzas reutilizadas em atividades que não geram efluentes 
sanitários lançados na rede pública de esgoto (como irrigação, lavagem de veículos, pisos e calçadas, 
torres de resfriamento, etc.), acaba sendo contabilizado no valor da tarifa de esgoto da unidade. Neste 
caso, para evitar uma cobrança indevida ao consumidor, o volume de águas cinzas que não são 
lançadas na rede pública de coleta de esgoto devem ser quantificados para descontar o seu valor da 
tarifa de esgoto. 
Segundo a Norma ND.SCO-013, o efluente oriundo de sistemas de aproveitamento de águas pluviais 
ou de reúso de água devem atender aos padrões de lançamento de efluentes líquidos na rede pública 
de esgotos, conforme Decreto nº 18.328/1997. Caso este efluente apresentar uma concentração acima 
dos limites máximos previstos, a Norma estabelece que deverá ser aplicada uma Tarifa Especial na 
conta de água e esgoto. Esta sobretaxa para esgotos com concentrações acima dos limites máximos 
estabelecidos é calculada em função do nível de sólidos totais (ST), demanda bioquímica de oxigênio 
(DBO) e demanda química de oxigênio presentes no efluente (DQO). A Tarifa Especial baseia-se na 
elevação dos custos para tratamento dos efluentes cujas características extrapolam os limites legais, 
sobrecarregando os sistemas públicos de tratamento ao demandarem maior consumo de energia 
elétrica, produtos químicos e recursos humanos. 
A Norma especifica que o consumidor/usuário que implementar sistemas de aproveitamento de águas 
pluviais ou de reúso de água, passa a condição de produtor de água e, consequentemente, torna-se 
responsável pela sua gestão qualitativa. Com isso, o consumidor/usuário deverá (CAESB, 2012, p. 
3): 
• Solicitar à CAESB a avaliação do projeto e do sistema de reúso de água e/ou de 
aproveitamento de água pluvial; 
• Apresentar o projeto do sistema incluindo detalhes executivos, especificações das 
tecnologias selecionadas, esquemas verticais e outros necessários para subsidiar a 
adequada verificação do sistema pela CAESB; 
• Apresentar Anotação de Responsabilidade Técnica – ART do responsável pelo projeto 
e pela operação do sistema, registrada no Conselho Regional de Engenharia, 
Arquitetura e Agronomia do Distrito Federal (CREA-DF); 
• Apresentar Licença Ambiental emitida pelo órgão ambiental competente referente ao 
sistema, nos casos em que for obrigatório.",3368,3360
09_adasa_reuso_aguas_cinzas.pdf,Aproveitamento de Águas Pluviais e Reúso de Águas Cinzas,ADASA,manual_tecnico,agua_reuso,2025,vigente,manual técnico,reúso de águas cinzas e aproveitamento de águas pluviais,23," 
 
 
11 
Padrões de qualidade, critérios de instalação e manutenção 
O responsável técnico pelo projeto ou operação dos sistemas de sistemas de aproveitamento de águas 
pluviais ou de reúso de água deve apresentar instruções de manutenção, como a periodicidade de 
execução de limpeza e desinfecção do sistema, prevendo os cuidados necessários à proteção da saúde 
pública, e garantir a estanqueidade do ramal de ligação e da rede de abastecimento de água potável 
da CAESB. 
A Associação Brasileira de Normas Técnicas (ABNT) apresenta uma série de Normas Brasileiras 
(NBR) que podem servir como documento-referência para responsáveis técnicos por projetos e 
operação de sistemas AAP e RAC, por apresentarem diretrizes e soluções técnicas aplicáveis à prática 
do aproveitamento de águas pluviais e reúso de águas cinzas. Entre as Normas ABNT mais relevantes 
ao tema, destacam-se a NBR 5626/1998, NBR 15527/2007 e a NBR 1369/1997. 
A ABNT NBR 5626 Instalação predial de água fria, tem como objetivo apresentar recomendações 
relativas ao projeto, execução e manutenção predial de instalações de água fria. Esta Norma procura 
apresentar princípios de bom desempenho de instalação predial para garantir a potabilidade da água 
do sistema de água potável. Esta Norma é aplicável a instalações prediais que possibilitem o uso de 
água potável e o uso de água não potável em edificações residenciais ou não-residenciais. Nesse caso, 
quando houver a utilização simultânea de água não potável e água potável de abastecimento público 
em uma edificação, a Norma sugere que a concessionária deve ser notificada previamente. 
A Norma recomenda que o sistema predial de água não potável seja totalmente separado e 
independente das instalações de água potável evitando, dessa maneira, uma possível conexão cruzada. 
Em outras palavras, a edificação que utilizar uma fonte de água não potável, deverá evitar em sua 
configuração hidráulica, qualquer ligação física de peça, dispositivo ou arranjo entre a rede de água 
não potável e da rede de água potável. Medidas de proteção contra refluxo são necessárias para evitar 
uma possível contaminação da rede de água potável. 
A ABNT NBR 15527 Água de chuva apresenta algumas recomendações para o aproveitamento de 
águas pluviais provenientes de coberturas em áreas urbanas para usos não potáveis como, por 
exemplo, descargas sanitárias, irrigação, lavagem de veículos, limpeza de pisos, espelhos d’água e 
usos industriais. Esta Norma faz referência à NBR 5626, NBR 10844 e NBR 12217 para a elaboração 
do projeto hidráulico. A Norma apresenta diferentes métodos para dimensionamento de reservatórios 
e manutenção do sistema de aproveitamento de águas pluviais. Segundo a Norma, os padrões de 
qualidade da água não potável devem ser definidos pelo responsável de acordo com a utilização 
prevista.  
Apesar de não haver uma Norma ABNT específica ao reúso de águas cinzas em edificações, a ABNT 
NBR 13969 Tanques sépticos apresenta alternativas para o tratamento e reúso de efluentes domésticos 
em fins que não exigem qualidade de água potável como “irrigação de jardins, lavagem dos pisos e 
veículos automotivos, na descarga dos vasos sanitários, na manutenção paisagística dos lagos e 
canais com água, na irrigação dos campos agrícolas e pastagens, etc.” (ABNT, 1997, p.21). 
Segundo a Norma, o sistema de reúso deve ser planejado de modo que garanta segurança aos usuários 
e, para tanto, devem ser definidos:  
 
",3466,"Padrões de qualidade, critérios de instalação e manutenção 
O responsável técnico pelo projeto ou operação dos sistemas de sistemas de aproveitamento de águas 
pluviais ou de reúso de água deve apresentar instruções de manutenção, como a periodicidade de 
execução de limpeza e desinfecção do sistema, prevendo os cuidados necessários à proteção da saúde 
pública, e garantir a estanqueidade do ramal de ligação e da rede de abastecimento de água potável 
da CAESB. 
A Associação Brasileira de Normas Técnicas (ABNT) apresenta uma série de Normas Brasileiras 
(NBR) que podem servir como documento-referência para responsáveis técnicos por projetos e 
operação de sistemas AAP e RAC, por apresentarem diretrizes e soluções técnicas aplicáveis à prática 
do aproveitamento de águas pluviais e reúso de águas cinzas. Entre as Normas ABNT mais relevantes 
ao tema, destacam-se a NBR 5626/1998, NBR 15527/2007 e a NBR 1369/1997. 
A ABNT NBR 5626 Instalação predial de água fria, tem como objetivo apresentar recomendações 
relativas ao projeto, execução e manutenção predial de instalações de água fria. Esta Norma procura 
apresentar princípios de bom desempenho de instalação predial para garantir a potabilidade da água 
do sistema de água potável. Esta Norma é aplicável a instalações prediais que possibilitem o uso de 
água potável e o uso de água não potável em edificações residenciais ou não-residenciais. Nesse caso, 
quando houver a utilização simultânea de água não potável e água potável de abastecimento público 
em uma edificação, a Norma sugere que a concessionária deve ser notificada previamente. 
A Norma recomenda que o sistema predial de água não potável seja totalmente separado e 
independente das instalações de água potável evitando, dessa maneira, uma possível conexão cruzada. 
Em outras palavras, a edificação que utilizar uma fonte de água não potável, deverá evitar em sua 
configuração hidráulica, qualquer ligação física de peça, dispositivo ou arranjo entre a rede de água 
não potável e da rede de água potável. Medidas de proteção contra refluxo são necessárias para evitar 
uma possível contaminação da rede de água potável. 
A ABNT NBR 15527 Água de chuva apresenta algumas recomendações para o aproveitamento de 
águas pluviais provenientes de coberturas em áreas urbanas para usos não potáveis como, por 
exemplo, descargas sanitárias, irrigação, lavagem de veículos, limpeza de pisos, espelhos d’água e 
usos industriais. Esta Norma faz referência à NBR 5626, NBR 10844 e NBR 12217 para a elaboração 
do projeto hidráulico. A Norma apresenta diferentes métodos para dimensionamento de reservatórios 
e manutenção do sistema de aproveitamento de águas pluviais. Segundo a Norma, os padrões de 
qualidade da água não potável devem ser definidos pelo responsável de acordo com a utilização 
prevista. 
Apesar de não haver uma Norma ABNT específica ao reúso de águas cinzas em edificações, a ABNT 
NBR 13969 Tanques sépticos apresenta alternativas para o tratamento e reúso de efluentes domésticos 
em fins que não exigem qualidade de água potável como “irrigação de jardins, lavagem dos pisos e 
veículos automotivos, na descarga dos vasos sanitários, na manutenção paisagística dos lagos e 
canais com água, na irrigação dos campos agrícolas e pastagens, etc.” (ABNT, 1997, p.21). 
Segundo a Norma, o sistema de reúso deve ser planejado de modo que garanta segurança aos usuários 
e, para tanto, devem ser definidos:",3466,3450
09_adasa_reuso_aguas_cinzas.pdf,Aproveitamento de Águas Pluviais e Reúso de Águas Cinzas,ADASA,manual_tecnico,agua_reuso,2025,vigente,manual técnico,reúso de águas cinzas e aproveitamento de águas pluviais,24," 
12 
Aproveitamento de águas pluviais e reúso de águas cinzas em edificações 
• Os usos previstos para o efluente tratado;  
• O volume do esgoto a ser reutilizado;  
• O grau de tratamento necessário;  
• Sistemas de reservação e de distribuição;  
• Manual de operação e treinamento dos responsáveis. 
No que se refere ao grau de tratamento do efluente necessário para reúso, a Norma define quatro 
classificações de usos não potáveis de água e apresenta seus respectivos parâmetros de qualidade de 
água. A Norma recomenda uma avaliação trimestral do desempenho do sistema de reúso de água nos 
processos de tratamento e das condições da disposição final da água de reúso. 
",678,"Aproveitamento de águas pluviais e reúso de águas cinzas em edificações 
• Os usos previstos para o efluente tratado; 
• O volume do esgoto a ser reutilizado; 
• O grau de tratamento necessário; 
• Sistemas de reservação e de distribuição; 
• Manual de operação e treinamento dos responsáveis. 
No que se refere ao grau de tratamento do efluente necessário para reúso, a Norma define quatro 
classificações de usos não potáveis de água e apresenta seus respectivos parâmetros de qualidade de 
água. A Norma recomenda uma avaliação trimestral do desempenho do sistema de reúso de água nos 
processos de tratamento e das condições da disposição final da água de reúso.",678,666
09_adasa_reuso_aguas_cinzas.pdf,Aproveitamento de Águas Pluviais e Reúso de Águas Cinzas,ADASA,manual_tecnico,agua_reuso,2025,vigente,manual técnico,reúso de águas cinzas e aproveitamento de águas pluviais,25," 
 
 
13 
Padrões de qualidade, critérios de instalação e manutenção 
3. Qualidade de Água Não Potável 
O sucesso de um sistema de aproveitamento de águas pluviais ou de reúso de águas cinzas está 
diretamente ligado à qualidade da água que ele proporciona em relação ao seu uso não potável, 
garantindo, dessa maneira, saúde e bem-estar aos usuários, uma vez que os microrganismos 
patogênicos presentes podem provocar doenças em tempo relativamente curto a partir da infecção. 
Os constituintes orgânicos ou inorgânicos presentes nestes efluentes podem representar risco à saúde 
de acordo com a concentração que estiverem presentes, por isso para o uso seguro destas fontes 
alternativas de água, é necessário alcançar determinados padrões de qualidade de água em função do 
uso final previsto. 
Aspectos estéticos da água, como cor e cheiro, afetam a aceitação do usuário para usos não potáveis, 
principalmente se a fonte de abastecimento não for uma convencional, entretanto, uma água sem cor 
ou cheiro não significa que esteja livre de contaminantes, uma vez que podem estar presentes 
substancias inorgânicas ou microrganismos que só afetarão essas características físicas após o 
armazenamento com determinado tempo de retenção.  
Em ambientes anaeróbicos, por exemplo, a ação bactericida no processo de decomposição da matéria 
orgânica pode exalar mal cheiro pela liberação de metano. Alguns produtos químicos adicionados no 
processo de tratamento também podem reagir entre si gerando resíduos. A presença de sólidos 
suspensos torna a água abrasiva o que provoca o desgaste de metais hidrossanitários e peças com 
eixos rotativos, reduzindo a vida útil de bombas, válvulas, aspersores, entre outros. Também podem 
riscar pinturas de veículos no processo de lavagem e causar entupimento de bicos aspersores em 
sistemas de irrigação. A retirada de sólidos suspensos, entre outras coisas, reduz os gastos com 
manutenção predial e diminui a frequência da limpeza de reservatórios e caixas d’água. 
A presença de agentes oxidantes na água pode acelerar o processo de corrosão das partes metálicas 
presentes no sistema hidráulico. Esses agentes, como os trihalometanos (THM) podem se originar 
pela adição de cloro no processo de desinfecção e em concentrações acima do permitido causam 
contaminação de solo, de aquíferos e, em caso de ingestão, em humanos pode ser um carcinógeno. 
Nos EUA, a Agência de Proteção Ambiental (EPA) fixou um limite máximo de 0,1 mg/L (100 µg/L) 
de THM nas águas de abastecimento. No Brasil o valor máximo permissível estabelecido pela OMS 
é de 100 mg/L, definida pela Portaria MS nº 36/1990, sendo este valor a soma das concentrações de 
clorofórmio, dicloroetano, dibromocloroetano e bromofórmio.   
A qualidade da água também pode ser determinada pela temperatura que apresenta, pois ela afeta 
diretamente o nível de pH e, também, a reprodução ou inativação de microrganismos. Alguns grupos 
de bactérias possuem coliformes termotolerantes, que podem estar presentes em fezes humanas, e 
também em solos e plantas. Coliformes fecais que habitam intestinos de animais de sangue quente 
(incluindo humanos), são eliminados naturalmente pelas fezes e também por vômitos.   
Em resumo, para usos não potáveis, os níveis dos parâmetros de qualidade não precisam ser os 
mesmos estabelecidos para águas de consumo humano, uma vez que essa água não será ingerida e o 
",3409,"Padrões de qualidade, critérios de instalação e manutenção 
3. Qualidade de Água Não Potável 
O sucesso de um sistema de aproveitamento de águas pluviais ou de reúso de águas cinzas está 
diretamente ligado à qualidade da água que ele proporciona em relação ao seu uso não potável, 
garantindo, dessa maneira, saúde e bem-estar aos usuários, uma vez que os microrganismos 
patogênicos presentes podem provocar doenças em tempo relativamente curto a partir da infecção. 
Os constituintes orgânicos ou inorgânicos presentes nestes efluentes podem representar risco à saúde 
de acordo com a concentração que estiverem presentes, por isso para o uso seguro destas fontes 
alternativas de água, é necessário alcançar determinados padrões de qualidade de água em função do 
uso final previsto. 
Aspectos estéticos da água, como cor e cheiro, afetam a aceitação do usuário para usos não potáveis, 
principalmente se a fonte de abastecimento não for uma convencional, entretanto, uma água sem cor 
ou cheiro não significa que esteja livre de contaminantes, uma vez que podem estar presentes 
substancias inorgânicas ou microrganismos que só afetarão essas características físicas após o 
armazenamento com determinado tempo de retenção. 
Em ambientes anaeróbicos, por exemplo, a ação bactericida no processo de decomposição da matéria 
orgânica pode exalar mal cheiro pela liberação de metano. Alguns produtos químicos adicionados no 
processo de tratamento também podem reagir entre si gerando resíduos. A presença de sólidos 
suspensos torna a água abrasiva o que provoca o desgaste de metais hidrossanitários e peças com 
eixos rotativos, reduzindo a vida útil de bombas, válvulas, aspersores, entre outros. Também podem 
riscar pinturas de veículos no processo de lavagem e causar entupimento de bicos aspersores em 
sistemas de irrigação. A retirada de sólidos suspensos, entre outras coisas, reduz os gastos com 
manutenção predial e diminui a frequência da limpeza de reservatórios e caixas d’água. 
A presença de agentes oxidantes na água pode acelerar o processo de corrosão das partes metálicas 
presentes no sistema hidráulico. Esses agentes, como os trihalometanos (THM) podem se originar 
pela adição de cloro no processo de desinfecção e em concentrações acima do permitido causam 
contaminação de solo, de aquíferos e, em caso de ingestão, em humanos pode ser um carcinógeno. 
Nos EUA, a Agência de Proteção Ambiental (EPA) fixou um limite máximo de 0,1 mg/L (100 µg/L) 
de THM nas águas de abastecimento. No Brasil o valor máximo permissível estabelecido pela OMS 
é de 100 mg/L, definida pela Portaria MS nº 36/1990, sendo este valor a soma das concentrações de 
clorofórmio, dicloroetano, dibromocloroetano e bromofórmio. 
A qualidade da água também pode ser determinada pela temperatura que apresenta, pois ela afeta 
diretamente o nível de pH e, também, a reprodução ou inativação de microrganismos. Alguns grupos 
de bactérias possuem coliformes termotolerantes, que podem estar presentes em fezes humanas, e 
também em solos e plantas. Coliformes fecais que habitam intestinos de animais de sangue quente 
(incluindo humanos), são eliminados naturalmente pelas fezes e também por vômitos. 
Em resumo, para usos não potáveis, os níveis dos parâmetros de qualidade não precisam ser os 
mesmos estabelecidos para águas de consumo humano, uma vez que essa água não será ingerida e o",3409,3392
09_adasa_reuso_aguas_cinzas.pdf,Aproveitamento de Águas Pluviais e Reúso de Águas Cinzas,ADASA,manual_tecnico,agua_reuso,2025,vigente,manual técnico,reúso de águas cinzas e aproveitamento de águas pluviais,26," 
14 
Aproveitamento de águas pluviais e reúso de águas cinzas em edificações 
contato direto com a pele e mucosas só representa risco em caso de ampla exposição por períodos 
prolongados. A nível ambiental deve-se atentar os critérios estabelecidos para contaminação do solo 
e de aquíferos, nos casos de infiltração da água no solo por meio da irrigação, lavagem de veículos 
ou de pisos.   
3.1. Fatores que afetam a qualidade de águas pluviais 
São muitos os fatores que influenciam a qualidade das águas pluviais, dentre eles pode-se citar a 
localização geográfica (proximidade do oceano), a presença de vegetação, condições meteorológicas 
(regime dos ventos), a estação do ano e a presença de carga poluidora. Em regiões próximas aos 
oceanos existe uma maior probabilidade de encontrar sódio, potássio, magnésio e cloro na água da 
chuva. Em regiões não pavimentadas, com grandes áreas de terra, estarão presentes na água pluvial 
partículas de origem terrestre como a sílica, o alumínio e o ferro. Em regiões com áreas 
industrializadas e pavimentadas é comum a presença de metais pesados, cálcio e magnésio na forma 
de carbonatos, que contribuem para endurecer a água e torna-la ácida, uma vez que as partículas 
dissolvidas na atmosfera são incorporadas a água. Geralmente em áreas de cultivo agrícola também 
contribuem com altas concentrações de nitrato presentes nos fertilizantes que são pulverizados na 
lavoura, fora os pesticidas que se acumulam nos pontos de coleta.  
A qualidade das águas pluviais também se relaciona com a coleta e o armazenamento, logo os 
materiais de fabricação dos telhados, das calhas e dos reservatórios, afetarão diretamente os poluentes 
químicos presentes nas águas coletadas, embora em nível inferior ao que foi captado pelo ambiente. 
O ideal é que os revestimentos não retenham muita sujeira, não promovam o crescimento de bactérias 
e parasitas e não se decomponham com a chuva. Com relação ao aspecto bacteriológico deve-se ter 
preferência pelos telhados metálicos, seguidos pelos de plástico e por último pelos cerâmicos. Além 
disso, telhados de fibras naturais, como palha e bambu, devem ser evitados, pois os mesmos 
costumam dar uma coloração amarelada à água da chuva. 
Em períodos de seca a concentração de poluentes se intensifica. Os contaminantes oriundos de 
diferentes fontes podem alterar as propriedades físico-químicas da água da chuva armazenada e 
provocar risco de contaminação (Tabela 1).  
Contaminação microbiológica detectada em águas pluviais provém basicamente de resíduos de 
animais, que se acumulam em períodos de seca. A área de captação por ser um ambiente aberto pode 
ser acessado por pássaros, lagartos, roedores, insetos e gatos, cujos excrementos podem conter 
bactérias, vírus, protozoários e fungos prejudiciais à saúde humana. Dentre os mais perigosos estão 
Mycobacterium lepramurium, M. microti, M. tuberculosis, Campylobacter, Leptospira, que podem 
se hospedar nesses animais e infectar humanos provocando entre outras doenças a lepra, tuberculose, 
leptospirose. Também pode ocorrer a presença de vírus que provocam a hepatite E, e parasitas como 
Cryptosporidium e Giardia. Esses microrganismos são lavados pelas águas e direcionados para 
reservatórios, onde acabam se depositando no fundo. A presença de coliformes termotolerantes como 
E. coli sugere contaminação fecal que é mais provável que seja a partir de vetores que têm acesso ao 
reservatório e ao telhado.  
 
 
",3473,"Aproveitamento de águas pluviais e reúso de águas cinzas em edificações 
contato direto com a pele e mucosas só representa risco em caso de ampla exposição por períodos 
prolongados. A nível ambiental deve-se atentar os critérios estabelecidos para contaminação do solo 
e de aquíferos, nos casos de infiltração da água no solo por meio da irrigação, lavagem de veículos 
ou de pisos. 
3.1. Fatores que afetam a qualidade de águas pluviais 
São muitos os fatores que influenciam a qualidade das águas pluviais, dentre eles pode-se citar a 
localização geográfica (proximidade do oceano), a presença de vegetação, condições meteorológicas 
(regime dos ventos), a estação do ano e a presença de carga poluidora. Em regiões próximas aos 
oceanos existe uma maior probabilidade de encontrar sódio, potássio, magnésio e cloro na água da 
chuva. Em regiões não pavimentadas, com grandes áreas de terra, estarão presentes na água pluvial 
partículas de origem terrestre como a sílica, o alumínio e o ferro. Em regiões com áreas 
industrializadas e pavimentadas é comum a presença de metais pesados, cálcio e magnésio na forma 
de carbonatos, que contribuem para endurecer a água e torna-la ácida, uma vez que as partículas 
dissolvidas na atmosfera são incorporadas a água. Geralmente em áreas de cultivo agrícola também 
contribuem com altas concentrações de nitrato presentes nos fertilizantes que são pulverizados na 
lavoura, fora os pesticidas que se acumulam nos pontos de coleta. 
A qualidade das águas pluviais também se relaciona com a coleta e o armazenamento, logo os 
materiais de fabricação dos telhados, das calhas e dos reservatórios, afetarão diretamente os poluentes 
químicos presentes nas águas coletadas, embora em nível inferior ao que foi captado pelo ambiente. 
O ideal é que os revestimentos não retenham muita sujeira, não promovam o crescimento de bactérias 
e parasitas e não se decomponham com a chuva. Com relação ao aspecto bacteriológico deve-se ter 
preferência pelos telhados metálicos, seguidos pelos de plástico e por último pelos cerâmicos. Além 
disso, telhados de fibras naturais, como palha e bambu, devem ser evitados, pois os mesmos 
costumam dar uma coloração amarelada à água da chuva. 
Em períodos de seca a concentração de poluentes se intensifica. Os contaminantes oriundos de 
diferentes fontes podem alterar as propriedades físico-químicas da água da chuva armazenada e 
provocar risco de contaminação (Tabela 1). 
Contaminação microbiológica detectada em águas pluviais provém basicamente de resíduos de 
animais, que se acumulam em períodos de seca. A área de captação por ser um ambiente aberto pode 
ser acessado por pássaros, lagartos, roedores, insetos e gatos, cujos excrementos podem conter 
bactérias, vírus, protozoários e fungos prejudiciais à saúde humana. Dentre os mais perigosos estão 
Mycobacterium lepramurium, M. microti, M. tuberculosis, Campylobacter, Leptospira, que podem 
se hospedar nesses animais e infectar humanos provocando entre outras doenças a lepra, tuberculose, 
leptospirose. Também pode ocorrer a presença de vírus que provocam a hepatite E, e parasitas como 
Cryptosporidium e Giardia. Esses microrganismos são lavados pelas águas e direcionados para 
reservatórios, onde acabam se depositando no fundo. A presença de coliformes termotolerantes como 
E. coli sugere contaminação fecal que é mais provável que seja a partir de vetores que têm acesso ao 
reservatório e ao telhado.",3473,3456
09_adasa_reuso_aguas_cinzas.pdf,Aproveitamento de Águas Pluviais e Reúso de Águas Cinzas,ADASA,manual_tecnico,agua_reuso,2025,vigente,manual técnico,reúso de águas cinzas e aproveitamento de águas pluviais,27," 
 
 
15 
Padrões de qualidade, critérios de instalação e manutenção 
Tabela 1: Tipos de contaminantes presentes em água de chuva. 
Contaminantes 
Fonte  
Risco de contaminação no 
reservatório de retenção 
Poeira e Cinzas 
Sujeira do meio e da vegetação;  
Atividade vulcânica  
Moderado: pode ser minimizado pela 
limpeza regular da calha e telhado e uso 
de dispositivo de escoamento adequado.  
Bactérias 
Fezes de pássaros e outros 
animais  
Moderado: Pode ser minimizado com o 
uso de escoamento do telhado e 
manutenção no reservatório de retenção. 
Metais pesados 
Poeiras, particularmente em 
áreas urbanas e 
industrializadas, materiais do 
próprio telhado. 
Baixo: Ocorre apenas em situações em 
que o vento leve resíduos industriais, 
como metais fundidos e/ou com chuvas 
muito ácidas, essas situações ocorrem 
geralmente em locais vulcânicos.  
Outros componentes 
inorgânicos 
Descargas industriais no ar, sal 
ou outros minerais 
provenientes do mar, uso 
inadequados de reservatórios e 
materiais de telhados. 
Baixo: apenas em regiões muito 
próximas do mar ou grandes ventais de 
atividades industriais.  
Larva de mosquito 
Ovos de mosquito em calhas 
ou reservatórios. 
Moderado: se os reservatórios forem 
devidamente fechados o risco pode ser 
minimizado. 
Fonte: Mosley (2005) 
Pesquisas voltadas para as implicações da saúde por causa da qualidade da água coletadas em telhados 
revelam que a exposição a raios UV e calor nos telhados provocam destruição de muitas bactérias, ao 
mesmo tempo em que o vento remove vários metais pesados que se acumulam. Resultados da 
investigação da qualidade da água coletada em Hamburg, Alemanha revelou que os níveis de cobre, 
chumbo e zinco presentes são abaixo do nível recomendado pela OMS para água potável. Contudo 
não se tem registro na literatura de casos letais provocados pelo uso de águas pluviais sem tratamento 
ou de concentrações de poluentes e patógenos que sejam prejudiciais à saúde, o que não dispensa 
medidas de segurança que garantam um nível de qualidade adequado para usos diversos. 
3.2. Fatores que afetam a qualidade de águas cinzas 
Os hábitos e costumes dos indivíduos interferem diretamente na qualidade das águas cinzas. As 
características físico-químicas são afetadas pelo uso de produtos de limpeza e as biológicas pela saúde 
ou doença dos indivíduos.   
A quantidade de sais (sódio, cálcio, magnésio, potássio e outros sais compostos), óleos, graxas, 
gorduras, nutrientes e compostos inorgânicos irão afetar a temperatura, o pH, a alcalinidade, a cor e 
abrasividade das águas cinzas de acordo com os tipos de produtos químicos usados em cada ambiente 
doméstico. Nutrientes importantes para crescimento vegetal, como nitrogênio e potássio são 
encontrados exclusivamente em efluentes de origem doméstico, advindos de produtos de higiene 
pessoal, porém, a concentração de compostos originados por esses nutrientes, como o nitrato e o 
",2937,"Padrões de qualidade, critérios de instalação e manutenção 
Tabela 1: Tipos de contaminantes presentes em água de chuva. 
Contaminantes 
Fonte 
Risco de contaminação no 
reservatório de retenção 
Poeira e Cinzas 
Sujeira do meio e da vegetação; 
Atividade vulcânica 
Moderado: pode ser minimizado pela 
limpeza regular da calha e telhado e uso 
de dispositivo de escoamento adequado. 
Bactérias 
Fezes de pássaros e outros 
animais 
Moderado: Pode ser minimizado com o 
uso de escoamento do telhado e 
manutenção no reservatório de retenção. 
Metais pesados 
Poeiras, particularmente em 
áreas urbanas e 
industrializadas, materiais do 
próprio telhado. 
Baixo: Ocorre apenas em situações em 
que o vento leve resíduos industriais, 
como metais fundidos e/ou com chuvas 
muito ácidas, essas situações ocorrem 
geralmente em locais vulcânicos. 
Outros componentes 
inorgânicos 
Descargas industriais no ar, sal 
ou outros minerais 
provenientes do mar, uso 
inadequados de reservatórios e 
materiais de telhados. 
Baixo: apenas em regiões muito 
próximas do mar ou grandes ventais de 
atividades industriais. 
Larva de mosquito 
Ovos de mosquito em calhas 
ou reservatórios. 
Moderado: se os reservatórios forem 
devidamente fechados o risco pode ser 
minimizado. 
Fonte: Mosley (2005) 
Pesquisas voltadas para as implicações da saúde por causa da qualidade da água coletadas em telhados 
revelam que a exposição a raios UV e calor nos telhados provocam destruição de muitas bactérias, ao 
mesmo tempo em que o vento remove vários metais pesados que se acumulam. Resultados da 
investigação da qualidade da água coletada em Hamburg, Alemanha revelou que os níveis de cobre, 
chumbo e zinco presentes são abaixo do nível recomendado pela OMS para água potável. Contudo 
não se tem registro na literatura de casos letais provocados pelo uso de águas pluviais sem tratamento 
ou de concentrações de poluentes e patógenos que sejam prejudiciais à saúde, o que não dispensa 
medidas de segurança que garantam um nível de qualidade adequado para usos diversos. 
3.2. Fatores que afetam a qualidade de águas cinzas 
Os hábitos e costumes dos indivíduos interferem diretamente na qualidade das águas cinzas. As 
características físico-químicas são afetadas pelo uso de produtos de limpeza e as biológicas pela saúde 
ou doença dos indivíduos. 
A quantidade de sais (sódio, cálcio, magnésio, potássio e outros sais compostos), óleos, graxas, 
gorduras, nutrientes e compostos inorgânicos irão afetar a temperatura, o pH, a alcalinidade, a cor e 
abrasividade das águas cinzas de acordo com os tipos de produtos químicos usados em cada ambiente 
doméstico. Nutrientes importantes para crescimento vegetal, como nitrogênio e potássio são 
encontrados exclusivamente em efluentes de origem doméstico, advindos de produtos de higiene 
pessoal, porém, a concentração de compostos originados por esses nutrientes, como o nitrato e o",2937,2916
09_adasa_reuso_aguas_cinzas.pdf,Aproveitamento de Águas Pluviais e Reúso de Águas Cinzas,ADASA,manual_tecnico,agua_reuso,2025,vigente,manual técnico,reúso de águas cinzas e aproveitamento de águas pluviais,28," 
16 
Aproveitamento de águas pluviais e reúso de águas cinzas em edificações 
fosfato, é prejudicial à saúde de humanos. A exposição ao nitrato, por exemplo, provoca a meta-
hemoglobina, uma doença respiratória fatal para bebês.  
Compostos sintéticos, cada vez mais utilizados na fabricação de produtos de limpeza e higiene 
também geram riscos à saúde, por serem acumulativos no corpo e no meio ambiente. Quando atingem 
concentrações tóxicas podem provocar doenças como o câncer. Outro risco também atrelado a eles é 
a eutrofização de corpos hídricos, quando lançados ao meio ambiente.  Sais compostos por sódio, 
cálcio e magnésio acumulam-se nos solos e afetam sua permeabilidade, causando a degradação da 
vegetação.  
Os patógenos geralmente encontrados em águas cinzas brutas, são potencialmente nocivos à saúde 
humana. Dentre eles verifica-se a presença de coliformes fecais. A bactéria indicada para controle de 
qualidade é a Escherichia coli (Figura 1a), uma espécie do grupo de coliformes termotolerantes que 
funcionam como indicadores, fornecendo informações importantes acerca da medida eficaz de 
desinfecção. Essas bactérias cujo habitat exclusivo é o intestino de humanos e de animais 
homeotérmicos, onde ocorrem em densidades elevadas, podem provocar doenças graves, como 
diarreias agudas, em caso de concentrações acima do tolerável. Outras bactérias podem também estar 
presentes, quando em situações de enfermidades ou presença de animais domésticos, como 
Staphylococcus (Figura 1c), Clostridium (Figura 1d), Bacillus (Figura 1e), e também a Salmonella 
typhi (Figura b) causadora da febre tifoide, que pode ser eliminada de forma intermitente por até 3 
meses após o início da doença. Patógenos oportunistas como Pseudomonas aeruginosa e Legionella 
pneumophilia. Pode ocorrer também a presença de ovos e larvas de Ancylostoma sp. (Figura 1f) 
parasitas que pertencem a classe dos nematódeos. A urina presente nas águas cinzas também pode 
contribuir com alguns patógenos, dentre eles estão o Schistosoma haematobium, a S. typhi e a 
Leptospira. 
A fisiologia dos microrganismos, como por exemplo, a Leptospira interrogans, é influenciada pelo 
pH e alcalinidade da água. Essa bactéria, que provoca a leptospirose, desenvolve-se em águas 
alcalinas ou com pH neutro, e que pode ser contraída pelo simples contato pele-mucosa. O 
conhecimento dos níveis desses patógenos é de suma importância para evitar possíveis riscos à saúde, 
pois embora os usos finais destinados não sejam para consumo humano, em altas concentrações 
determinados microrganismos podem contaminar o usuário pelo seu contato direto com mucosas 
como olhos, boca e nariz, se houver a formação de aerossóis, o que deve ser evitado na irrigação 
pressurizada, chafarizes, lavadoras de alta pressão entre outros. 
 
 
 
 
 
 
 
",2825,"Aproveitamento de águas pluviais e reúso de águas cinzas em edificações 
fosfato, é prejudicial à saúde de humanos. A exposição ao nitrato, por exemplo, provoca a meta-
hemoglobina, uma doença respiratória fatal para bebês. 
Compostos sintéticos, cada vez mais utilizados na fabricação de produtos de limpeza e higiene 
também geram riscos à saúde, por serem acumulativos no corpo e no meio ambiente. Quando atingem 
concentrações tóxicas podem provocar doenças como o câncer. Outro risco também atrelado a eles é 
a eutrofização de corpos hídricos, quando lançados ao meio ambiente. Sais compostos por sódio, 
cálcio e magnésio acumulam-se nos solos e afetam sua permeabilidade, causando a degradação da 
vegetação. 
Os patógenos geralmente encontrados em águas cinzas brutas, são potencialmente nocivos à saúde 
humana. Dentre eles verifica-se a presença de coliformes fecais. A bactéria indicada para controle de 
qualidade é a Escherichia coli (Figura 1a), uma espécie do grupo de coliformes termotolerantes que 
funcionam como indicadores, fornecendo informações importantes acerca da medida eficaz de 
desinfecção. Essas bactérias cujo habitat exclusivo é o intestino de humanos e de animais 
homeotérmicos, onde ocorrem em densidades elevadas, podem provocar doenças graves, como 
diarreias agudas, em caso de concentrações acima do tolerável. Outras bactérias podem também estar 
presentes, quando em situações de enfermidades ou presença de animais domésticos, como 
Staphylococcus (Figura 1c), Clostridium (Figura 1d), Bacillus (Figura 1e), e também a Salmonella 
typhi (Figura b) causadora da febre tifoide, que pode ser eliminada de forma intermitente por até 3 
meses após o início da doença. Patógenos oportunistas como Pseudomonas aeruginosa e Legionella 
pneumophilia. Pode ocorrer também a presença de ovos e larvas de Ancylostoma sp. (Figura 1f) 
parasitas que pertencem a classe dos nematódeos. A urina presente nas águas cinzas também pode 
contribuir com alguns patógenos, dentre eles estão o Schistosoma haematobium, a S. typhi e a 
Leptospira. 
A fisiologia dos microrganismos, como por exemplo, a Leptospira interrogans, é influenciada pelo 
pH e alcalinidade da água. Essa bactéria, que provoca a leptospirose, desenvolve-se em águas 
alcalinas ou com pH neutro, e que pode ser contraída pelo simples contato pele-mucosa. O 
conhecimento dos níveis desses patógenos é de suma importância para evitar possíveis riscos à saúde, 
pois embora os usos finais destinados não sejam para consumo humano, em altas concentrações 
determinados microrganismos podem contaminar o usuário pelo seu contato direto com mucosas 
como olhos, boca e nariz, se houver a formação de aerossóis, o que deve ser evitado na irrigação 
pressurizada, chafarizes, lavadoras de alta pressão entre outros.",2825,2800
09_adasa_reuso_aguas_cinzas.pdf,Aproveitamento de Águas Pluviais e Reúso de Águas Cinzas,ADASA,manual_tecnico,agua_reuso,2025,vigente,manual técnico,reúso de águas cinzas e aproveitamento de águas pluviais,29," 
 
 
17 
Padrões de qualidade, critérios de instalação e manutenção 
 
Figura 1: Fotos gram-negativas de E. coli (a), S. typhi (b), Staphylococcus (c), Clostridium (d), 
Bacillus (e) e ovo de Ancylostoma duodenale (f) encontrados em água cinza bruta. 
(a) 
(b) 
 
 
(c) 
(d) 
 
 
(e) 
(f) 
 
 
Fonte: www.bioquel.com; www.wikipedia.org  
 
3.3. Classificação de usos não potáveis de água 
Baseando-se na qualidade para assegurar diversos usos e atender as necessidades da comunidade, a 
Resolução nº 20/1986 do Conselho Nacional do Meio Ambiente estabeleceu classificações para águas 
doces, salobras e salinas, porém existe uma lacuna no que se diz respeito a usos não potáveis em 
edificações. Já a Norma ABNT NBR 15527, estabelece padrões de qualidade da água não potável 
“para usos mais restritivos” ABNT (2007, p.4) esses padrões devem ser definidos pelo usuário 
responsável, de acordo com a utilização prevista, porém a Norma apresenta uma fragilidade não 
especificando quais são esses usos mais restritivos, o que pode gerar desacordos e desentendimentos 
",1067,"Padrões de qualidade, critérios de instalação e manutenção 
 
Figura 1: Fotos gram-negativas de E. coli (a), S. typhi (b), Staphylococcus (c), Clostridium (d), 
Bacillus (e) e ovo de Ancylostoma duodenale (f) encontrados em água cinza bruta. 
(a) 
(b) 
 
 
(c) 
(d) 
 
 
(e) 
(f) 
 
 
Fonte: 
 
3.3. Classificação de usos não potáveis de água 
Baseando-se na qualidade para assegurar diversos usos e atender as necessidades da comunidade, a 
Resolução nº 20/1986 do Conselho Nacional do Meio Ambiente estabeleceu classificações para águas 
doces, salobras e salinas, porém existe uma lacuna no que se diz respeito a usos não potáveis em 
edificações. Já a Norma ABNT NBR 15527, estabelece padrões de qualidade da água não potável 
“para usos mais restritivos” ABNT (2007, p.4) esses padrões devem ser definidos pelo usuário 
responsável, de acordo com a utilização prevista, porém a Norma apresenta uma fragilidade não 
especificando quais são esses usos mais restritivos, o que pode gerar desacordos e desentendimentos",1067,1019
09_adasa_reuso_aguas_cinzas.pdf,Aproveitamento de Águas Pluviais e Reúso de Águas Cinzas,ADASA,manual_tecnico,agua_reuso,2025,vigente,manual técnico,reúso de águas cinzas e aproveitamento de águas pluviais,30," 
18 
Aproveitamento de águas pluviais e reúso de águas cinzas em edificações 
em função de sua livre interpretação. Esses padrões de utilização e acompanhamento periódico, são 
apresentados na Tabela 2.  
Tabela 2: Qualidade de água para usos restritivos não potáveis segundo ABNT NBR 15527. 
Parâmetro 
Análise 
Valor 
Coliformes totais 
Semestral 
Ausência em 100 mL 
Coliforme fecal 
Semestral 
Ausência em 100 mL 
Cloro residual livre 
Mensal 
0,5 a 3,0 mg/L 
Turbidez 
Mensal 
< 2,0 UT 
Cor aparente 
Mensal 
< 15 UH 
pH 
Mensal 
6,0 a 8,0 
Fonte: ABNT (2007) 
No que se refere ao grau de tratamento do efluente necessário para reúso, a ABNT NBR 13969 define 
as seguintes classificações de uso e seus respectivos parâmetros de qualidade de água representada 
na Tabela 3. A Norma recomenda uma avaliação trimestral do desempenho do sistema de reúso de 
água nos processos de tratamento e das condições da disposição final da água de reúso. 
Tabela 3: Qualidade de água por classe de uso não potável segundo ABNT NBR 13969. 
Classe 1 
 
Lavagem de carros e outros usos que requerem o 
contato direto do usuário com a água, com possível 
aspiração de aerossóis pelo operador, incluindo 
chafarizes 
Coliforme fecal 
Sólidos dissolvidos 
Turbidez 
pH 
Cloro residual 
< 200 NMP/100 mL 
< 200 mg/L 
< 5,0 UT 
6,0 - 8,0 
0,5 mg/L - 1,5 mg/L 
Classe 2 
Lavagem de pisos, calçadas e irrigação de jardins, 
manutenção de lagos e canais para fins 
paisagísticos, exceto chafarizes 
Coliforme fecal 
Turbidez 
 Cloro residual 
< 500 NMP/100 mL 
< 5,0 UT 
> 0,5 mg/L 
Classe 3 
Descarga sanitaria 
Coliforme fecal 
Turbidez 
< 500 NMP/100 mL 
< 10,0 UT 
Classe 4  
Reúso nos pomares, cereais, forragens, pastagens 
para gados e outros cultivos através de escoamento 
superficial ou por sistema de irrigação pontual 
Coliforme fecal 
Oxigênio dissolvido 
< 5000 NMP/100 mL 
> 2,0 mg/L 
Fonte: ABNT (1997) 
Em uma publicação que reuniu os esforços entre entidades públicas e privadas, ANA et al. (2005) 
apresenta orientações de parâmetros de qualidade de água para diferentes classes de uso não potável 
(Tabela 4). ANA et al. (2005) apresentam quatro classificações para usos não potáveis para diferentes 
usos não potáveis em edificações urbanas, construção civil, irrigação e indústria. Para cada 
classificação de uso não potável, ANA et al. (2005) apresenta alguns critérios de qualidade de água.  
Com o intuito de sugerir diferentes níveis e parâmetros de qualidade de água, foi realizado uma 
análise dos padrões de qualidade exigidos para usos não potáveis, baseados em estudos prévios 
nacionais e internacionais em: i) lavagem de pisos e veículos; ii) irrigação superficial e subsuperficial; 
iii) descarga sanitária; e iv) lavagem de roupas. Normas internacionais de diversos países sugerem 
limites de diversos parâmetros para usos finais utilizando diferentes fontes alternativas. O resumo 
desses parâmetros estão na  Erro! Fonte de referência não encontrada..  
 
 
",2977,"Aproveitamento de águas pluviais e reúso de águas cinzas em edificações 
em função de sua livre interpretação. Esses padrões de utilização e acompanhamento periódico, são 
apresentados na Tabela 2. 
Tabela 2: Qualidade de água para usos restritivos não potáveis segundo ABNT NBR 15527. 
Parâmetro 
Análise 
Valor 
Coliformes totais 
Semestral 
Ausência em 100 mL 
Coliforme fecal 
Semestral 
Ausência em 100 mL 
Cloro residual livre 
Mensal 
0,5 a 3,0 mg/L 
Turbidez 
Mensal 
< 2,0 UT 
Cor aparente 
Mensal 
< 15 UH 
pH 
Mensal 
6,0 a 8,0 
Fonte: ABNT (2007) 
No que se refere ao grau de tratamento do efluente necessário para reúso, a ABNT NBR 13969 define 
as seguintes classificações de uso e seus respectivos parâmetros de qualidade de água representada 
na Tabela 3. A Norma recomenda uma avaliação trimestral do desempenho do sistema de reúso de 
água nos processos de tratamento e das condições da disposição final da água de reúso. 
Tabela 3: Qualidade de água por classe de uso não potável segundo ABNT NBR 13969. 
Classe 1 
 
Lavagem de carros e outros usos que requerem o 
contato direto do usuário com a água, com possível 
aspiração de aerossóis pelo operador, incluindo 
chafarizes 
Coliforme fecal 
Sólidos dissolvidos 
Turbidez 
pH 
Cloro residual 
< 200 NMP/100 mL 
< 200 mg/L 
< 5,0 UT 
6,0 - 8,0 
0,5 mg/L - 1,5 mg/L 
Classe 2 
Lavagem de pisos, calçadas e irrigação de jardins, 
manutenção de lagos e canais para fins 
paisagísticos, exceto chafarizes 
Coliforme fecal 
Turbidez 
 Cloro residual 
< 500 NMP/100 mL 
< 5,0 UT 
> 0,5 mg/L 
Classe 3 
Descarga sanitaria 
Coliforme fecal 
Turbidez 
< 500 NMP/100 mL 
< 10,0 UT 
Classe 4 
Reúso nos pomares, cereais, forragens, pastagens 
para gados e outros cultivos através de escoamento 
superficial ou por sistema de irrigação pontual 
Coliforme fecal 
Oxigênio dissolvido 
< 5000 NMP/100 mL 
> 2,0 mg/L 
Fonte: ABNT (1997) 
Em uma publicação que reuniu os esforços entre entidades públicas e privadas, ANA et al. (2005) 
apresenta orientações de parâmetros de qualidade de água para diferentes classes de uso não potável 
(Tabela 4). ANA et al. (2005) apresentam quatro classificações para usos não potáveis para diferentes 
usos não potáveis em edificações urbanas, construção civil, irrigação e indústria. Para cada 
classificação de uso não potável, ANA et al. (2005) apresenta alguns critérios de qualidade de água. 
Com o intuito de sugerir diferentes níveis e parâmetros de qualidade de água, foi realizado uma 
análise dos padrões de qualidade exigidos para usos não potáveis, baseados em estudos prévios 
nacionais e internacionais em: i) lavagem de pisos e veículos; ii) irrigação superficial e subsuperficial; 
iii) descarga sanitária; e iv) lavagem de roupas. Normas internacionais de diversos países sugerem 
limites de diversos parâmetros para usos finais utilizando diferentes fontes alternativas. O resumo 
desses parâmetros estão na Erro! Fonte de referência não encontrada..",2977,2960
09_adasa_reuso_aguas_cinzas.pdf,Aproveitamento de Águas Pluviais e Reúso de Águas Cinzas,ADASA,manual_tecnico,agua_reuso,2025,vigente,manual técnico,reúso de águas cinzas e aproveitamento de águas pluviais,31," 
 
 
19 
Padrões de qualidade, critérios de instalação e manutenção 
Tabela 4: Qualidade de água por classe de uso não potável segundo ANA et al. (2005) 
Parâmetros 
Classe 1 
Classe 2 
Classe 3 
Classe 4 
Descarga sanitária; 
lavagem de pisos, 
roupas e veículos; 
e fins ornamentais. 
Construção civil. Irrigação. 
Resfriamento de 
equipamentos e ar 
condicionado central. 
Sem 
recirculação 
Com 
recirculação 
Coliformes fecais 
(NMP/100mL) 
Não detectáveis 
≤1000 
≤ 200  
SR 
SR 
pH 
Entre 6,0 e 9,0 
Entre 6,0 e 9,0 
Entre 6,0 e 9,0 5,0 – 8,3 6,8 – 7,2 
Cor (UH) 
≤ 10  
SR 
< 30  
SR 
SR 
Turbidez (UT) 
≤ 2  
SR 
< 5  
SR 
SR 
Odor e aparência  
Não desagradáveis Não desagradáveis SR 
SR 
SR 
Óleos e graxas (mg/L) 
≤ 1  
≤ 1,0  
SR 
SR 
SR 
DBO (mg/L) 
≤ 10  
≤ 30  
< 20  
SR 
SR 
Compostos orgânicos voláteis Ausentes 
Ausentes 
SR 
SR 
SR 
Nitrato (mg/L) 
< 10 
SR 
SR 
SR 
SR 
Nitrogênio amoniacal (mg/L) ≤ 20 
SR 
SR 
SR 
SR 
Nitrito (mg/L) 
≤ 1  
SR 
SR 
SR 
SR 
Fósforo total (mg/L) 
≤ 0,1  
SR 
SR 
SR 
SR 
Sólido suspenso total (mg/L) 
5  
30  
20 
5000 
100 
Sólido dissolvido total (mg/L) 500  
SR 
SR 
1000 
500 
Cloretos  
SR 
SR 
SR 
600 
500 
Dureza  
SR 
SR 
SR 
850 
650 
Alcalinidade  
SR 
SR 
SR 
500 
350 
Bicarbonato  
SR 
SR 
SR 
600 
24 
Sulfato  
SR 
SR 
SR 
680 
200 
Fósforo 
SR 
SR 
SR 
SR 
1,0 
Cálcio 
SR 
SR 
SR 
200 
50 
Magnésio  
SR 
SR 
SR 
SR 
30 
O2 dissolvido  
SR 
SR 
SR 
Presente 
SR 
Fonte: ANA et al. (2005) 
 
",1465,"Padrões de qualidade, critérios de instalação e manutenção 
Tabela 4: Qualidade de água por classe de uso não potável segundo ANA et al. (2005) 
Parâmetros 
Classe 1 
Classe 2 
Classe 3 
Classe 4 
Descarga sanitária; 
lavagem de pisos, 
roupas e veículos; 
e fins ornamentais. 
Construção civil. Irrigação. 
Resfriamento de 
equipamentos e ar 
condicionado central. 
Sem 
recirculação 
Com 
recirculação 
Coliformes fecais 
(NMP/100mL) 
Não detectáveis 
≤1000 
≤ 200 
SR 
SR 
pH 
Entre 6,0 e 9,0 
Entre 6,0 e 9,0 
Entre 6,0 e 9,0 5,0 – 8,3 6,8 – 7,2 
Cor (UH) 
≤ 10 
SR 
< 30 
SR 
SR 
Turbidez (UT) 
≤ 2 
SR 
< 5 
SR 
SR 
Odor e aparência 
Não desagradáveis Não desagradáveis SR 
SR 
SR 
Óleos e graxas (mg/L) 
≤ 1 
≤ 1,0 
SR 
SR 
SR 
DBO (mg/L) 
≤ 10 
≤ 30 
< 20 
SR 
SR 
Compostos orgânicos voláteis Ausentes 
Ausentes 
SR 
SR 
SR 
Nitrato (mg/L) 
< 10 
SR 
SR 
SR 
SR 
Nitrogênio amoniacal (mg/L) ≤ 20 
SR 
SR 
SR 
SR 
Nitrito (mg/L) 
≤ 1 
SR 
SR 
SR 
SR 
Fósforo total (mg/L) 
≤ 0,1 
SR 
SR 
SR 
SR 
Sólido suspenso total (mg/L) 
 
 
 
 
 
Sólido dissolvido total (mg/L) 500 
SR 
SR 
 
 
Cloretos 
SR 
SR 
SR 
 
 
Dureza 
SR 
SR 
SR 
 
 
Alcalinidade 
SR 
SR 
SR 
 
 
Bicarbonato 
SR 
SR 
SR 
 
 
Sulfato 
SR 
SR 
SR 
 
 
Fósforo 
SR 
SR 
SR 
SR 
1,0 
Cálcio 
SR 
SR 
SR 
 
 
Magnésio 
SR 
SR 
SR 
SR 
 
O2 dissolvido 
SR 
SR 
SR 
Presente 
SR 
Fonte: ANA et al. (2005)",1465,1373
09_adasa_reuso_aguas_cinzas.pdf,Aproveitamento de Águas Pluviais e Reúso de Águas Cinzas,ADASA,manual_tecnico,agua_reuso,2025,vigente,manual técnico,reúso de águas cinzas e aproveitamento de águas pluviais,32," 
20 
Aproveitamento de águas pluviais e reúso de águas cinzas em edificações 
 
Tabela 5: Parâmetros de qualidade da água por uso não potável na literatura internacional.   
Usos 
Finais 
Parâmetros 
Unidade 
Espanha  
Reino Unido 
Jordânia 
EUA  
Austrália  
Canadá 
Alemanha 
Japão 
 
Águas 
cinzas* 
Águas 
pluviais†  
Águas 
cinzas‡  
Águas 
residuais° 
Águas 
cinzas± 
Água 
residuais§   
Águas 
residuaisœ 
Águas 
residuaisø  
Águas 
residuais◊ 
Descarga sanitária 
Enterococos 
NMP/100 mL 
--- 
100 
100 
--- 
--- 
--- 
 
 
 
Comp. Org. 
Volátil 
 
 
 
 
 
 
 
200 
100 
10 
Óleos e graxa  
mg/L 
 
 
 
 
 
 
5 
1-2 
5 
Nematodos  
µ/10L 
< 1  
--- 
--- 
1 
--- 
--- 
 
 
 
E. coli   
 
NMP/100 mL 
0 
250 
250 
ND 
--- 
<1 
≤0-200 
 
 
L. pnemophila 
NMP/100 mL 
--- 
--- 
N/A 
--- 
--- 
--- 
 
 
 
SS  
mg/L 
10 
ND 
--- 
≤ 10 
 ≤ 30 
<10 
30 
30 
--- 
DBO  
mg/L 
< 20 
--- 
--- 
≤ 10 
<10 
<10 
<10 
20 
10 
Turbidez  
NTU 
< 5 
< 10 
< 10 
--- 
≤2 
<2-5 
<2 
1-2 
5 
OD  
mg/L 
--- 
> 1 
--- 
--- 
--- 
--- 
 
 
 
pH 
 
--- 
5,0-9,0 
5,0-9,5 
 
6-9 
6,5-8,5 
6 – 9 
6-9 
6-9 
Cloro residual 
mg/L 
--- 
<0,5 
< 0,5 – 2,0 
1,0 mg/L 
1 
--- 
 
 
 
Col. totais  
NMP/100 mL 
--- 
1000 
1000 
--- 
--- 
--- 
 
100 
<10 
Col. Fecais 
NMP/100 mL 
--- 
≤ 200 
--- 
<1000 
ND 
--- 
≤200 
20 
<10 
Lavagem de veículos, 
sistemas contra incêndios 
Nematodos 
µ/10L 
1 
--- 
--- 
--- 
--- 
--- 
 
 
 
pH 
 
 
--- 
--- 
--- 
6-9 
--- 
 
 
 
DBO  
mg/L 
 
--- 
--- 
--- 
<10 
--- 
 
 
 
Turbidez 
NTU 
 
--- 
--- 
--- 
≤2 
--- 
 
 
 
Col. fecais  
NMP/100 mL 
 
--- 
--- 
--- 
ND 
--- 
 
 
 
Cloro residual 
mg/L 
 
--- 
--- 
--- 
1  
--- 
 
 
 
E. coli  
NMP/100 mL 
200 
--- 
--- 
--- 
--- 
--- 
 
 
 
SS  
mg/L 
20 
--- 
--- 
--- 
--- 
--- 
 
 
 
Turbidez  
NTU 
10 
--- 
--- 
--- 
--- 
--- 
 
 
 
L. pnemophila  
NMP/100 mL 
10 
--- 
--- 
--- 
--- 
--- 
 
 
 
",1864,"Aproveitamento de águas pluviais e reúso de águas cinzas em edificações 
 
Tabela 5: Parâmetros de qualidade da água por uso não potável na literatura internacional. 
Usos 
Finais 
Parâmetros 
Unidade 
Espanha 
Reino Unido 
Jordânia 
EUA 
Austrália 
Canadá 
Alemanha 
Japão 
 
Águas 
cinzas* 
Águas 
pluviais† 
Águas 
cinzas‡ 
Águas 
residuais° 
Águas 
cinzas± 
Água 
residuais§ 
Águas 
residuaisœ 
Águas 
residuaisø 
Águas 
residuais◊ 
Descarga sanitária 
Enterococos 
NMP/100 mL 
--- 
 
 
--- 
--- 
--- 
 
 
 
Comp. Org. 
Volátil 
 
 
 
Óleos e graxa 
mg/L 
 
1-2 
 
Nematodos 
µ/10L 
< 1 
--- 
--- 
 
--- 
--- 
 
 
 
E. coli 
 
NMP/100 mL 
 
 
 
ND 
--- 
<1 
≤0-200 
 
 
L. pnemophila 
NMP/100 mL 
--- 
--- 
N/A 
--- 
--- 
--- 
 
 
 
SS 
mg/L 
 
ND 
--- 
≤ 10 
 ≤ 30 
<10 
 
 
--- 
DBO 
mg/L 
< 20 
--- 
--- 
≤ 10 
<10 
<10 
<10 
 
 
Turbidez 
NTU 
< 5 
< 10 
< 10 
--- 
≤2 
<2-5 
<2 
1-2 
 
OD 
mg/L 
--- 
> 1 
--- 
--- 
--- 
--- 
 
 
 
pH 
 
--- 
5,0-9,0 
5,0-9,5 
 
6-9 
6,5-8,5 
6 – 9 
6-9 
6-9 
Cloro residual 
mg/L 
--- 
<0,5 
< 0,5 – 2,0 
1,0 mg/L 
 
--- 
 
 
 
Col. totais 
NMP/100 mL 
--- 
 
 
--- 
--- 
--- 
 
<10 
Col. Fecais 
NMP/100 mL 
--- 
≤ 200 
--- 
<1000 
ND 
--- 
≤200 
 
<10 
Lavagem de veículos, 
sistemas contra incêndios 
Nematodos 
µ/10L 
 
--- 
--- 
--- 
--- 
--- 
 
 
 
pH 
 
 
--- 
--- 
--- 
6-9 
--- 
 
 
 
DBO 
mg/L 
 
--- 
--- 
--- 
<10 
--- 
 
 
 
Turbidez 
NTU 
 
--- 
--- 
--- 
≤2 
--- 
 
 
 
Col. fecais 
NMP/100 mL 
 
--- 
--- 
--- 
ND 
--- 
 
 
 
Cloro residual 
mg/L 
 
--- 
--- 
--- 
 
--- 
 
 
 
E. coli 
NMP/100 mL 
 
--- 
--- 
--- 
--- 
--- 
 
 
 
SS 
mg/L 
 
--- 
--- 
--- 
--- 
--- 
 
 
 
Turbidez 
NTU 
 
--- 
--- 
--- 
--- 
--- 
 
 
 
L. pnemophila 
NMP/100 mL 
 
--- 
--- 
--- 
--- 
---",1864,1735
09_adasa_reuso_aguas_cinzas.pdf,Aproveitamento de Águas Pluviais e Reúso de Águas Cinzas,ADASA,manual_tecnico,agua_reuso,2025,vigente,manual técnico,reúso de águas cinzas e aproveitamento de águas pluviais,33," 
 
 
21 
Padrões de qualidade, critérios de instalação e manutenção 
Irrigação com formação de 
aerossóis 
DBO  
mg/L 
--- 
--- 
--- 
--- 
≤10 
--- 
<100 
 
 
E. coli  
NMP/100 mL 
100 
1 
ND 
--- 
--- 
--- 
 
 
 
Enterococos  
NMP/100 mL 
 
1 
ND 
--- 
--- 
--- 
 
 
 
L. pnemophila  
NMP/100 mL 
 
--- 
--- 
--- 
--- 
--- 
 
 
 
Nematodos  
µ/10L 
1 
--- 
 
 
 
 
 
 
 
Col. totais  
NMP/100 mL 
 
10 
10 
 
 
 
<1000 
 
 
Col. fecal  
NMP/100 mL 
 
 
 
 
ND 
 
<200 
 
 
Turbidez  
NTU 
10 
 
<10 
 
≤2 
 
 
 
 
pH 
 
 
5-9 
5-9,5 
 
6,0-9,0 
 
6,5-8,5 
 
 
Cloro residual 
mg/L 
 
0,5 
<2,0 
0,5 
1 
 
 
 
 
SS  
mg/L 
20 
ND 
 ≤ 30 
 
 
 
<100 
 
 
Lavagem de roupa 
E. coli  
NMP/100 mL 
 
 
ND 
 
 
<1 
 
 
 
Enterococos  
NMP/100 mL 
 
 
ND 
 
 
 
 
 
 
L. pnemophila  
NMP/100 mL 
 
 
N/A 
 
 
 
 
 
 
Col. totais  
NMP/100 mL 
 
 
10 
 
 
 
 
 
 
Turbidez  
NTU 
 
 
< 10 
 
 
<2-5 
 
 
 
DBO  
mg/L 
 
 
 
 
 
<10 
 
 
 
SS  
mg/L 
 
 
 
 
 
<10 
 
 
 
pH 
 
 
5,0-9,0 
5-9,5 
 
 
6,5-8,5 
 
 
 
Cloro residual 
mg/L 
 
0,5 
< 2,0 
 
 
 
 
 
 
Fonte: * Espanha (2007); † Environment Agency (2010); ‡ Environment Agency (2011); ° MWI (2001), WHO (1973); ± EPA (2004); § Department of Health (2011); œ CSA (2012); ø DIN (2012); ◊ JSWA (1981) 
 
Continuação 
",1268,"Padrões de qualidade, critérios de instalação e manutenção 
Irrigação com formação de 
aerossóis 
DBO 
mg/L 
--- 
--- 
--- 
--- 
≤10 
--- 
<100 
 
 
E. coli 
NMP/100 mL 
 
 
ND 
--- 
--- 
--- 
 
 
 
Enterococos 
NMP/100 mL 
 
ND 
--- 
--- 
--- 
 
 
 
L. pnemophila 
NMP/100 mL 
 
--- 
--- 
--- 
--- 
--- 
 
 
 
Nematodos 
µ/10L 
 
--- 
 
 
 
 
 
 
 
Col. totais 
NMP/100 mL 
 
 
<1000 
 
 
Col. fecal 
NMP/100 mL 
 
 
 
 
ND 
 
<200 
 
 
Turbidez 
NTU 
 
<10 
 
≤2 
 
 
 
 
pH 
 
 
5-9 
5-9,5 
 
6,0-9,0 
 
6,5-8,5 
 
 
Cloro residual 
mg/L 
 
0,5 
<2,0 
0,5 
 
SS 
mg/L 
 
ND 
 ≤ 30 
 
 
 
<100 
 
 
Lavagem de roupa 
E. coli 
NMP/100 mL 
 
 
ND 
 
 
<1 
 
 
 
Enterococos 
NMP/100 mL 
 
 
ND 
 
 
 
 
 
 
L. pnemophila 
NMP/100 mL 
 
 
N/A 
 
 
 
 
 
 
Col. totais 
NMP/100 mL 
 
Turbidez 
NTU 
 
 
< 10 
 
 
<2-5 
 
 
 
DBO 
mg/L 
 
 
 
 
 
<10 
 
 
 
SS 
mg/L 
 
 
 
 
 
<10 
 
 
 
pH 
 
 
5,0-9,0 
5-9,5 
 
 
6,5-8,5 
 
 
 
Cloro residual 
mg/L 
 
0,5 
< 2,0 
 
 
 
 
 
 
Fonte: * Espanha (2007); † Environment Agency (2010); ‡ Environment Agency (2011); ° MWI (2001), WHO (1973); ± EPA (2004); § Department of Health (2011); œ CSA (2012); ø DIN (2012); ◊ JSWA (1981) 
 
Continuação",1268,1187
09_adasa_reuso_aguas_cinzas.pdf,Aproveitamento de Águas Pluviais e Reúso de Águas Cinzas,ADASA,manual_tecnico,agua_reuso,2025,vigente,manual técnico,reúso de águas cinzas e aproveitamento de águas pluviais,34," 
22 
Aproveitamento de águas pluviais e reúso de águas cinzas em edificações 
Baseado nos diferentes usos não potáveis analisados e nos riscos apresentados para a saúde dos 
usuários, propõem-se, categorias de uso não potável, para sistemas de aproveitamento de águas 
pluviais e reúso de águas cinzas, definindo os parâmetros de qualidade para uso não potável em 
edificações residenciais.  
• Categoria 1: Risco alto; 
• Categoria 2: Risco médio; 
• Categoria 3: Risco baixo e baixíssimo.  
Mesmo considerando diferentes fontes alternativas de abastecimento, entende-se que a qualidade 
final que a água deve apresentar, obedece aos parâmetros indicados em cada categoria. 
Tabela 6: Categorias de usos finais não potáveis em edificações. 
Categoria de Usos 
Residenciais  
Usos Finais 
Categoria 1 
Lavagem de roupas, irrigação por aspersão, chafarizes, lavagem de pisos 
com lavadoras de alta pressão, combate a incêndios. 
Categoria 2 
Descarga sanitária, lavagem de pisos sem o uso de lavadoras de alta 
pressão, lavagem de veículos, espelhos d’águas, fontes ornamentais. 
Categoria 3 
Irrigação superficial com acesso restrito, irrigação por gotejamento, 
irrigação subsuperficial aberta (100 a 300 mm abaixo do nível do solo) e 
irrigação subsuperficial profunda (>300 mm abaixo do nível do solo) 
 
Na Categoria 1 incluem-se todos os usos finais que formam aerossóis. Os riscos associados a 
exposição dessas atividades incluem ingestão de 0,1 mL por vez. Na categoria 2 a exposição é menor, 
levando a ingestão média de 0,01 mL. Na categoria 3 não há evidencias de ingestão, por não haver 
contato direto com a água tratada (NRMMCEP & HCAHMC, 2006). Sistemas concebidos para 
tratamento de águas poluídas devem atingir os requisitos mínimos que não produzam riscos à saúde 
humana. Ao selecionar um sistema de tratamento o fabricante deve demonstrar que consegue alcançar 
os níveis dos parâmetros descritos na Tabela 7. 
Tabela 7: Parâmetros de qualidade para usos não potáveis em edificações. 
Parâmetros de qualidade  
 
Categoria 1 
DBO5: <20 mg/L  
SS: 20 mg/L 
pH 5 – 9 
E. coli: 100 NMP/100 ml 
Turbidez: 5 NTU 
 Categoria 2 
DBO5: 30 mg/L  
SS: 30 mg/L 
E. coli: <250 NMP/100 ml 
Col. Fecal: < 200 NMP/100 ml 
pH: 5-9 
Turbidez: 10 NTU 
 
",2258,"Aproveitamento de águas pluviais e reúso de águas cinzas em edificações 
Baseado nos diferentes usos não potáveis analisados e nos riscos apresentados para a saúde dos 
usuários, propõem-se, categorias de uso não potável, para sistemas de aproveitamento de águas 
pluviais e reúso de águas cinzas, definindo os parâmetros de qualidade para uso não potável em 
edificações residenciais. 
• Categoria 1: Risco alto; 
• Categoria 2: Risco médio; 
• Categoria 3: Risco baixo e baixíssimo. 
Mesmo considerando diferentes fontes alternativas de abastecimento, entende-se que a qualidade 
final que a água deve apresentar, obedece aos parâmetros indicados em cada categoria. 
Tabela 6: Categorias de usos finais não potáveis em edificações. 
Categoria de Usos 
Residenciais 
Usos Finais 
Categoria 1 
Lavagem de roupas, irrigação por aspersão, chafarizes, lavagem de pisos 
com lavadoras de alta pressão, combate a incêndios. 
Categoria 2 
Descarga sanitária, lavagem de pisos sem o uso de lavadoras de alta 
pressão, lavagem de veículos, espelhos d’águas, fontes ornamentais. 
Categoria 3 
Irrigação superficial com acesso restrito, irrigação por gotejamento, 
irrigação subsuperficial aberta (100 a 300 mm abaixo do nível do solo) e 
irrigação subsuperficial profunda (>300 mm abaixo do nível do solo) 
 
Na Categoria 1 incluem-se todos os usos finais que formam aerossóis. Os riscos associados a 
exposição dessas atividades incluem ingestão de 0,1 mL por vez. Na categoria 2 a exposição é menor, 
levando a ingestão média de 0,01 mL. Na categoria 3 não há evidencias de ingestão, por não haver 
contato direto com a água tratada (NRMMCEP & HCAHMC, 2006). Sistemas concebidos para 
tratamento de águas poluídas devem atingir os requisitos mínimos que não produzam riscos à saúde 
humana. Ao selecionar um sistema de tratamento o fabricante deve demonstrar que consegue alcançar 
os níveis dos parâmetros descritos na Tabela 7. 
Tabela 7: Parâmetros de qualidade para usos não potáveis em edificações. 
Parâmetros de qualidade 
 
Categoria 1 
DBO5: <20 mg/L 
SS: 20 mg/L 
pH 5 – 9 
E. coli: 100 NMP/100 ml 
Turbidez: 5 NTU 
 Categoria 2 
DBO5: 30 mg/L 
SS: 30 mg/L 
E. coli: <250 NMP/100 ml 
Col. Fecal: < 200 NMP/100 ml 
pH: 5-9 
Turbidez: 10 NTU",2258,2242
09_adasa_reuso_aguas_cinzas.pdf,Aproveitamento de Águas Pluviais e Reúso de Águas Cinzas,ADASA,manual_tecnico,agua_reuso,2025,vigente,manual técnico,reúso de águas cinzas e aproveitamento de águas pluviais,35," 
 
 
23 
Padrões de qualidade, critérios de instalação e manutenção 
• Irrigação subsuperficial aberta: é um método comum de irrigação por meio do qual as águas 
cinzas são distribuídas em trincheiras escavadas no solo.  
• Irrigação subsuperficial profunda: sistema instalado entre 100mm e 150mm abaixo da 
terra, geralmente em áreas gramadas. As águas cinzas são distribuídas através de tubos 
perfurados de pequeno diâmetro ou linhas de gotejamento. As águas cinzas são aplicadas 
diretamente à zona da raiz de modo que as plantas possam utilizar a água.  
• Irrigação de gotejamento superficial: nesse sistema as águas cinzas são aplicadas 
diretamente à superfície do solo e distribuídas por pressão das pequenas perfurações das 
tubulações ou linhas do gotejamento. Este sistema é aplicado geralmente às plantas tais como, 
árvores frutíferas.  
• Sistemas da irrigação por aspersão: em sistemas desse tipo as águas cinzas são dispersadas 
no solo e na vegetação em gotas do aerossol.  
• Irrigação superficial com acesso restrito: sistema em que pessoas não tem acesso ao local 
durante a irrigação por pelo menos uma hora após o processo. 
Em casos de sistemas ligados diretamente, recomenda-se que haja uma ligação dos sistemas direta 
com o esgoto que possa ser controlada, para evitar supersaturação do solo em períodos chuvosos. 
Águas pluviais podem ser utilizadas para todos os usos citados. Os parâmetros de qualidade exigidos 
para usos não potáveis são os mesmos citados na Tabela 7.  
 
",1506,"Padrões de qualidade, critérios de instalação e manutenção 
• Irrigação subsuperficial aberta: é um método comum de irrigação por meio do qual as águas 
cinzas são distribuídas em trincheiras escavadas no solo. 
• Irrigação subsuperficial profunda: sistema instalado entre 100mm e 150mm abaixo da 
terra, geralmente em áreas gramadas. As águas cinzas são distribuídas através de tubos 
perfurados de pequeno diâmetro ou linhas de gotejamento. As águas cinzas são aplicadas 
diretamente à zona da raiz de modo que as plantas possam utilizar a água. 
• Irrigação de gotejamento superficial: nesse sistema as águas cinzas são aplicadas 
diretamente à superfície do solo e distribuídas por pressão das pequenas perfurações das 
tubulações ou linhas do gotejamento. Este sistema é aplicado geralmente às plantas tais como, 
árvores frutíferas. 
• Sistemas da irrigação por aspersão: em sistemas desse tipo as águas cinzas são dispersadas 
no solo e na vegetação em gotas do aerossol. 
• Irrigação superficial com acesso restrito: sistema em que pessoas não tem acesso ao local 
durante a irrigação por pelo menos uma hora após o processo. 
Em casos de sistemas ligados diretamente, recomenda-se que haja uma ligação dos sistemas direta 
com o esgoto que possa ser controlada, para evitar supersaturação do solo em períodos chuvosos. 
Águas pluviais podem ser utilizadas para todos os usos citados. Os parâmetros de qualidade exigidos 
para usos não potáveis são os mesmos citados na Tabela 7.",1506,1487
09_adasa_reuso_aguas_cinzas.pdf,Aproveitamento de Águas Pluviais e Reúso de Águas Cinzas,ADASA,manual_tecnico,agua_reuso,2025,vigente,manual técnico,reúso de águas cinzas e aproveitamento de águas pluviais,36," 
24 
Aproveitamento de águas pluviais e reúso de águas cinzas em edificações 
4. Sistemas Prediais de Água Não Potável 
Sistemas prediais de água não potável fazem uso de fontes alternativas de água promovendo um 
abastecimento alternativo em usos que não oferecem riscos à saúde humana em edificações. Estes 
sistemas apresentam em suas instalações hidráulicas, uma série elementos em comum, conforme 
ilustrado na  
Figura 2.  
Figura 2: Fluxograma conceitual das instalações prediais de sistemas de água não potável. 
 
4.1. Rede coletora 
As fontes alternativas para abastecimento predial em fins não potáveis podem incluir águas pluviais, 
águas cinzas, águas residuárias, águas subterrâneas, entre outras. Todo o processo inicia-se pela coleta 
da fonte alternativa de água por meio de uma rede de tubulações que conduz o efluente pelo processo 
de tratamento e retenção. 
Figura 3: Elementos de inspeção instalados próximos aos condutores verticais para manutenção.  
 
 
",980,"Aproveitamento de águas pluviais e reúso de águas cinzas em edificações 
4. Sistemas Prediais de Água Não Potável 
Sistemas prediais de água não potável fazem uso de fontes alternativas de água promovendo um 
abastecimento alternativo em usos que não oferecem riscos à saúde humana em edificações. Estes 
sistemas apresentam em suas instalações hidráulicas, uma série elementos em comum, conforme 
ilustrado na 
Figura 2. 
Figura 2: Fluxograma conceitual das instalações prediais de sistemas de água não potável. 
 
4.1. Rede coletora 
As fontes alternativas para abastecimento predial em fins não potáveis podem incluir águas pluviais, 
águas cinzas, águas residuárias, águas subterrâneas, entre outras. Todo o processo inicia-se pela coleta 
da fonte alternativa de água por meio de uma rede de tubulações que conduz o efluente pelo processo 
de tratamento e retenção. 
Figura 3: Elementos de inspeção instalados próximos aos condutores verticais para manutenção.",980,965
09_adasa_reuso_aguas_cinzas.pdf,Aproveitamento de Águas Pluviais e Reúso de Águas Cinzas,ADASA,manual_tecnico,agua_reuso,2025,vigente,manual técnico,reúso de águas cinzas e aproveitamento de águas pluviais,37," 
 
 
25 
Padrões de qualidade, critérios de instalação e manutenção 
Para a instalação da rede coletora de águas pluviais, a Norma ABNT NBR 10844 apresenta uma série 
de recomendações para o dimensionamento, projeto e instalação de calhas e condutores. Nos 
condutores verticais, recomenda-se a instalação de um ralo hemisférico para evitar uma possível 
obstrução por galhos e folhas. A ligação entre condutores verticais e horizontais é sempre feita por 
curvas longas com elemento de inspeção ou caixa de inspeção (Figura 3). Os condutores horizontais 
devem apresentar uma declividade uniforme de pelo menos 0,5%. Nos condutores horizontais, 
sempre que houver conexão com outra tubulação, mudanças de direção ou declividade e a cada 20m 
em trechos retilíneos, deve-se prever caixas de inspeção (ao invés de caixas de areia) em tubulações 
enterradas e dispositivos de inspeção em tubulações aparentes. 
Figura 4: Coluna de ventilação do ramal de esgoto de águas cinzas separada. 
 
 
Apesar da falta de uma norma específica voltada ao reúso de águas cinzas, a ABNT NBR 8160 
apresenta os requisitos necessários para dimensionamento, elaboração de projeto e execução de sua 
rede coletora. Neste caso, as tubulações de esgoto secundário responsáveis pela coleta das águas 
cinzas devem ser independentes e separadas das tubulações de esgoto primário de vasos sanitários. A 
rede coletora de águas cinzas deve permitir o rápido escoamento dos despejos, permitir a fácil 
desobstrução das tubulações e vedar a passagem de gases e animais das canalizações. Para isso, 
recomenda-se uma declividade constante na rede coletora, respeitando a declividade mínima de 2% 
para tubulações com diâmetro nominal igual ou inferior a 75mm ou 1% para tubulações com diâmetro 
nominal igual ou superior a 100mm. Todos os aparelhos hidrossanitários devem ser protegidos por 
desconectores para evitar o odor causado pela passagem de gases das canalizações do efluente. A 
ventilação do ramal de esgoto das tubulações de águas cinzas pode ser separada (Figura 4) ou 
compartilhada (Figura 5) com tubulações de esgoto primário. 
Os tubos de queda provenientes de lavanderia devem apresentar soluções que evitem o retorno de 
espuma nos ambientes sanitários, como por exemplo, a instalação de dispositivos antiespuma. Nos 
condutores horizontais, sempre que houver conexão com outra tubulação, mudanças de direção ou 
declividade e a cada 15m em trechos retilíneos, deve-se prever caixas de inspeção em tubulações 
enterradas e dispositivos de inspeção em tubulações aparentes. 
",2565,"Padrões de qualidade, critérios de instalação e manutenção 
Para a instalação da rede coletora de águas pluviais, a Norma ABNT NBR 10844 apresenta uma série 
de recomendações para o dimensionamento, projeto e instalação de calhas e condutores. Nos 
condutores verticais, recomenda-se a instalação de um ralo hemisférico para evitar uma possível 
obstrução por galhos e folhas. A ligação entre condutores verticais e horizontais é sempre feita por 
curvas longas com elemento de inspeção ou caixa de inspeção (Figura 3). Os condutores horizontais 
devem apresentar uma declividade uniforme de pelo menos 0,5%. Nos condutores horizontais, 
sempre que houver conexão com outra tubulação, mudanças de direção ou declividade e a cada 20m 
em trechos retilíneos, deve-se prever caixas de inspeção (ao invés de caixas de areia) em tubulações 
enterradas e dispositivos de inspeção em tubulações aparentes. 
Figura 4: Coluna de ventilação do ramal de esgoto de águas cinzas separada. 
 
 
Apesar da falta de uma norma específica voltada ao reúso de águas cinzas, a ABNT NBR 8160 
apresenta os requisitos necessários para dimensionamento, elaboração de projeto e execução de sua 
rede coletora. Neste caso, as tubulações de esgoto secundário responsáveis pela coleta das águas 
cinzas devem ser independentes e separadas das tubulações de esgoto primário de vasos sanitários. A 
rede coletora de águas cinzas deve permitir o rápido escoamento dos despejos, permitir a fácil 
desobstrução das tubulações e vedar a passagem de gases e animais das canalizações. Para isso, 
recomenda-se uma declividade constante na rede coletora, respeitando a declividade mínima de 2% 
para tubulações com diâmetro nominal igual ou inferior a 75mm ou 1% para tubulações com diâmetro 
nominal igual ou superior a 100mm. Todos os aparelhos hidrossanitários devem ser protegidos por 
desconectores para evitar o odor causado pela passagem de gases das canalizações do efluente. A 
ventilação do ramal de esgoto das tubulações de águas cinzas pode ser separada (Figura 4) ou 
compartilhada (Figura 5) com tubulações de esgoto primário. 
Os tubos de queda provenientes de lavanderia devem apresentar soluções que evitem o retorno de 
espuma nos ambientes sanitários, como por exemplo, a instalação de dispositivos antiespuma. Nos 
condutores horizontais, sempre que houver conexão com outra tubulação, mudanças de direção ou 
declividade e a cada 15m em trechos retilíneos, deve-se prever caixas de inspeção em tubulações 
enterradas e dispositivos de inspeção em tubulações aparentes.",2565,2553
09_adasa_reuso_aguas_cinzas.pdf,Aproveitamento de Águas Pluviais e Reúso de Águas Cinzas,ADASA,manual_tecnico,agua_reuso,2025,vigente,manual técnico,reúso de águas cinzas e aproveitamento de águas pluviais,38," 
26 
Aproveitamento de águas pluviais e reúso de águas cinzas em edificações 
 
Figura 5: Coluna de ventilação do ramal de esgoto de águas cinzas compartilhada. 
 
 
Recomenda-se prever um by-pass à montante do sistema de tratamento ou irrigação subsuperficial de 
água cinza bruta que acesso a uma passagem secundária do efluente não tratado ao sistema de 
esgotamento sanitário, seja ele público ou privado. A flexibilidade em descartar o efluente não tratado 
à rede de esgoto permite a manutenção do sistema de tratamento ou controlar o uso de águas cinzas 
em irrigação subsuperficial. A Figura 6 apresenta um exemplo de configuração hidráulica do by-pass 
de águas cinzas, desviando-se do sistema de tratamento, à rede de coleta de esgoto sanitário, 
controlado por registros válvula de gaveta. 
Figura 6: Exemplo de configuração by-pass à jusante do sistema de tratamento de águas cinzas 
 
Dadas as características do efluente bruto, recomenda-se a utilização de válvulas de gaveta com cunha 
emborrachada para garantir a estanqueidade da rede. Estas válvulas, para tubos PVC/PBA, são 
disponíveis no mercado brasileiro com diâmetros a partir de 50mm e são utilizadas para o bloqueio 
do efluente (não são recomendadas para regulagem ou estrangulamento do efluente). 
4.2. Tratamento 
Assim como os poluentes contidos nos efluentes são de natureza física, química e biológica, os 
processos de tratamento podem ser classificados como tal. Estes processos não atuam isoladamente 
e as transformações ocorridas em um determinado processo influenciarão diretamente nos demais. 
Antes de selecionar o processo de tratamento adequado para águas de reúso é necessário que seja 
",1681,"Aproveitamento de águas pluviais e reúso de águas cinzas em edificações 
 
Figura 5: Coluna de ventilação do ramal de esgoto de águas cinzas compartilhada. 
 
 
Recomenda-se prever um by-pass à montante do sistema de tratamento ou irrigação subsuperficial de 
água cinza bruta que acesso a uma passagem secundária do efluente não tratado ao sistema de 
esgotamento sanitário, seja ele público ou privado. A flexibilidade em descartar o efluente não tratado 
à rede de esgoto permite a manutenção do sistema de tratamento ou controlar o uso de águas cinzas 
em irrigação subsuperficial. A Figura 6 apresenta um exemplo de configuração hidráulica do by-pass 
de águas cinzas, desviando-se do sistema de tratamento, à rede de coleta de esgoto sanitário, 
controlado por registros válvula de gaveta. 
Figura 6: Exemplo de configuração by-pass à jusante do sistema de tratamento de águas cinzas 
 
Dadas as características do efluente bruto, recomenda-se a utilização de válvulas de gaveta com cunha 
emborrachada para garantir a estanqueidade da rede. Estas válvulas, para tubos PVC/PBA, são 
disponíveis no mercado brasileiro com diâmetros a partir de 50mm e são utilizadas para o bloqueio 
do efluente (não são recomendadas para regulagem ou estrangulamento do efluente). 
4.2. Tratamento 
Assim como os poluentes contidos nos efluentes são de natureza física, química e biológica, os 
processos de tratamento podem ser classificados como tal. Estes processos não atuam isoladamente 
e as transformações ocorridas em um determinado processo influenciarão diretamente nos demais. 
Antes de selecionar o processo de tratamento adequado para águas de reúso é necessário que seja",1681,1673
09_adasa_reuso_aguas_cinzas.pdf,Aproveitamento de Águas Pluviais e Reúso de Águas Cinzas,ADASA,manual_tecnico,agua_reuso,2025,vigente,manual técnico,reúso de águas cinzas e aproveitamento de águas pluviais,39," 
 
 
27 
Padrões de qualidade, critérios de instalação e manutenção 
claramente definido as normas de reúso e a qualidade a ser alcançada. Alguns fatores afetam no 
processo de design de tratamento, são as condições do local e disponibilidade de área e fatores 
econômicos (WHO, 1973). 
Os métodos primários e secundários de tratamento removem a maioria dos sólidos suspensos e 
matéria orgânica, já deixando o efluente em condições de padrões de qualidade próprias para o 
lançamento nos corpos d’água ou para a utilização para fins não potável. 
4.2.1. Processo físico 
São os processos em que ocorrem a remoção de substancias fisicamente separáveis dos líquidos ou 
que não se encontram dissolvidas, ou seja, separam substancias em suspensão incluindo sólidos 
grosseiros, sólidos sedimentáveis e flutuantes. Nesse caso qualquer processo de tratamento que 
envolva um fenômeno físico constituíra um processo físico de tratamento, como: remoção da 
umidade, filtração, incineração, diluição ou homogeneização. Nesse processo ocorre uma remoção 
de sólidos suspensos entre 30-50% associado a redução da demanda biológica de oxigênio (DBO). 
4.2.2. Processo químico 
São os processos que geralmente envolvem a adição de produtos químicos para potencializar os 
efeitos dos outros processos afim de potencializar sua eficiência. Dentre os processos químicos 
comumente utilizados estão a coagulação e floculação, precipitação química, elutriação, oxidação 
química, cloração e neutralização ou correção do pH. 
4.2.3. Processo biológico 
São os processos que dependem da ação de micro-organismos presente no efluente para 
transformação de compostos complexos em processos simples. Em geral tentam reproduzir em 
ambiente projetado com área e tempo adequado, fenômenos que ocorrem naturalmente na natureza 
com a máxima eficiência possível. Os principais processos são a oxidação biológica e digestão do 
lodo. 
4.2.4. Outros processos 
Além dos processos convencionais, vários outros processos resultados de pesquisas constituem 
tratamentos avançados, que aliam desenvolvimento tecnológico a máxima eficiência. Dentre eles 
destacam-se:  
• Adsorção por carvão; 
• Eletrodiálise; 
• Biodisco; 
• Troca de íons; 
• Filtração rápida; 
• Filtração por membranas, incluindo micro, ultra e nanofiltração; 
• Osmose inversa;  
• Leitos Cultivados; e 
• Gas stripping. 
Todos esses processos podem ser classificados em função da remoção de poluentes ou da eficiência 
das unidades de tratamento, de acordo com o grau de eficiência obtido por um ou mais dispositivos 
de tratamento. Considerando os usos não potáveis considera-se a classificação em função do grau de 
",2662,"Padrões de qualidade, critérios de instalação e manutenção 
claramente definido as normas de reúso e a qualidade a ser alcançada. Alguns fatores afetam no 
processo de design de tratamento, são as condições do local e disponibilidade de área e fatores 
econômicos (WHO, 1973). 
Os métodos primários e secundários de tratamento removem a maioria dos sólidos suspensos e 
matéria orgânica, já deixando o efluente em condições de padrões de qualidade próprias para o 
lançamento nos corpos d’água ou para a utilização para fins não potável. 
4.2.1. Processo físico 
São os processos em que ocorrem a remoção de substancias fisicamente separáveis dos líquidos ou 
que não se encontram dissolvidas, ou seja, separam substancias em suspensão incluindo sólidos 
grosseiros, sólidos sedimentáveis e flutuantes. Nesse caso qualquer processo de tratamento que 
envolva um fenômeno físico constituíra um processo físico de tratamento, como: remoção da 
umidade, filtração, incineração, diluição ou homogeneização. Nesse processo ocorre uma remoção 
de sólidos suspensos entre 30-50% associado a redução da demanda biológica de oxigênio (DBO). 
4.2.2. Processo químico 
São os processos que geralmente envolvem a adição de produtos químicos para potencializar os 
efeitos dos outros processos afim de potencializar sua eficiência. Dentre os processos químicos 
comumente utilizados estão a coagulação e floculação, precipitação química, elutriação, oxidação 
química, cloração e neutralização ou correção do pH. 
4.2.3. Processo biológico 
São os processos que dependem da ação de micro-organismos presente no efluente para 
transformação de compostos complexos em processos simples. Em geral tentam reproduzir em 
ambiente projetado com área e tempo adequado, fenômenos que ocorrem naturalmente na natureza 
com a máxima eficiência possível. Os principais processos são a oxidação biológica e digestão do 
lodo. 
4.2.4. Outros processos 
Além dos processos convencionais, vários outros processos resultados de pesquisas constituem 
tratamentos avançados, que aliam desenvolvimento tecnológico a máxima eficiência. Dentre eles 
destacam-se: 
• Adsorção por carvão; 
• Eletrodiálise; 
• Biodisco; 
• Troca de íons; 
• Filtração rápida; 
• Filtração por membranas, incluindo micro, ultra e nanofiltração; 
• Osmose inversa; 
• Leitos Cultivados; e 
• Gas stripping. 
Todos esses processos podem ser classificados em função da remoção de poluentes ou da eficiência 
das unidades de tratamento, de acordo com o grau de eficiência obtido por um ou mais dispositivos 
de tratamento. Considerando os usos não potáveis considera-se a classificação em função do grau de",2662,2648
09_adasa_reuso_aguas_cinzas.pdf,Aproveitamento de Águas Pluviais e Reúso de Águas Cinzas,ADASA,manual_tecnico,agua_reuso,2025,vigente,manual técnico,reúso de águas cinzas e aproveitamento de águas pluviais,40," 
28 
Aproveitamento de águas pluviais e reúso de águas cinzas em edificações 
redução dos sólidos suspensos e da demanda bioquímica e química do oxigênio, contudo o tratamento 
pode ser preliminar, primário, secundário ou terciário. Para as classes de uso final considera-se que o 
tratamento secundário já garante a qualidade pretendida, conforme observado nos níveis de remoção 
resumidos na Tabela 8. 
Tabela 8: Remoção de poluentes da água de acordo com o tratamento 
Nível de tratamento  
Poluentes removidos 
Tratamento preliminar 
Remoção de sólidos grosseiros, gorduras e areia  
Tratamento primário 
Remoção de mais de 50% de DBO, SS e Coliformes. Baixa 
eficiência na remoção de vírus e protozoários, mas eficaz na 
remoção de bactérias e helmintos. 
Tratamento secundário 
Remoção de organismos patógenos, nutrientes (N e P) e 
sólidos suspensos e dissolvidos em torno de 90%. 
Tratamento terciário  
Remoção quase que completa de organismos patogênicos, 
alta eficiência na remoção de nutrientes.  
Fonte: Jordão, et al. (2014) 
A desinfecção é adicionada aos processos de tratamento para remover diversos patógenos como 
V. cholerae, S. typhi, E. coli, Giardia e ainda alguns vírus. Ela pode ser feita por processo químico 
ou físico, sendo o mais empregado a adição de cloro, cujo teor residual livre deve estar entre 0,5 e 
1,5 mg/L. Além deste pode ser utilizado também o peróxido de hidrogênio, ácido pera-cético, bromo, 
iodo e permanganato de potássio que constituem outros agentes químicos. Os agentes físicos, por sua 
vez, apresentam ação referenciada na energia de radiação, destacando-se a radiação UV, a radiação 
gama, radiação solar e, a nível domiciliar, a fervura.  
O nível de tratamento empregado sempre é definido pelo uso final pretendido e o tipo escolhido 
influenciará no custo final do processo. Diversas tecnologias, comercialmente disponíveis são 
lançadas no mercado baseando-se em processos naturais de depuração, empregando conceitos 
simples com técnicas sofisticadas para um ambiente controlado em que a eficiência é exponenciada. 
De acordo com a fonte de abastecimento pode ser recomendado a técnica de tratamento que alcançará 
a qualidade pretendida. A literatura internacional recomenda que fontes alternativas de água devem 
ser separadas e receber tratamento diferenciado, devido as diferenças na concentração dos poluentes 
presentes (WHO, 1997).   
Águas pluviais são comumente utilizadas para fins potáveis em diversos países apenas com o 
tratamento secundário, uma vez que essa fonte alternativa de água possui contaminantes em 
concentrações menores, possibilitando uma maior qualidade a partir de um tratamento mais simples. 
Ao se considerar reúso não potável o tratamento primário onde se remove sólidos suspensos e 
dissolvidos seguidos de desinfecção por cloração com tempo mínimo de contato de 15 minutos já 
alcança a categoria de reúso mais exigente. 
Quando se considera sistemas de tratamento de águas cinzas vários fatores devem ser considerados. 
O uso de águas cinzas tratadas sem desinfecção é recomendado somente para irrigação subsuperficial, 
para todos os demais usos finais a desinfecção é necessária (DEPARTMENT OF HEALTH, 2010). 
Estudos mostram que a utilização de 75mg/L de cloro na desinfeção por 15 minutos é eficaz na 
eliminação de mais de 90% de E. coli (March et al., 2004). O pré-tratamento realizado demonstra a 
",3402,"Aproveitamento de águas pluviais e reúso de águas cinzas em edificações 
redução dos sólidos suspensos e da demanda bioquímica e química do oxigênio, contudo o tratamento 
pode ser preliminar, primário, secundário ou terciário. Para as classes de uso final considera-se que o 
tratamento secundário já garante a qualidade pretendida, conforme observado nos níveis de remoção 
resumidos na Tabela 8. 
Tabela 8: Remoção de poluentes da água de acordo com o tratamento 
Nível de tratamento 
Poluentes removidos 
Tratamento preliminar 
Remoção de sólidos grosseiros, gorduras e areia 
Tratamento primário 
Remoção de mais de 50% de DBO, SS e Coliformes. Baixa 
eficiência na remoção de vírus e protozoários, mas eficaz na 
remoção de bactérias e helmintos. 
Tratamento secundário 
Remoção de organismos patógenos, nutrientes (N e P) e 
sólidos suspensos e dissolvidos em torno de 90%. 
Tratamento terciário 
Remoção quase que completa de organismos patogênicos, 
alta eficiência na remoção de nutrientes. 
Fonte: Jordão, et al. (2014) 
A desinfecção é adicionada aos processos de tratamento para remover diversos patógenos como 
V. cholerae, S. typhi, E. coli, Giardia e ainda alguns vírus. Ela pode ser feita por processo químico 
ou físico, sendo o mais empregado a adição de cloro, cujo teor residual livre deve estar entre 0,5 e 
1,5 mg/L. Além deste pode ser utilizado também o peróxido de hidrogênio, ácido pera-cético, bromo, 
iodo e permanganato de potássio que constituem outros agentes químicos. Os agentes físicos, por sua 
vez, apresentam ação referenciada na energia de radiação, destacando-se a radiação UV, a radiação 
gama, radiação solar e, a nível domiciliar, a fervura. 
O nível de tratamento empregado sempre é definido pelo uso final pretendido e o tipo escolhido 
influenciará no custo final do processo. Diversas tecnologias, comercialmente disponíveis são 
lançadas no mercado baseando-se em processos naturais de depuração, empregando conceitos 
simples com técnicas sofisticadas para um ambiente controlado em que a eficiência é exponenciada. 
De acordo com a fonte de abastecimento pode ser recomendado a técnica de tratamento que alcançará 
a qualidade pretendida. A literatura internacional recomenda que fontes alternativas de água devem 
ser separadas e receber tratamento diferenciado, devido as diferenças na concentração dos poluentes 
presentes (WHO, 1997). 
Águas pluviais são comumente utilizadas para fins potáveis em diversos países apenas com o 
tratamento secundário, uma vez que essa fonte alternativa de água possui contaminantes em 
concentrações menores, possibilitando uma maior qualidade a partir de um tratamento mais simples. 
Ao se considerar reúso não potável o tratamento primário onde se remove sólidos suspensos e 
dissolvidos seguidos de desinfecção por cloração com tempo mínimo de contato de 15 minutos já 
alcança a categoria de reúso mais exigente. 
Quando se considera sistemas de tratamento de águas cinzas vários fatores devem ser considerados. 
O uso de águas cinzas tratadas sem desinfecção é recomendado somente para irrigação subsuperficial, 
para todos os demais usos finais a desinfecção é necessária (DEPARTMENT OF HEALTH, 2010). 
Estudos mostram que a utilização de 75mg/L de cloro na desinfeção por 15 minutos é eficaz na 
eliminação de mais de 90% de E. coli (March et al., 2004). O pré-tratamento realizado demonstra a",3402,3387
09_adasa_reuso_aguas_cinzas.pdf,Aproveitamento de Águas Pluviais e Reúso de Águas Cinzas,ADASA,manual_tecnico,agua_reuso,2025,vigente,manual técnico,reúso de águas cinzas e aproveitamento de águas pluviais,41," 
 
 
29 
Padrões de qualidade, critérios de instalação e manutenção 
redução de 20 a 30% de DBO e 50 a 60% de sólidos suspensos. Tratamentos secundários, sobretudo 
os biológicos, conseguem alcançar níveis elevados da retirada de poluentes, incluindo, inclusive, 
microrganismos patógenos, não sendo necessário tratamento terciário para usos não potáveis, 
tomadas as devidas precauções recomendadas em cada uso (UNEP, 2010).  
4.3. Reservatório de retenção 
O reservatório de retenção tem a função de acumular e armazenar, por um determinado período de 
tempo, as fontes alternativas de água tratadas para uso não potável. Recomenda-se realizar o 
tratamento da água antes de armazená-la no reservatório de retenção. Dessa maneira, as águas pluviais 
tratadas podem ficar armazenadas por grandes períodos de tempo ao longo do ano sem comprometer 
sua qualidade, e possíveis impactos ambientais pela contaminação do solo podem ser evitados, caso 
ocorra uma infiltração em reservatório de águas cinzas. 
O reservatório de retenção fornece água à rede de distribuição, e o seu volume é dimensionado em 
função da vazão da oferta e demanda de água dentro de um determinado período de tempo. A falta 
de uso da água pode levar a sua estagnação e consequente proliferação de microrganismos que afetam 
a qualidade da água armazenada. A localização dos reservatórios de retenção tem um grande impacto 
na qualidade da água armazenada. Além de economizar espaço, reservatórios enterrados apresentam 
uma melhor condição climática do que reservatórios aparentes. Reservatório apoiados ao solo podem 
ficar expostos ao sol, promovendo condições ideais para a proliferação de algas, fungos e bactérias 
dentro do reservatório, afetando a qualidade da água armazenada. 
Existem diferentes tipos e volumes de reservatórios no mercado brasileiro. Entre eles, destacam-se 
reservatórios de PVC rígido, polietileno ou fibra de vidro para instalação sobre o solo ou enterrados, 
e horizontais ou verticais. Em geral, esses reservatórios garantem estanqueidade da água, porém são 
limitados pela sua capacidade de armazenamento. Para tanto, volumes de maiores de armazenamento 
podem ser obtidos pela conexão de reservatórios por vasos comunicantes no fundo. Reservatórios 
comerciais enterrados necessitam de cuidados estruturais para resistir à pressão do solo – 
especialmente sistemas de aproveitamento de águas pluviais, que podem ficar vazias no período de 
estiagem. Neste caso, recomenda-se seguir as exigências de instalação dos fabricantes. 
Reservatórios de retenção também podem ser montados in-loco (por partes pré-moldadas de concreto, 
polietileno ou plástico reforçado com fibras de vidro - PRFV) ou construídos em alvenaria, ferro-
cimento e concreto armado. Em ambos os casos, é importante zelar pela estanqueidade do reservatório 
para garantir a eficiência do sistema, qualidade de água armazenada, e evitar infiltrações que 
prejudiquem sua estrutura e fundação. A Norma ABNT NBR 12217/1994 recomenda que o fundo do 
reservatório deve ficar acima do nível máximo do lençol freático. Sob o fundo do reservatório 
construído, deve ser considerado, um sistema de drenagem subestrutural, com alarme em caso de 
falha da bomba, capaz de descarregar eventuais vazamentos em caixa ou poço de visita.  
Os reservatórios de retenção devem prever pelo menos uma abertura de inspeção, com dimensão 
mínima de 60cm, fechada com tampa inteiriça, dotada de dispositivo de travamento para limpeza e 
manutenção de equipamentos instalados dentro do reservatório. Para reservatórios construídos, a 
ABNT NBR 12217 recomenda posicionar a abertura de inspeção junto a uma parede, 
preferencialmente na mesma vertical da área de equipamentos internos, e elevar as bordas a pelo 
",3765,"Padrões de qualidade, critérios de instalação e manutenção 
redução de 20 a 30% de DBO e 50 a 60% de sólidos suspensos. Tratamentos secundários, sobretudo 
os biológicos, conseguem alcançar níveis elevados da retirada de poluentes, incluindo, inclusive, 
microrganismos patógenos, não sendo necessário tratamento terciário para usos não potáveis, 
tomadas as devidas precauções recomendadas em cada uso (UNEP, 2010). 
4.3. Reservatório de retenção 
O reservatório de retenção tem a função de acumular e armazenar, por um determinado período de 
tempo, as fontes alternativas de água tratadas para uso não potável. Recomenda-se realizar o 
tratamento da água antes de armazená-la no reservatório de retenção. Dessa maneira, as águas pluviais 
tratadas podem ficar armazenadas por grandes períodos de tempo ao longo do ano sem comprometer 
sua qualidade, e possíveis impactos ambientais pela contaminação do solo podem ser evitados, caso 
ocorra uma infiltração em reservatório de águas cinzas. 
O reservatório de retenção fornece água à rede de distribuição, e o seu volume é dimensionado em 
função da vazão da oferta e demanda de água dentro de um determinado período de tempo. A falta 
de uso da água pode levar a sua estagnação e consequente proliferação de microrganismos que afetam 
a qualidade da água armazenada. A localização dos reservatórios de retenção tem um grande impacto 
na qualidade da água armazenada. Além de economizar espaço, reservatórios enterrados apresentam 
uma melhor condição climática do que reservatórios aparentes. Reservatório apoiados ao solo podem 
ficar expostos ao sol, promovendo condições ideais para a proliferação de algas, fungos e bactérias 
dentro do reservatório, afetando a qualidade da água armazenada. 
Existem diferentes tipos e volumes de reservatórios no mercado brasileiro. Entre eles, destacam-se 
reservatórios de PVC rígido, polietileno ou fibra de vidro para instalação sobre o solo ou enterrados, 
e horizontais ou verticais. Em geral, esses reservatórios garantem estanqueidade da água, porém são 
limitados pela sua capacidade de armazenamento. Para tanto, volumes de maiores de armazenamento 
podem ser obtidos pela conexão de reservatórios por vasos comunicantes no fundo. Reservatórios 
comerciais enterrados necessitam de cuidados estruturais para resistir à pressão do solo – 
especialmente sistemas de aproveitamento de águas pluviais, que podem ficar vazias no período de 
estiagem. Neste caso, recomenda-se seguir as exigências de instalação dos fabricantes. 
Reservatórios de retenção também podem ser montados in-loco (por partes pré-moldadas de concreto, 
polietileno ou plástico reforçado com fibras de vidro - PRFV) ou construídos em alvenaria, ferro-
cimento e concreto armado. Em ambos os casos, é importante zelar pela estanqueidade do reservatório 
para garantir a eficiência do sistema, qualidade de água armazenada, e evitar infiltrações que 
prejudiquem sua estrutura e fundação. A Norma ABNT NBR 12217/1994 recomenda que o fundo do 
reservatório deve ficar acima do nível máximo do lençol freático. Sob o fundo do reservatório 
construído, deve ser considerado, um sistema de drenagem subestrutural, com alarme em caso de 
falha da bomba, capaz de descarregar eventuais vazamentos em caixa ou poço de visita. 
Os reservatórios de retenção devem prever pelo menos uma abertura de inspeção, com dimensão 
mínima de 60cm, fechada com tampa inteiriça, dotada de dispositivo de travamento para limpeza e 
manutenção de equipamentos instalados dentro do reservatório. Para reservatórios construídos, a 
ABNT NBR 12217 recomenda posicionar a abertura de inspeção junto a uma parede, 
preferencialmente na mesma vertical da área de equipamentos internos, e elevar as bordas a pelo",3765,3751
09_adasa_reuso_aguas_cinzas.pdf,Aproveitamento de Águas Pluviais e Reúso de Águas Cinzas,ADASA,manual_tecnico,agua_reuso,2025,vigente,manual técnico,reúso de águas cinzas e aproveitamento de águas pluviais,42," 
30 
Aproveitamento de águas pluviais e reúso de águas cinzas em edificações 
menos 10cm de altura acima da superfície da cobertura para evitar a queda de matéria dentro do 
reservatório. Em regiões suscetíveis a enchentes, recomenda-se elevar os pontos de acesso ou utilizar 
tampas estanques em reservatórios enterrados para evitar uma possível contaminação da água.  
Os pontos de entrada e saída de água devem conter dispositivos de proteção contra a entrada de insetos 
e roedores presentes nas canalizações de drenagem ou esgotamento sanitário para garantir a qualidade 
da água armazenada. Reservatórios de retenção devem prever extravasores para a liberação do 
excesso de água para a rede de drenagem, no caso de águas pluviais, ou esgotamento sanitário, no 
caso de águas cinzas. Dispositivos de prevenção contra o refluxo de água da rede de drenagem (águas 
pluviais) ou esgotamento sanitário (águas cinzas) também devem ser instalados nos extravasores para 
evitar a contaminação da água tratada armazenada. Válvulas de retenção podem ser utilizadas para 
evitar eventuais refluxos e entrada de possíveis insetos ou roedores presentes nas canalizações de 
drenagem ou esgotamento sanitário.  
Reservatórios de retenção podem possuir um duto de ventilação para renovação do ar no interior do 
reservatório. Nesse caso, o duto de ventilação deve ser protegido com cobertura e tela para impedir a 
entrada de chuva e de insetos no interior do reservatório. A ventilação nos reservatórios auxilia na 
qualidade de água armazenada, além de manter a pressão neutra do ar no interior do reservatório.   
4.4. Alimentação de água potável 
Segundo a Norma ABNT NBR 5626, as instalações prediais de água devem ser projetadas de modo 
que garantam o fornecimento de água de forma contínua nos pontos de utilização da edificação. Para 
tanto, as instalações hidráulicas de água não potável devem prever meios para garantir o 
abastecimento contínuo de água em caso de falta de água ou problemas no sistema de tratamento. 
Neste caso, a complementação de água potável da concessionária local torna-se imprescindível, 
especialmente em usos internos, como descarga sanitária e lavagem de roupas.  
Figura 7: Esquema de separação atmosférica padronizada. 
 
Fonte: ABNT (1998) 
",2276,"Aproveitamento de águas pluviais e reúso de águas cinzas em edificações 
menos 10cm de altura acima da superfície da cobertura para evitar a queda de matéria dentro do 
reservatório. Em regiões suscetíveis a enchentes, recomenda-se elevar os pontos de acesso ou utilizar 
tampas estanques em reservatórios enterrados para evitar uma possível contaminação da água. 
Os pontos de entrada e saída de água devem conter dispositivos de proteção contra a entrada de insetos 
e roedores presentes nas canalizações de drenagem ou esgotamento sanitário para garantir a qualidade 
da água armazenada. Reservatórios de retenção devem prever extravasores para a liberação do 
excesso de água para a rede de drenagem, no caso de águas pluviais, ou esgotamento sanitário, no 
caso de águas cinzas. Dispositivos de prevenção contra o refluxo de água da rede de drenagem (águas 
pluviais) ou esgotamento sanitário (águas cinzas) também devem ser instalados nos extravasores para 
evitar a contaminação da água tratada armazenada. Válvulas de retenção podem ser utilizadas para 
evitar eventuais refluxos e entrada de possíveis insetos ou roedores presentes nas canalizações de 
drenagem ou esgotamento sanitário. 
Reservatórios de retenção podem possuir um duto de ventilação para renovação do ar no interior do 
reservatório. Nesse caso, o duto de ventilação deve ser protegido com cobertura e tela para impedir a 
entrada de chuva e de insetos no interior do reservatório. A ventilação nos reservatórios auxilia na 
qualidade de água armazenada, além de manter a pressão neutra do ar no interior do reservatório. 
4.4. Alimentação de água potável 
Segundo a Norma ABNT NBR 5626, as instalações prediais de água devem ser projetadas de modo 
que garantam o fornecimento de água de forma contínua nos pontos de utilização da edificação. Para 
tanto, as instalações hidráulicas de água não potável devem prever meios para garantir o 
abastecimento contínuo de água em caso de falta de água ou problemas no sistema de tratamento. 
Neste caso, a complementação de água potável da concessionária local torna-se imprescindível, 
especialmente em usos internos, como descarga sanitária e lavagem de roupas. 
Figura 7: Esquema de separação atmosférica padronizada. 
 
Fonte: ABNT (1998)",2276,2263
09_adasa_reuso_aguas_cinzas.pdf,Aproveitamento de Águas Pluviais e Reúso de Águas Cinzas,ADASA,manual_tecnico,agua_reuso,2025,vigente,manual técnico,reúso de águas cinzas e aproveitamento de águas pluviais,43," 
 
 
31 
Padrões de qualidade, critérios de instalação e manutenção 
A alimentação de água potável pode ser realizada no reservatório de retenção ou no reservatório de 
distribuição. Para ambos os casos, torna-se imprescindível prever meios para evitar uma possível 
contaminação da rede de água potável. Para a alimentação de água potável em reservatórios de água 
não potável, recomenda-se o uso de dispositivos de prevenção de refluxo em pontos de suprimento 
de água. Segundo a NBR 5626, o dispositivo de prevenção ao refluxo mais efetivo é a separação 
atmosférica padronizada representada na Figura. A separação atmosférica garante uma distância 
mínima entre as paredes do reservatório e altura mínima do ponto de suprimento e o nível de 
transbordamento do reservatório, apresentadas abaixo na Equação 1. 
!""í$ = 3' 
(1) 
Sendo que: 
ℎ""í$ (mm) 
' (mm) 
20 
' ≤14 
25 
14 < ' ≤21 
70 
21 < ' ≤41 
2' 
41 < ' 
Onde: 
!""í$ = Distância mínima entre o ponto de suprimento e a parede do reservatório (mm) 
' = Diâmetro interno da tubulação de suprimento de água (mm) 
ℎ""í$ = Altura mínima entre o ponto de suprimento e o nível de transbordamento da água no reservatório (mm) 
4.5. Bomba d’água 
A Norma ABNT NBR 12214/1992 apresenta os critérios e especificações necessários para o 
dimensionamento de bombas hidráulicas. Existem diferentes tipos de bombas hidráulicas no mercado 
brasileiro. A mais utilizada em sistemas prediais de água são as bombas centrífugas. A bomba 
centrífuga contém um rotor giratório em eixo que promove uma ação centrífuga contínua capaz de 
extrair a água do reservatório por sucção e pressurizar a água para usos externos ou promover seu 
recalque a um reservatório de distribuição.  
Em geral, bombas hidráulicas podem ser de superfície ou submersas, dentro do reservatório de 
retenção. A manutenção de bombas de superfície tende a ser mais simples e barata em relação a 
bombas submersas. Porém, geralmente necessitam de uma válvula de retenção e uma válvula de pé 
para evitar a entrada de ar na tubulação de recalque ou de sucção. Bombas autoaspirantes não exigem 
o uso de válvulas de retenção, pois o acessório já vem instalado dentro do equipamento.  
É importante evitar o funcionamento da bomba a seco para evitar seu desgaste e promover a 
durabilidade da bomba. Bombas d’água podem ser acionadas manualmente utilizando um interruptor 
(disjuntor) ou elas podem ser controladas por uma chave-bóia. Bombas acionadas manualmente são 
geralmente utilizadas na alimentação de água direta a usos externos, como irrigação ou lavagem de 
pisos. A chave-bóia aplica-se ao recalque da água armazenada no reservatório de retenção para o 
reservatório de distribuição. Neste caso, uma chave bóia instalada no reservatório de distribuição liga 
e desliga a bomba para controlar o recalque da água. Caso a alimentação de água potável não seja 
realizada no reservatório de retenção, uma segunda chave-bóia, instalada em paralelo, no fundo do 
reservatório de retenção, corta o funcionamento da bomba caso esteja vazio. 
",3052,"Padrões de qualidade, critérios de instalação e manutenção 
A alimentação de água potável pode ser realizada no reservatório de retenção ou no reservatório de 
distribuição. Para ambos os casos, torna-se imprescindível prever meios para evitar uma possível 
contaminação da rede de água potável. Para a alimentação de água potável em reservatórios de água 
não potável, recomenda-se o uso de dispositivos de prevenção de refluxo em pontos de suprimento 
de água. Segundo a NBR 5626, o dispositivo de prevenção ao refluxo mais efetivo é a separação 
atmosférica padronizada representada na Figura. A separação atmosférica garante uma distância 
mínima entre as paredes do reservatório e altura mínima do ponto de suprimento e o nível de 
transbordamento do reservatório, apresentadas abaixo na Equação 1.!""í$ = 3' 
(1) 
Sendo que: 
ℎ""í$ (mm) 
' (mm) 
 
' ≤14 
 
14 < ' ≤21 
 
21 < ' ≤41 
2' 
41 < ' 
Onde:!""í$ = Distância mínima entre o ponto de suprimento e a parede do reservatório (mm) 
' = Diâmetro interno da tubulação de suprimento de água (mm) 
ℎ""í$ = Altura mínima entre o ponto de suprimento e o nível de transbordamento da água no reservatório (mm) 
4.5. Bomba d’água 
A Norma ABNT NBR 12214/1992 apresenta os critérios e especificações necessários para o 
dimensionamento de bombas hidráulicas. Existem diferentes tipos de bombas hidráulicas no mercado 
brasileiro. A mais utilizada em sistemas prediais de água são as bombas centrífugas. A bomba 
centrífuga contém um rotor giratório em eixo que promove uma ação centrífuga contínua capaz de 
extrair a água do reservatório por sucção e pressurizar a água para usos externos ou promover seu 
recalque a um reservatório de distribuição. 
Em geral, bombas hidráulicas podem ser de superfície ou submersas, dentro do reservatório de 
retenção. A manutenção de bombas de superfície tende a ser mais simples e barata em relação a 
bombas submersas. Porém, geralmente necessitam de uma válvula de retenção e uma válvula de pé 
para evitar a entrada de ar na tubulação de recalque ou de sucção. Bombas autoaspirantes não exigem 
o uso de válvulas de retenção, pois o acessório já vem instalado dentro do equipamento. 
É importante evitar o funcionamento da bomba a seco para evitar seu desgaste e promover a 
durabilidade da bomba. Bombas d’água podem ser acionadas manualmente utilizando um interruptor 
(disjuntor) ou elas podem ser controladas por uma chave-bóia. Bombas acionadas manualmente são 
geralmente utilizadas na alimentação de água direta a usos externos, como irrigação ou lavagem de 
pisos. A chave-bóia aplica-se ao recalque da água armazenada no reservatório de retenção para o 
reservatório de distribuição. Neste caso, uma chave bóia instalada no reservatório de distribuição liga 
e desliga a bomba para controlar o recalque da água. Caso a alimentação de água potável não seja 
realizada no reservatório de retenção, uma segunda chave-bóia, instalada em paralelo, no fundo do 
reservatório de retenção, corta o funcionamento da bomba caso esteja vazio.",3052,3028
09_adasa_reuso_aguas_cinzas.pdf,Aproveitamento de Águas Pluviais e Reúso de Águas Cinzas,ADASA,manual_tecnico,agua_reuso,2025,vigente,manual técnico,reúso de águas cinzas e aproveitamento de águas pluviais,44," 
32 
Aproveitamento de águas pluviais e reúso de águas cinzas em edificações 
Uma bomba pressurizadora no sistema predial de água não potável é capaz de promover uma 
alimentação direta aos pontos de uso externo e indireta ao reservatório de distribuição. Bombas 
pressurizadoras contém um sensor que ativa o funcionamento da bomba toda vez que houver fluxo 
de água (fluxostato) ou queda de pressão (pressostato) na rede. O desligamento da bomba ocorre 
quando o fluxo de água é interrompido, ou a pressão na rede é estabilizada. Neste caso, o uso de 
chave-bóia é dispensado, e uma torneira bóia padrão instalada no ponto de alimentação do 
reservatório de distribuição é capaz de controlar a entrada de água não potável. 
4.6. Reservatório de distribuição 
Reservatórios de distribuição tem a função de armazenar um volume equivalente ao consumo diário 
de água não potável para distribuição por gravidade em diferentes pontos de uso da edificação. Os 
reservatórios de distribuição podem ser comercialmente disponíveis em polietileno, poliéster 
reforçado com fibra de vidro, fibrocimento e aço inox, ou construídos em concreto armado. Os 
reservatórios de concreto armado devem ser impermeabilizados de acordo com a ABNT NBR 
9574/2008 e executados de acordo com a ABNT NBR 6118/2004. 
Uma tubulação de limpeza deve ser posicionada na parte mais baixa do reservatório com uma válvula 
de registro de maneira que possibilite esvaziá-lo completamente. A ABNT NBR 5626 recomenda a 
limpeza periódica a cada seis meses, devendo ser utilizado hipoclorito de sódio em solução para 
desinfecção do reservatório. A tubulação do extravasor deve escoar livremente a um local visível, 
servindo de altera caso haja alguma falha no abastecimento de água não potável. A recomendação é 
que o diâmetro do extravasor seja, no mínimo, um diâmetro superior ao diâmetro da tubulação de 
alimentação.  
A Figura 8 apresenta a configuração hidráulica de um reservatório de distribuição que controla a 
alimentação de água não potável e de água potável pelo uso de chaves-bóia em diferentes zonas de 
alimentação dentro do reservatório. Em caso de desabastecimento de água não potável, recomenda-
se utilizar uma zona de alimentação de água potável de no mínimo 1/3 da capacidade do reservatório.  
Figura 8: Exemplo de instalação de um reservatório de distribuição de água pluvial. 
 
",2371,"Aproveitamento de águas pluviais e reúso de águas cinzas em edificações 
Uma bomba pressurizadora no sistema predial de água não potável é capaz de promover uma 
alimentação direta aos pontos de uso externo e indireta ao reservatório de distribuição. Bombas 
pressurizadoras contém um sensor que ativa o funcionamento da bomba toda vez que houver fluxo 
de água (fluxostato) ou queda de pressão (pressostato) na rede. O desligamento da bomba ocorre 
quando o fluxo de água é interrompido, ou a pressão na rede é estabilizada. Neste caso, o uso de 
chave-bóia é dispensado, e uma torneira bóia padrão instalada no ponto de alimentação do 
reservatório de distribuição é capaz de controlar a entrada de água não potável. 
4.6. Reservatório de distribuição 
Reservatórios de distribuição tem a função de armazenar um volume equivalente ao consumo diário 
de água não potável para distribuição por gravidade em diferentes pontos de uso da edificação. Os 
reservatórios de distribuição podem ser comercialmente disponíveis em polietileno, poliéster 
reforçado com fibra de vidro, fibrocimento e aço inox, ou construídos em concreto armado. Os 
reservatórios de concreto armado devem ser impermeabilizados de acordo com a ABNT NBR 
9574/2008 e executados de acordo com a ABNT NBR 6118/2004. 
Uma tubulação de limpeza deve ser posicionada na parte mais baixa do reservatório com uma válvula 
de registro de maneira que possibilite esvaziá-lo completamente. A ABNT NBR 5626 recomenda a 
limpeza periódica a cada seis meses, devendo ser utilizado hipoclorito de sódio em solução para 
desinfecção do reservatório. A tubulação do extravasor deve escoar livremente a um local visível, 
servindo de altera caso haja alguma falha no abastecimento de água não potável. A recomendação é 
que o diâmetro do extravasor seja, no mínimo, um diâmetro superior ao diâmetro da tubulação de 
alimentação. 
A Figura 8 apresenta a configuração hidráulica de um reservatório de distribuição que controla a 
alimentação de água não potável e de água potável pelo uso de chaves-bóia em diferentes zonas de 
alimentação dentro do reservatório. Em caso de desabastecimento de água não potável, recomenda-
se utilizar uma zona de alimentação de água potável de no mínimo 1/3 da capacidade do reservatório. 
Figura 8: Exemplo de instalação de um reservatório de distribuição de água pluvial.",2371,2359
09_adasa_reuso_aguas_cinzas.pdf,Aproveitamento de Águas Pluviais e Reúso de Águas Cinzas,ADASA,manual_tecnico,agua_reuso,2025,vigente,manual técnico,reúso de águas cinzas e aproveitamento de águas pluviais,45," 
 
 
33 
Padrões de qualidade, critérios de instalação e manutenção 
4.7. Rede de distribuição 
O dimensionamento e instalação da rede de distribuição de água não potável deve ser feito conforme 
especificações da ABNT NBR 5626. A rede de tubulação de distribuição de água não potável deve 
ser projetada de maneira independente para evitar uma possível conexão cruzada com a rede de 
tubulação de água potável. O projeto da rede de distribuição de água não potável deve prever soluções 
para trechos e aparelhos hidrossanitários que caem em desuso. Estagnação de água não potável pode, 
com o tempo, afetar a qualidade da água. Neste caso, recomenda-se o expurgo de trechos inoperantes 
e a limpeza e desinfecção de aparelhos hidrossanitários. Em projetos de blocos residenciais, 
recomenda-se a instalação de vasos sanitários de caixa acoplada com dois pontos de abastecimento, 
um de água potável e outro de água não potável, permitindo que o morador escolha o tipo de água a 
ser utilizada em sua descarga sanitária.  
4.8. Sinalização e segurança 
Segundo a ABNT NBR 5626 a água não potável pode ser utilizada em usos não potáveis, desde que 
as tubulações de água não potável sejam separadas da rede de água potável. Neste caso, a Norma 
aconselha a identificação de tubulações, reservatórios e pontos de uso por meio de símbolos ou cores, 
advertindo usuários com o texto “ÁGUA NÃO POTÁVEL” (ABNT, 1998, p.14). Porém, a Norma 
não apresenta nenhuma legenda de cores ou ilustração relativa à simbologia para identificação do 
sistema. Em pontos de uso de água não potável recomenda-se uma ilustração para alertar o usuário 
da água imprópria para consumo (Figura 9). 
Figura 9: Símbolo gráfico de água não potável em pontos de uso. 
 
A Norma Regulamentadora NR 26 e a ABNT NBR 6493/1994 apresentam recomendações sobre o 
emprego de cores para a identificação de tubulações de fluídos. Em ambas as Normas, a cor verde é 
utilizada em tubulações de água potável e a cor vermelha em tubulações destinadas ao combate a 
incêndio. Até onde vai a normatização brasileira, não há nenhuma indicação de cor para tubulações 
das redes de coleta de águas pluviais, águas cinzas e esgoto sanitário, ou para a rede de distribuição 
de água não potável. Com o intuito de auxiliar na identificação de tubulações prediais para evitar 
conexões cruzadas, a Tabela 9 apresenta recomendações para a sinalização de tubulações prediais 
aparentes.  
Unidades de controle podem ser integrados ao sistema predial de água não potável como instrumento 
de alerta visual/sonoro, ou até mesmo como parte de um sistema de automação predial, para auxiliar 
na gestão predial e monitoramento de desempenho do sistema. Unidades de controle atuam como 
instrumentos operacionais capaz de alertar usuários e/ou gestores sobre eventuais falhas no sistema 
como um todo. Em sistemas de reúso de águas cinzas, por exemplo, unidades de controle podem ser 
utilizadas para monitorar o sistema de tratamento de água. Caso ocorra uma falha no sistema de 
tratamento, a unidade de controle pode cortar o abastecimento da água não potável automaticamente 
",3122,"Padrões de qualidade, critérios de instalação e manutenção 
4.7. Rede de distribuição 
O dimensionamento e instalação da rede de distribuição de água não potável deve ser feito conforme 
especificações da ABNT NBR 5626. A rede de tubulação de distribuição de água não potável deve 
ser projetada de maneira independente para evitar uma possível conexão cruzada com a rede de 
tubulação de água potável. O projeto da rede de distribuição de água não potável deve prever soluções 
para trechos e aparelhos hidrossanitários que caem em desuso. Estagnação de água não potável pode, 
com o tempo, afetar a qualidade da água. Neste caso, recomenda-se o expurgo de trechos inoperantes 
e a limpeza e desinfecção de aparelhos hidrossanitários. Em projetos de blocos residenciais, 
recomenda-se a instalação de vasos sanitários de caixa acoplada com dois pontos de abastecimento, 
um de água potável e outro de água não potável, permitindo que o morador escolha o tipo de água a 
ser utilizada em sua descarga sanitária. 
4.8. Sinalização e segurança 
Segundo a ABNT NBR 5626 a água não potável pode ser utilizada em usos não potáveis, desde que 
as tubulações de água não potável sejam separadas da rede de água potável. Neste caso, a Norma 
aconselha a identificação de tubulações, reservatórios e pontos de uso por meio de símbolos ou cores, 
advertindo usuários com o texto “ÁGUA NÃO POTÁVEL” (ABNT, 1998, p.14). Porém, a Norma 
não apresenta nenhuma legenda de cores ou ilustração relativa à simbologia para identificação do 
sistema. Em pontos de uso de água não potável recomenda-se uma ilustração para alertar o usuário 
da água imprópria para consumo (Figura 9). 
Figura 9: Símbolo gráfico de água não potável em pontos de uso. 
 
A Norma Regulamentadora NR 26 e a ABNT NBR 6493/1994 apresentam recomendações sobre o 
emprego de cores para a identificação de tubulações de fluídos. Em ambas as Normas, a cor verde é 
utilizada em tubulações de água potável e a cor vermelha em tubulações destinadas ao combate a 
incêndio. Até onde vai a normatização brasileira, não há nenhuma indicação de cor para tubulações 
das redes de coleta de águas pluviais, águas cinzas e esgoto sanitário, ou para a rede de distribuição 
de água não potável. Com o intuito de auxiliar na identificação de tubulações prediais para evitar 
conexões cruzadas, a Tabela 9 apresenta recomendações para a sinalização de tubulações prediais 
aparentes. 
Unidades de controle podem ser integrados ao sistema predial de água não potável como instrumento 
de alerta visual/sonoro, ou até mesmo como parte de um sistema de automação predial, para auxiliar 
na gestão predial e monitoramento de desempenho do sistema. Unidades de controle atuam como 
instrumentos operacionais capaz de alertar usuários e/ou gestores sobre eventuais falhas no sistema 
como um todo. Em sistemas de reúso de águas cinzas, por exemplo, unidades de controle podem ser 
utilizadas para monitorar o sistema de tratamento de água. Caso ocorra uma falha no sistema de 
tratamento, a unidade de controle pode cortar o abastecimento da água não potável automaticamente",3122,3108
09_adasa_reuso_aguas_cinzas.pdf,Aproveitamento de Águas Pluviais e Reúso de Águas Cinzas,ADASA,manual_tecnico,agua_reuso,2025,vigente,manual técnico,reúso de águas cinzas e aproveitamento de águas pluviais,46," 
34 
Aproveitamento de águas pluviais e reúso de águas cinzas em edificações 
por meio de uma válvula solenoide, e emitir um sinal de alerta e comunicação ao usuário ou gestor 
do sistema, evitando, dessa forma a distribuição de água imprópria a pontos de uso.   
Tabela 9: Recomendações para identificação de tubulações de instalações hidráulicas prediais. 
Cor 
Tubulação 
 
 
 
 
Verde 
Água Potável 
 
 
 
 
Roxo 
Água Não Potável 
 
 
 
 
Vermelho Combate a Incêndio 
 
 
 
 
Marrom 
Água Pluvial 
 
 
 
 
Cinza 
Água Cinza 
 
 
 
 
Preto 
Esgotamento Sanitário 
 
 
 
 
 
",579,"Aproveitamento de águas pluviais e reúso de águas cinzas em edificações 
por meio de uma válvula solenoide, e emitir um sinal de alerta e comunicação ao usuário ou gestor 
do sistema, evitando, dessa forma a distribuição de água imprópria a pontos de uso. 
Tabela 9: Recomendações para identificação de tubulações de instalações hidráulicas prediais. 
Cor 
Tubulação 
 
 
 
 
Verde 
Água Potável 
 
 
 
 
Roxo 
Água Não Potável 
 
 
 
 
Vermelho Combate a Incêndio 
 
 
 
 
Marrom 
Água Pluvial 
 
 
 
 
Cinza 
Água Cinza 
 
 
 
 
Preto 
Esgotamento Sanitário",579,559
09_adasa_reuso_aguas_cinzas.pdf,Aproveitamento de Águas Pluviais e Reúso de Águas Cinzas,ADASA,manual_tecnico,agua_reuso,2025,vigente,manual técnico,reúso de águas cinzas e aproveitamento de águas pluviais,47," 
 
 
35 
Padrões de qualidade, critérios de instalação e manutenção 
5. Aproveitamento de Águas Pluviais 
Em geral, o aproveitamento de água pluvial é um conceito simples, que envolve a coleta, o 
armazenamento e o uso de água da chuva como uma fonte primária ou complementar de 
abastecimento. Aproveitar a água da chuva é uma prática milenar, comum entre diferentes culturas 
pelo mundo. Não se sabe ao certo sobre sua origem, mas indícios de reservatórios utilizados para o 
aproveitamento de águas pluviais remontam ao terceiro milênio AC em Baluquistão, Índia (GOULD 
e PETERSEN, 1999). A partir do Século XIX, esta prática, historicamente desenvolvida por 
diferentes civilizações, caiu em desuso com a propagação de sistemas públicos de abastecimento, 
fornecendo água em quantidade e qualidade nas edificações (FEWKES, 2006). No final do Século 
XX, com questões relacionadas a estresse hídrico e desenvolvimento sustentável, a busca por sistemas 
alternativos aumentou e, subsídios governamentais de alguns países, alavancou o desenvolvimento 
de novas técnicas e tecnologias capazes de elevar a qualidade e quantidade de água pluvial utilizada. 
Água da chuva é uma água pura, porém, ao entrar em contato com uma superfície de coleta, ela acaba 
se contaminando com uma série impurezas como poeira, terra, pólen, folhas, galhos, fezes de aves, 
entre outros. Não é incomum se deparar com sistemas de aproveitamento de águas pluviais sendo 
utilizadas para usos potáveis em regiões desprovidas de abastecimento público. Porém, em regiões 
urbanizadas, sua aplicação é limitada a fins não potáveis. Com isso, o planejamento de um sistema 
de aproveitamento de águas pluviais deve levar em conta a qualidade e a quantidade de água 
necessária para abastecimento. 
5.1. Características das águas pluviais 
Águas pluviais possuem uma composição química influenciada pelos ciclos geoquímicos e 
bioquímicos, sendo alterado também por ações antropogênicas. No processo de evapotranspiração, 
no ciclo hidrológico, ocorre etapas de purificação da água, entretanto ao entrar em contato com gases 
dissolvidos no ar, como o gás carbônico, o seu pH é logo alterado deixando-a levemente ácida, com 
o pH em torno de 5,6, consequentemente, quanto maior a concentração de gás carbônico dissolvido 
no ar, menor será o pH da água da chuva. Em geral o pH da chuva é alterado pela presença de ácidos 
ânions como ./0
12 e 3/4
2, oriundos de processos de combustão, que na atmosfera reagem com o 
oxigênio dissolvido formando nitrato e sulfato. Além disso a radiação solar e as reações desses gases 
com a água formam o ácido nítrico e sulfúrico, diminuindo o pH. Estudos revelam que as 
características das águas pluviais variam de acordo com a região em que é coletada. Alguns 
parâmetros físico-químicos foram analisados em Brasília-DF, os dados coletados encontram-se na 
Tabela 10.  
A cor e a turbidez das águas pluviais são afetadas pela presença de poeira que é incorporada durante 
a precipitação ou na lavagem das áreas de captação. Segundo Thomas e Rees (1999) as pluviais 
apresentam baixa dureza, o que não afeta a formação de espuma na utilização de sabões e detergentes, 
reduzindo assim seu consumo. Por esse motivo pode-se indicar a utilização dessas águas para lavagem 
de roupas e o uso em irrigação pressurizada não acarreta danos à saúde dos usuários.  
 
",3370,"Padrões de qualidade, critérios de instalação e manutenção 
5. Aproveitamento de Águas Pluviais 
Em geral, o aproveitamento de água pluvial é um conceito simples, que envolve a coleta, o 
armazenamento e o uso de água da chuva como uma fonte primária ou complementar de 
abastecimento. Aproveitar a água da chuva é uma prática milenar, comum entre diferentes culturas 
pelo mundo. Não se sabe ao certo sobre sua origem, mas indícios de reservatórios utilizados para o 
aproveitamento de águas pluviais remontam ao terceiro milênio AC em Baluquistão, Índia (GOULD 
e PETERSEN, 1999). A partir do Século XIX, esta prática, historicamente desenvolvida por 
diferentes civilizações, caiu em desuso com a propagação de sistemas públicos de abastecimento, 
fornecendo água em quantidade e qualidade nas edificações (FEWKES, 2006). No final do Século 
XX, com questões relacionadas a estresse hídrico e desenvolvimento sustentável, a busca por sistemas 
alternativos aumentou e, subsídios governamentais de alguns países, alavancou o desenvolvimento 
de novas técnicas e tecnologias capazes de elevar a qualidade e quantidade de água pluvial utilizada. 
Água da chuva é uma água pura, porém, ao entrar em contato com uma superfície de coleta, ela acaba 
se contaminando com uma série impurezas como poeira, terra, pólen, folhas, galhos, fezes de aves, 
entre outros. Não é incomum se deparar com sistemas de aproveitamento de águas pluviais sendo 
utilizadas para usos potáveis em regiões desprovidas de abastecimento público. Porém, em regiões 
urbanizadas, sua aplicação é limitada a fins não potáveis. Com isso, o planejamento de um sistema 
de aproveitamento de águas pluviais deve levar em conta a qualidade e a quantidade de água 
necessária para abastecimento. 
5.1. Características das águas pluviais 
Águas pluviais possuem uma composição química influenciada pelos ciclos geoquímicos e 
bioquímicos, sendo alterado também por ações antropogênicas. No processo de evapotranspiração, 
no ciclo hidrológico, ocorre etapas de purificação da água, entretanto ao entrar em contato com gases 
dissolvidos no ar, como o gás carbônico, o seu pH é logo alterado deixando-a levemente ácida, com 
o pH em torno de 5,6, consequentemente, quanto maior a concentração de gás carbônico dissolvido 
no ar, menor será o pH da água da chuva. Em geral o pH da chuva é alterado pela presença de ácidos 
ânions como./0
12 e 3/4
2, oriundos de processos de combustão, que na atmosfera reagem com o 
oxigênio dissolvido formando nitrato e sulfato. Além disso a radiação solar e as reações desses gases 
com a água formam o ácido nítrico e sulfúrico, diminuindo o pH. Estudos revelam que as 
características das águas pluviais variam de acordo com a região em que é coletada. Alguns 
parâmetros físico-químicos foram analisados em Brasília-DF, os dados coletados encontram-se na 
Tabela 10. 
A cor e a turbidez das águas pluviais são afetadas pela presença de poeira que é incorporada durante 
a precipitação ou na lavagem das áreas de captação. Segundo Thomas e Rees (1999) as pluviais 
apresentam baixa dureza, o que não afeta a formação de espuma na utilização de sabões e detergentes, 
reduzindo assim seu consumo. Por esse motivo pode-se indicar a utilização dessas águas para lavagem 
de roupas e o uso em irrigação pressurizada não acarreta danos à saúde dos usuários.",3370,3353
09_adasa_reuso_aguas_cinzas.pdf,Aproveitamento de Águas Pluviais e Reúso de Águas Cinzas,ADASA,manual_tecnico,agua_reuso,2025,vigente,manual técnico,reúso de águas cinzas e aproveitamento de águas pluviais,48," 
36 
Aproveitamento de águas pluviais e reúso de águas cinzas em edificações 
Tabela 10: Características das águas pluviais 
Parâmetros 
Valores detectados 
Alcalinidade 
21-29 mg/L de CaCO3 
pH 
6,2 – 6,7 
Cor 
66-152 UT 
Turbidez  
1,0-9,68 UT 
Sólido dissolvido 
32,7-54,3 mg/L 
Sólido suspenso 
1,0-66,0 mg/L 
Sólido total 
64-255 mg/L 
Condutividade  
 65,4-108,5 ms/cm 
DBO 
12,0-28,0 mg/L 
DQO 
0-150 mg/L  
Coliforme fecal 
91-365 mg/L 
TDS 
0-50.000 mg/L  
Nitrito 
0- 3,0 mg/L  
Fósforo Reativo  
0-5,0 mg/L  
Fósforo total 
0-30 mg/L  
Fonte: Costa (2013); Barcelos et al. (2005) 
5.2. Sistemas de aproveitamento de águas pluviais 
A forma mais simples e barata para se aproveitar a água da chuva de telhados, é pelo uso de um barril 
(bombona) conectado de baixo de um condutor vertical. A extração da água armazenada por ser feita 
utilizando um balde, ou instalando um registro/torneira no ponto inferior do reservatório. Existe no 
mercado, reservatórios externos verticais modulares com capacidades podendo chegar a 1000 litros. 
Uma bomba d’água ou até mesmo lavadora de alta pressão pode ser utilizada para a extração da água 
armazenada. Porém, para reservatórios de grande porte, recomenda-se uma configuração hidráulica 
que garanta a qualidade da água armazenada com os seguintes elementos: 
• Dispositivo de descarte e/ou filtro 
• Freio d’água 
• Mangueira flutuante 
• Sifão-ladrão 
• Ventilação 
Figura 10: Configuração hidráulica de reservatórios de retenção (cisternas) de águas pluviais 
 
",1520,"Aproveitamento de águas pluviais e reúso de águas cinzas em edificações 
Tabela 10: Características das águas pluviais 
Parâmetros 
Valores detectados 
Alcalinidade 
21-29 mg/L de CaCO3 
pH 
6,2 – 6,7 
Cor 
66-152 UT 
Turbidez 
1,0-9,68 UT 
Sólido dissolvido 
32,7-54,3 mg/L 
Sólido suspenso 
1,0-66,0 mg/L 
Sólido total 
64-255 mg/L 
Condutividade 
 65,4-108,5 ms/cm 
DBO 
12,0-28,0 mg/L 
DQO 
0-150 mg/L 
Coliforme fecal 
91-365 mg/L 
TDS 
0-50.000 mg/L 
Nitrito 
0- 3,0 mg/L 
Fósforo Reativo 
0-5,0 mg/L 
Fósforo total 
0-30 mg/L 
Fonte: Costa (2013); Barcelos et al. (2005) 
5.2. Sistemas de aproveitamento de águas pluviais 
A forma mais simples e barata para se aproveitar a água da chuva de telhados, é pelo uso de um barril 
(bombona) conectado de baixo de um condutor vertical. A extração da água armazenada por ser feita 
utilizando um balde, ou instalando um registro/torneira no ponto inferior do reservatório. Existe no 
mercado, reservatórios externos verticais modulares com capacidades podendo chegar a 1000 litros. 
Uma bomba d’água ou até mesmo lavadora de alta pressão pode ser utilizada para a extração da água 
armazenada. Porém, para reservatórios de grande porte, recomenda-se uma configuração hidráulica 
que garanta a qualidade da água armazenada com os seguintes elementos: 
• Dispositivo de descarte e/ou filtro 
• Freio d’água 
• Mangueira flutuante 
• Sifão-ladrão 
• Ventilação 
Figura 10: Configuração hidráulica de reservatórios de retenção (cisternas) de águas pluviais",1520,1502
09_adasa_reuso_aguas_cinzas.pdf,Aproveitamento de Águas Pluviais e Reúso de Águas Cinzas,ADASA,manual_tecnico,agua_reuso,2025,vigente,manual técnico,reúso de águas cinzas e aproveitamento de águas pluviais,49," 
 
 
37 
Padrões de qualidade, critérios de instalação e manutenção 
Dispositivos de descarte (first-flush) tem a função de separar e descartar as primeiras águas coletadas 
que contém contaminação atmosférica e impurezas acumuladas na cobertura, evitando sua entrada no 
reservatório de retenção (cisterna). Nos primeiros milímetros de precipitação, grande parte da 
contaminação acumulada na cobertura é ‘lavada’ pelo escoamento inicial da chuva, levando consigo 
grande parte dos poluentes da água pluvial. Em regiões de elevada poluição atmosférica, dispositivos 
de descarte são capazes de remover a contaminação química presentes nos primeiros milímetros de 
precipitação.  
Dispositivos de descarte removem as impurezas presentes nas primeiras águas contaminadas 
desviando o escoamento inicial da chuva a um recipiente que, ao encher, é vedado por uma válvula 
ou bola flutuante para direcionar as águas mais limpas para o reservatório de retenção. O recipiente 
de acúmulo é esvaziado vagarosamente por meio de um orifício ou registro semi-aberto posicionado 
em um ponto inferior. Tomaz (2003) apresenta um regra geral para determinar o volume para descarte 
das primeiras águas pluviais para o município de Guarulhos, separando 1 litro por metro quadrado de 
área de coleta de água. Dispositivos de descarte podem ser montados utilizando materiais hidráulicos 
(tubos, conexões, flutuantes, bombonas, etc.) e instalados próximos de condutores verticais. A Norma 
ABNT NBR recomenda uma limpeza mensal do dispositivo de descarte. 
A filtração de águas pluviais consiste na remoção de partículas na água por meio de um material 
poroso ou em malha. Existem vários tipos de filtros no mercado brasileiro, e diferentes formas de 
filtragem podem ser aplicadas antes e depois do armazenamento da água pluvial. Recomenda-se a 
filtração da água pluvial antes de armazená-la no reservatório de retenção (cisterna) para evitar a 
entrada de grande parte da contaminação encontrada na cobertura (terra, poeira e demais detritos) e 
evitar a degradação da água pela decomposição de matéria orgânica (folhas, galhos, etc.).  
Figura 11: Exemplo de filtros pluviais instalados em condutores verticais (a), condutores horizontais 
(b), ou dentro do reservatório (c). 
(a) 
(b) 
(c) 
 
 
 
Fonte: www.wisy.eu  
O uso de filtros pluviais auto-limpantes é recomendado, pois além de serem projetados 
especificamente para lidar com grandes vazões, eles dispensam limpeza e manutenção constante. A 
periodicidade de limpeza vai depender do tipo de filtro e malha sendo utilizado, mas em geral, a 
Norma ABNT NBR 15527 recomenda uma limpeza trimestral para garantir sua máxima eficiência. 
Os filtros pluviais podem ser instalados em condutores verticais (Tabela 11a), em condutores 
horizontais (Tabela 11b) ou dentro do reservatório (Tabela 11c). A filtração da água pluvial após 
armazenamento, pode ser realizada utilizando filtros de malhas finas, cartuchos ou areia e carvão 
ativado para um ‘polimento’ final da água.  
",3020,"Padrões de qualidade, critérios de instalação e manutenção 
Dispositivos de descarte (first-flush) tem a função de separar e descartar as primeiras águas coletadas 
que contém contaminação atmosférica e impurezas acumuladas na cobertura, evitando sua entrada no 
reservatório de retenção (cisterna). Nos primeiros milímetros de precipitação, grande parte da 
contaminação acumulada na cobertura é ‘lavada’ pelo escoamento inicial da chuva, levando consigo 
grande parte dos poluentes da água pluvial. Em regiões de elevada poluição atmosférica, dispositivos 
de descarte são capazes de remover a contaminação química presentes nos primeiros milímetros de 
precipitação. 
Dispositivos de descarte removem as impurezas presentes nas primeiras águas contaminadas 
desviando o escoamento inicial da chuva a um recipiente que, ao encher, é vedado por uma válvula 
ou bola flutuante para direcionar as águas mais limpas para o reservatório de retenção. O recipiente 
de acúmulo é esvaziado vagarosamente por meio de um orifício ou registro semi-aberto posicionado 
em um ponto inferior. Tomaz (2003) apresenta um regra geral para determinar o volume para descarte 
das primeiras águas pluviais para o município de Guarulhos, separando 1 litro por metro quadrado de 
área de coleta de água. Dispositivos de descarte podem ser montados utilizando materiais hidráulicos 
(tubos, conexões, flutuantes, bombonas, etc.) e instalados próximos de condutores verticais. A Norma 
ABNT NBR recomenda uma limpeza mensal do dispositivo de descarte. 
A filtração de águas pluviais consiste na remoção de partículas na água por meio de um material 
poroso ou em malha. Existem vários tipos de filtros no mercado brasileiro, e diferentes formas de 
filtragem podem ser aplicadas antes e depois do armazenamento da água pluvial. Recomenda-se a 
filtração da água pluvial antes de armazená-la no reservatório de retenção (cisterna) para evitar a 
entrada de grande parte da contaminação encontrada na cobertura (terra, poeira e demais detritos) e 
evitar a degradação da água pela decomposição de matéria orgânica (folhas, galhos, etc.). 
Figura 11: Exemplo de filtros pluviais instalados em condutores verticais (a), condutores horizontais 
(b), ou dentro do reservatório (c). 
(a) 
(b) 
(c) 
 
 
 
Fonte: 
O uso de filtros pluviais auto-limpantes é recomendado, pois além de serem projetados 
especificamente para lidar com grandes vazões, eles dispensam limpeza e manutenção constante. A 
periodicidade de limpeza vai depender do tipo de filtro e malha sendo utilizado, mas em geral, a 
Norma ABNT NBR 15527 recomenda uma limpeza trimestral para garantir sua máxima eficiência. 
Os filtros pluviais podem ser instalados em condutores verticais (Tabela 11a), em condutores 
horizontais (Tabela 11b) ou dentro do reservatório (Tabela 11c). A filtração da água pluvial após 
armazenamento, pode ser realizada utilizando filtros de malhas finas, cartuchos ou areia e carvão 
ativado para um ‘polimento’ final da água.",3020,2992
09_adasa_reuso_aguas_cinzas.pdf,Aproveitamento de Águas Pluviais e Reúso de Águas Cinzas,ADASA,manual_tecnico,agua_reuso,2025,vigente,manual técnico,reúso de águas cinzas e aproveitamento de águas pluviais,50," 
38 
Aproveitamento de águas pluviais e reúso de águas cinzas em edificações 
Mesmo após filtração ou descarte das primeiras águas pluviais, é possível encontrar partículas finas 
(< 0,3mm) e sólidos dissolvidos na água armazenada. Com o tempo, ocorre a decantação das 
partículas mais densas que a água, que acabam acumulando no fundo do reservatório de retenção 
(cisterna). Para evitar o turbilhonamento dos sedimentos acumulados no fundo do reservatório, 
recomenda-se conduzir qualquer tubulação de entrada ao fundo do reservatório, e instalar um freio 
d’água capaz de promover a suavização da entrada da água. O freio d’água pode ser montado 
utilizando tubos e conexões, ou ele pode ser adquirido comercialmente. 
As impurezas menos densas que a água se acumulam na superfície da água armazenada. Para tanto, 
é recomendado a extração da água armazenada no seu ponto mais limpo: logo abaixo da superfície. 
A instalação de uma mangueira flexível presa a uma bola flutuante é capaz de extrair a água 
armazenada logo abaixo da superfície. A mangueira flutuante pode ser instalada junto a uma bomba 
d’água (externa ou submersa) para a extração da água armazenada por sucção. Em alguns casos, um 
filtro de malha fina pode ser fixado entre o flutuador e a mangueira para promover um polimento 
final da água antes de sua extração, e preservar a vida útil da bomba. 
Para a remoção das impurezas que se acumulam na superfície da água armazenada, recomenda-se 
dimensionar o reservatório de retenção (cisterna) de maneira que ocorra o transbordamento da água 
armazenada pelo menos duas vezes ao ano. Em pontos de extravasão de reservatórios, recomenda-se 
a adoção de um sifão com válvula de retenção para evitar a entrada de gases, insetos e roedores das 
canalizações de drenagem. O sifão-ladrão pode ser montado utilizando tubos e conexões, desde que 
uma válvula de retenção seja instalada junto ao extravasor, ou o dispositivo pode ser adquirido pronto 
no mercado brasileiro provido com válvula de retenção com proteção para evitar a entrada de 
roedores. 
Existem uma série de microrganismos inofensivos dentro do reservatório de retenção que se 
alimentam de nutrientes presentes na água armazenada. Ao entrar no reservatório, a água pluvial 
acaba oxigenando a água armazenada. Isso pode ocorrer em função do tipo de filtro sendo usado ou 
simplesmente pelo impacto da água junto ao freio d’água. Consequentemente, um biofilme de 
bactérias aeróbias acaba se estabelecendo no fundo do reservatório, junto à sedimentação. Para 
promover uma atividade biológica benéfica à qualidade da água armazenada, recomenda-se manter 
as condições aeróbias da água pela instalação de um duto de ventilação no reservatório. Neste caso, 
o duto de ventilação deve ser protegido com tela mosquiteiro para impedir a entrada de insetos no 
interior do reservatório.  
5.2.1. Sistemas isolados  
Sistemas de aproveitamento de águas pluviais isolados das edificações, fazem a distribuição direta 
em pontos de uso externo por meio de bombeamento (Figura 12). Em geral, sistemas isolados são de 
baixo custo e de fácil adaptação predial em edifícios existentes. Por serem independentes e possuírem 
uma rede de distribuição própria, seus usos não potáveis limitam-se a irrigação paisagística, lavagem 
de pisos, lavagem de veículos e fins ornamentais, como em espelhos d’água e chafarizes.  
 
 
 
",3392,"Aproveitamento de águas pluviais e reúso de águas cinzas em edificações 
Mesmo após filtração ou descarte das primeiras águas pluviais, é possível encontrar partículas finas 
(< 0,3mm) e sólidos dissolvidos na água armazenada. Com o tempo, ocorre a decantação das 
partículas mais densas que a água, que acabam acumulando no fundo do reservatório de retenção 
(cisterna). Para evitar o turbilhonamento dos sedimentos acumulados no fundo do reservatório, 
recomenda-se conduzir qualquer tubulação de entrada ao fundo do reservatório, e instalar um freio 
d’água capaz de promover a suavização da entrada da água. O freio d’água pode ser montado 
utilizando tubos e conexões, ou ele pode ser adquirido comercialmente. 
As impurezas menos densas que a água se acumulam na superfície da água armazenada. Para tanto, 
é recomendado a extração da água armazenada no seu ponto mais limpo: logo abaixo da superfície. 
A instalação de uma mangueira flexível presa a uma bola flutuante é capaz de extrair a água 
armazenada logo abaixo da superfície. A mangueira flutuante pode ser instalada junto a uma bomba 
d’água (externa ou submersa) para a extração da água armazenada por sucção. Em alguns casos, um 
filtro de malha fina pode ser fixado entre o flutuador e a mangueira para promover um polimento 
final da água antes de sua extração, e preservar a vida útil da bomba. 
Para a remoção das impurezas que se acumulam na superfície da água armazenada, recomenda-se 
dimensionar o reservatório de retenção (cisterna) de maneira que ocorra o transbordamento da água 
armazenada pelo menos duas vezes ao ano. Em pontos de extravasão de reservatórios, recomenda-se 
a adoção de um sifão com válvula de retenção para evitar a entrada de gases, insetos e roedores das 
canalizações de drenagem. O sifão-ladrão pode ser montado utilizando tubos e conexões, desde que 
uma válvula de retenção seja instalada junto ao extravasor, ou o dispositivo pode ser adquirido pronto 
no mercado brasileiro provido com válvula de retenção com proteção para evitar a entrada de 
roedores. 
Existem uma série de microrganismos inofensivos dentro do reservatório de retenção que se 
alimentam de nutrientes presentes na água armazenada. Ao entrar no reservatório, a água pluvial 
acaba oxigenando a água armazenada. Isso pode ocorrer em função do tipo de filtro sendo usado ou 
simplesmente pelo impacto da água junto ao freio d’água. Consequentemente, um biofilme de 
bactérias aeróbias acaba se estabelecendo no fundo do reservatório, junto à sedimentação. Para 
promover uma atividade biológica benéfica à qualidade da água armazenada, recomenda-se manter 
as condições aeróbias da água pela instalação de um duto de ventilação no reservatório. Neste caso, 
o duto de ventilação deve ser protegido com tela mosquiteiro para impedir a entrada de insetos no 
interior do reservatório. 
5.2.1. Sistemas isolados 
Sistemas de aproveitamento de águas pluviais isolados das edificações, fazem a distribuição direta 
em pontos de uso externo por meio de bombeamento (Figura 12). Em geral, sistemas isolados são de 
baixo custo e de fácil adaptação predial em edifícios existentes. Por serem independentes e possuírem 
uma rede de distribuição própria, seus usos não potáveis limitam-se a irrigação paisagística, lavagem 
de pisos, lavagem de veículos e fins ornamentais, como em espelhos d’água e chafarizes.",3392,3375
09_adasa_reuso_aguas_cinzas.pdf,Aproveitamento de Águas Pluviais e Reúso de Águas Cinzas,ADASA,manual_tecnico,agua_reuso,2025,vigente,manual técnico,reúso de águas cinzas e aproveitamento de águas pluviais,51," 
 
 
39 
Padrões de qualidade, critérios de instalação e manutenção 
Figura 12: Sistema isolado da edificação para o aproveitamento de águas pluviais em usos externos. 
 
 
(a) Captação (b) Rede coletora (c) Filtro (d) Cisterna (e) Freio d’água (f) Sifão-ladrão (g) Duto de ventilação (h) Mangueira flutuante  
(i) Bomba d’água (j) Rede de distribuição de Água não potável (k) Alimentação automática de água potável 
A água de chuva captada pela cobertura (a), é transportada por uma rede coletora (b) e tratada 
inicialmente por um filtro ou dispositivo de descarte (c). Para garantir a qualidade da água armazenada 
na cisterna (d), recomenda-se o emprego de um freio d’água (e) para evitar o turbilhonamento de 
sedimentos decantados no fundo do reservatório e de um sifão-ladrão (f) instalado junto ao extravasor 
para limpeza da superfície da água. A instalação de um duto de ventilação (g) pode ser benéfico para 
preservar a qualidade da água armazenada, mas este deve ser protegido com tela de mosquiteiro para 
evitar a entrada de insetos no interior do reservatório. A extração da água é feita em seu ponto mais 
limpo, logo abaixo da superfície, por uma mangueira flutuante (h), podendo ter em si, um filtro fino 
antes de seu bombeamento (i) aos pontos de uso não potável (j). 
",1291,"Padrões de qualidade, critérios de instalação e manutenção 
Figura 12: Sistema isolado da edificação para o aproveitamento de águas pluviais em usos externos. 
 
 
(a) Captação (b) Rede coletora (c) Filtro (d) Cisterna (e) Freio d’água (f) Sifão-ladrão (g) Duto de ventilação (h) Mangueira flutuante 
(i) Bomba d’água (j) Rede de distribuição de Água não potável (k) Alimentação automática de água potável 
A água de chuva captada pela cobertura (a), é transportada por uma rede coletora (b) e tratada 
inicialmente por um filtro ou dispositivo de descarte (c). Para garantir a qualidade da água armazenada 
na cisterna (d), recomenda-se o emprego de um freio d’água (e) para evitar o turbilhonamento de 
sedimentos decantados no fundo do reservatório e de um sifão-ladrão (f) instalado junto ao extravasor 
para limpeza da superfície da água. A instalação de um duto de ventilação (g) pode ser benéfico para 
preservar a qualidade da água armazenada, mas este deve ser protegido com tela de mosquiteiro para 
evitar a entrada de insetos no interior do reservatório. A extração da água é feita em seu ponto mais 
limpo, logo abaixo da superfície, por uma mangueira flutuante (h), podendo ter em si, um filtro fino 
antes de seu bombeamento (i) aos pontos de uso não potável (j).",1291,1278
09_adasa_reuso_aguas_cinzas.pdf,Aproveitamento de Águas Pluviais e Reúso de Águas Cinzas,ADASA,manual_tecnico,agua_reuso,2025,vigente,manual técnico,reúso de águas cinzas e aproveitamento de águas pluviais,52," 
40 
Aproveitamento de águas pluviais e reúso de águas cinzas em edificações 
5.2.2. Sistemas integrados 
Sistemas de aproveitamento de águas pluviais integrados às edificações, promovem a distribuição 
indireta de água em pontos de usos não potáveis internos e/ou externos (Figura 13). Em geral, sistemas 
integrados realizam o recalque da água armazenada para um reservatório de distribuição localizado 
na cobertura da edificação. Por gravidade, pontos de uso interno e externo são alimentados para uso 
não potável em descarga sanitária, tanque, máquinas de lavar roupa, torneiras de uso geral, torneiras 
de jardim, entre outros. Alternativamente, a distribuição da água não potável pode ser mista. Para 
isso, uma bomba pressurizadora é utilizada para o abastecimento direto em pontos de usos externos, 
e para o abastecimento indireto por meio de recalque ao reservatório de distribuição.  
Figura 13: Sistema integrado à edificação para o aproveitamento de águas pluviais em usos internos 
e externos. 
 
(a) Captação (b) Rede coletora (c) Filtro (d) Cisterna (e) Freio d’água (f) Sifão-ladrão (g) Duto de ventilação (h) Mangueira flutuante (i) Bomba 
d’água (j) Recalque (k) Reservatório de distribuição (l) Alimentação automática de água potável (m) Rede de distribuição de água não potável 
 
",1305,"Aproveitamento de águas pluviais e reúso de águas cinzas em edificações 
5.2.2. Sistemas integrados 
Sistemas de aproveitamento de águas pluviais integrados às edificações, promovem a distribuição 
indireta de água em pontos de usos não potáveis internos e/ou externos (Figura 13). Em geral, sistemas 
integrados realizam o recalque da água armazenada para um reservatório de distribuição localizado 
na cobertura da edificação. Por gravidade, pontos de uso interno e externo são alimentados para uso 
não potável em descarga sanitária, tanque, máquinas de lavar roupa, torneiras de uso geral, torneiras 
de jardim, entre outros. Alternativamente, a distribuição da água não potável pode ser mista. Para 
isso, uma bomba pressurizadora é utilizada para o abastecimento direto em pontos de usos externos, 
e para o abastecimento indireto por meio de recalque ao reservatório de distribuição. 
Figura 13: Sistema integrado à edificação para o aproveitamento de águas pluviais em usos internos 
e externos. 
 
(a) Captação (b) Rede coletora (c) Filtro (d) Cisterna (e) Freio d’água (f) Sifão-ladrão (g) Duto de ventilação (h) Mangueira flutuante (i) Bomba 
d’água (j) Recalque (k) Reservatório de distribuição (l) Alimentação automática de água potável (m) Rede de distribuição de água não potável",1305,1294
09_adasa_reuso_aguas_cinzas.pdf,Aproveitamento de Águas Pluviais e Reúso de Águas Cinzas,ADASA,manual_tecnico,agua_reuso,2025,vigente,manual técnico,reúso de águas cinzas e aproveitamento de águas pluviais,53," 
 
 
41 
Padrões de qualidade, critérios de instalação e manutenção 
A água de chuva captada pela cobertura (a), é transportada por uma rede coletora (b) e tratada 
inicialmente por um  filtro ou dispositivo de descarte (c). Para garantir a qualidade da água 
armazenada na cisterna (d), recomenda-se o emprego de um freio d’água (e) para evitar o 
turbilhonamento de sedimentos decantados no fundo do reservatório e de um sifão-ladrão (f) instalado 
junto ao extravasor para limpeza da superfície da água. A instalação de um duto de ventilação (g) 
pode ser benéfico para preservar a qualidade da água armazenada, mas este deve ser protegido com 
tela de mosquiteiro para evitar a entrada de insetos no interior do reservatório. A extração da água é 
feita em seu ponto mais limpo, logo abaixo da superfície, por uma mangueira flutuante (h), podendo 
ter em si, um filtro fino para um polimento final da água. Uma bomba de água (i), faz o recalque (j) 
da água tratada para um reservatório de distribuição (k) que alimenta, por gravidade, pontos de uso 
não potável usando uma rede de distribuição independente (m), evitando conexão cruzada com a rede 
de água potável. Na falta de água pluvial, torna-se necessária a alimentação automática de água 
potável (l) da concessionária de forma segura para evitar a contaminação da rede potável. 
5.2.3. Manutenção 
Em sistemas de tratamento de águas pluviais, os principais componentes exigem manutenção de 
rotina como bombas, válvulas, filtros e ainda, na desinfecção do sistema. A literatura nacional cita 
essencialmente a frequência de manutenção recomendada pela ABNT NBR 15527, entretanto 
convém considerar outros estudos internacionais, dentre eles a Organização Mundial de Saúde –
WHO, que considera outros prazos quanto a manutenção dos componentes nesse sistema (Tabela 11).  
Tabela 11: Frequência de manutenção das atividades para sistemas de aproveitamento de águas 
pluviais. 
Componentes do sistema 
ABNT NRB 15527 
WHO 
Leggett et al (2001) 
Limpeza manual de filtros 
Limpeza mensal 
- 
Trimestral 
Retrolavagem 
Inspeção mensal 
Limpeza trimestral 
- 
Três meses ou após cada 
checagem 
Telhado e calhas 
Semestral 
Semestral 
Anual ou semestral 
Cartuchos de filtros 
- 
- 
Limpeza a cada três meses ou 
substituição  
Desinfecção por ultravioleta 
Mensal 
- 
Substituição a cada seis meses 
ou uma vez por ano dependendo 
do sistema. 
Desinfecção por cloro  
Mensal 
- 
Substituição Mensal  
Bombas 
Mensal 
- 
Anual  
Reservatório  
Limpeza e 
desinfecção anual 
Anual 
Anual 
A manutenção de cada componente deve sempre seguir a recomendação do fabricante, entretanto é 
prudente checar o sistema como um todo. A manutenção da bomba deve ser feita a cada seis meses, 
verificando a necessidade de limpeza e condições dos rolamentos, retentores e juntas. Em sistemas 
unifamiliares geralmente não necessitam de uma manutenção constante, ao contrário de sistemas 
Multifamiliares ou de larga escala.  
Os reservatórios devem ser limpos de acordo com a carga de poluentes e isso depende diretamente 
do local em que as águas pluviais estão sendo armazenadas. Conforme citado anteriormente, a região 
influencia diretamente na qualidade da água da chuva, seja pela concentração de poluentes presente 
",3268,"Padrões de qualidade, critérios de instalação e manutenção 
A água de chuva captada pela cobertura (a), é transportada por uma rede coletora (b) e tratada 
inicialmente por um filtro ou dispositivo de descarte (c). Para garantir a qualidade da água 
armazenada na cisterna (d), recomenda-se o emprego de um freio d’água (e) para evitar o 
turbilhonamento de sedimentos decantados no fundo do reservatório e de um sifão-ladrão (f) instalado 
junto ao extravasor para limpeza da superfície da água. A instalação de um duto de ventilação (g) 
pode ser benéfico para preservar a qualidade da água armazenada, mas este deve ser protegido com 
tela de mosquiteiro para evitar a entrada de insetos no interior do reservatório. A extração da água é 
feita em seu ponto mais limpo, logo abaixo da superfície, por uma mangueira flutuante (h), podendo 
ter em si, um filtro fino para um polimento final da água. Uma bomba de água (i), faz o recalque (j) 
da água tratada para um reservatório de distribuição (k) que alimenta, por gravidade, pontos de uso 
não potável usando uma rede de distribuição independente (m), evitando conexão cruzada com a rede 
de água potável. Na falta de água pluvial, torna-se necessária a alimentação automática de água 
potável (l) da concessionária de forma segura para evitar a contaminação da rede potável. 
5.2.3. Manutenção 
Em sistemas de tratamento de águas pluviais, os principais componentes exigem manutenção de 
rotina como bombas, válvulas, filtros e ainda, na desinfecção do sistema. A literatura nacional cita 
essencialmente a frequência de manutenção recomendada pela ABNT NBR 15527, entretanto 
convém considerar outros estudos internacionais, dentre eles a Organização Mundial de Saúde –
WHO, que considera outros prazos quanto a manutenção dos componentes nesse sistema (Tabela 11). 
Tabela 11: Frequência de manutenção das atividades para sistemas de aproveitamento de águas 
pluviais. 
Componentes do sistema 
ABNT NRB 15527 
WHO 
Leggett et al (2001) 
Limpeza manual de filtros 
Limpeza mensal 
- 
Trimestral 
Retrolavagem 
Inspeção mensal 
Limpeza trimestral 
- 
Três meses ou após cada 
checagem 
Telhado e calhas 
Semestral 
Semestral 
Anual ou semestral 
Cartuchos de filtros 
- 
- 
Limpeza a cada três meses ou 
substituição 
Desinfecção por ultravioleta 
Mensal 
- 
Substituição a cada seis meses 
ou uma vez por ano dependendo 
do sistema. 
Desinfecção por cloro 
Mensal 
- 
Substituição Mensal 
Bombas 
Mensal 
- 
Anual 
Reservatório 
Limpeza e 
desinfecção anual 
Anual 
Anual 
A manutenção de cada componente deve sempre seguir a recomendação do fabricante, entretanto é 
prudente checar o sistema como um todo. A manutenção da bomba deve ser feita a cada seis meses, 
verificando a necessidade de limpeza e condições dos rolamentos, retentores e juntas. Em sistemas 
unifamiliares geralmente não necessitam de uma manutenção constante, ao contrário de sistemas 
Multifamiliares ou de larga escala. 
Os reservatórios devem ser limpos de acordo com a carga de poluentes e isso depende diretamente 
do local em que as águas pluviais estão sendo armazenadas. Conforme citado anteriormente, a região 
influencia diretamente na qualidade da água da chuva, seja pela concentração de poluentes presente",3268,3248
09_adasa_reuso_aguas_cinzas.pdf,Aproveitamento de Águas Pluviais e Reúso de Águas Cinzas,ADASA,manual_tecnico,agua_reuso,2025,vigente,manual técnico,reúso de águas cinzas e aproveitamento de águas pluviais,54," 
42 
Aproveitamento de águas pluviais e reúso de águas cinzas em edificações 
no ar, seja pelos animais que frequentem o local de captação da água, ao qual depositarão fezes e 
detritos dada as suas atividades fisiológicas. A limpeza regular dos tanques de armazenamento evita 
a ocorrência de odor característico após longos períodos de retenção da água. A rede de drenagem 
não exige manutenção regular. Estudos realizados na Austrália e Alemanha revelam que se a água for 
utilizada regulamente, evitando o armazenamento a tempo de se desenvolver colônias de 
microrganismos, a vida útil do sistema se estende por longos períodos. 
5.2.4. Análise de risco 
Água de chuva é relativamente limpa e livre de impurezas. Os poluentes são adquiridos 
principalmente na captação e no armazenamento posterior, contudo águas pluviais é uma fonte 
alternativa de maior qualidade e pode ser utilizada para diversos fins. Os principais riscos ambientais 
envolvidos nos sistemas de aproveitamento de águas pluviais estão relacionados a falta de 
manutenção dos componentes que podem diminuir o tempo de vida útil dos mesmos ou promover o 
entupimento das tubulações e dos filtros. A limpeza regular das calhas evita além do acumulo 
excessivo de fezes de animais e restos de vegetais, que a água coletada adquira um nível de 
contaminação superior ao esperado, uma vez que são as fezes acumuladas em períodos secos. A 
escolha do material do telhado das residências também influencia na qualidade da água captada, pois 
metais pesados podem ser lixiviados durante a chuva afetando suas características. Os reservatórios 
de retenção (cisterna) devem conter telas de mosquiteiros em pontos não lacrados para impedir o 
acesso por mosquitos do gênero Anopheles transmissor de diversas doenças tropicais graves, dentre 
elas a dengue e a Zica, evitando, dessa forma, a postura de ovos do mosquito.  
 
",1890,"Aproveitamento de águas pluviais e reúso de águas cinzas em edificações 
no ar, seja pelos animais que frequentem o local de captação da água, ao qual depositarão fezes e 
detritos dada as suas atividades fisiológicas. A limpeza regular dos tanques de armazenamento evita 
a ocorrência de odor característico após longos períodos de retenção da água. A rede de drenagem 
não exige manutenção regular. Estudos realizados na Austrália e Alemanha revelam que se a água for 
utilizada regulamente, evitando o armazenamento a tempo de se desenvolver colônias de 
microrganismos, a vida útil do sistema se estende por longos períodos. 
5.2.4. Análise de risco 
Água de chuva é relativamente limpa e livre de impurezas. Os poluentes são adquiridos 
principalmente na captação e no armazenamento posterior, contudo águas pluviais é uma fonte 
alternativa de maior qualidade e pode ser utilizada para diversos fins. Os principais riscos ambientais 
envolvidos nos sistemas de aproveitamento de águas pluviais estão relacionados a falta de 
manutenção dos componentes que podem diminuir o tempo de vida útil dos mesmos ou promover o 
entupimento das tubulações e dos filtros. A limpeza regular das calhas evita além do acumulo 
excessivo de fezes de animais e restos de vegetais, que a água coletada adquira um nível de 
contaminação superior ao esperado, uma vez que são as fezes acumuladas em períodos secos. A 
escolha do material do telhado das residências também influencia na qualidade da água captada, pois 
metais pesados podem ser lixiviados durante a chuva afetando suas características. Os reservatórios 
de retenção (cisterna) devem conter telas de mosquiteiros em pontos não lacrados para impedir o 
acesso por mosquitos do gênero Anopheles transmissor de diversas doenças tropicais graves, dentre 
elas a dengue e a Zica, evitando, dessa forma, a postura de ovos do mosquito.",1890,1879
09_adasa_reuso_aguas_cinzas.pdf,Aproveitamento de Águas Pluviais e Reúso de Águas Cinzas,ADASA,manual_tecnico,agua_reuso,2025,vigente,manual técnico,reúso de águas cinzas e aproveitamento de águas pluviais,55," 
 
 
43 
Padrões de qualidade, critérios de instalação e manutenção 
6. Reúso de Águas Cinzas 
O reúso de águas cinzas é um conceito que está relacionado à reutilização de efluentes domésticos 
com baixo grau de contaminação, como uma alternativa conservacionista para a redução do consumo 
de água potável em uma edificação. O reúso de água remonta à Idade do Bronze (3200 – 1100 AC) 
pelo uso de efluentes domésticos em irrigação pelas civilizações Minóica, Mesopotâmica e do Vale 
do Indo (ANGELAKIS e SNYDER, 2015). Historicamente, a reutilização das águas do banho ou da 
lavagem de roupas, está diretamente relacionada ao acesso limitado de água, como Londres do Século 
XVIII (WORSLEY, 2011) ou até mesmo por racionamento, como na segunda guerra mundial (BBC, 
2004). Foi apenas na década de 80, com questões relacionadas a estresse hídrico e sustentabilidade 
que o desenvolvimento tecnológico voltado ao reúso de água cinzas em edificações veio à tona no 
mercado internacional com diferentes alternativas de tratamento do efluente doméstico.  
6.1. Características das águas cinzas 
As águas cinzas apresentam características especificas e isso depende da qualidade da água que é 
fornecida, do tipo da rede de distribuição e das atividades de consumo dos moradores da residência, 
que variam de acordo com os hábitos de cada indivíduo. A reutilização de águas cinzas sem o 
tratamento adequado pode ser prejudicial à saúde dos usuários, uma vez que as águas cinzas contém 
altos índices de fósforo contido em sabões e detergente, cloreto de sódio e fosfatos da urina, sulfatos, 
carbonatos, ureia, amoníaco e ácido úrico, gorduras, restos de carnes e fibras vegetais, areia, plásticos, 
cabelos, unhas, mucos e células epiteliais, vermes, vírus, bactérias, leveduras entre outros. A carga 
orgânica pode favorecer o aumento das colônias de microrganismos decompositores e diminuir o 
nível de oxigênio dissolvido e está presente em concentrações variáveis, dependendo do local de 
coleta, seja banheiro, cozinha ou lavanderia.  
Tabela 12: Características da água distribuída no DF 
Parâmetros Cor 
Turbidez 
Cloro residual  Coliformes totais 
E. coli 
Índices 
alcançados 
< 15 UC 
< 5 NTU 
0,2 a 2,0 mg/L 
Ausência em 95% das 
amostras 
Ausência  
Portaria MS 
nº 2914/2011 
15 uH 
Turbidez ≤ 1,0 uT 
≤ 0,4 a 3,0 mg/L 
Ausência em 100 mL 
em 95% das amostras 
examinadas no mês. 
Ausente 
Fonte: CAESB (2016b); BRASIL (2011a) 
Para sua caracterização são utilizados parâmetros físico-químicos e biológicos, que indicarão como 
deve ser realizado o tratamento. O conhecimento dos constituintes químicos determina os limites que 
devem ser recomendados para o uso não potável. Já os microrganismos patógenos que provocam 
riscos à saúde humana são mais difíceis de se quantificar. A presença desses poluentes começa a ser 
quantificada no abastecimento inicial, antes de se tornarem águas servidas. A água que é distribuída 
no DF apresenta um padrão de qualidade de alto nível. Para o cálculo do Índice de Qualidade de Água 
(IQA) são considerados oito parâmetros: cor, turbidez, nitrogênio amoniacal, ferro, cloreto, pH, 
carbono total e coliformes totais. Esse índice varia de 0 a 100 classificando a água desde imprópria 
até ótima. Todas as fontes de abastecimento do DF enquadram-se no nível bom ou ótimo, atendendo 
",3335,"Padrões de qualidade, critérios de instalação e manutenção 
6. Reúso de Águas Cinzas 
O reúso de águas cinzas é um conceito que está relacionado à reutilização de efluentes domésticos 
com baixo grau de contaminação, como uma alternativa conservacionista para a redução do consumo 
de água potável em uma edificação. O reúso de água remonta à Idade do Bronze (3200 – 1100 AC) 
pelo uso de efluentes domésticos em irrigação pelas civilizações Minóica, Mesopotâmica e do Vale 
do Indo (ANGELAKIS e SNYDER, 2015). Historicamente, a reutilização das águas do banho ou da 
lavagem de roupas, está diretamente relacionada ao acesso limitado de água, como Londres do Século 
XVIII (WORSLEY, 2011) ou até mesmo por racionamento, como na segunda guerra mundial (BBC, 
2004). Foi apenas na década de 80, com questões relacionadas a estresse hídrico e sustentabilidade 
que o desenvolvimento tecnológico voltado ao reúso de água cinzas em edificações veio à tona no 
mercado internacional com diferentes alternativas de tratamento do efluente doméstico. 
6.1. Características das águas cinzas 
As águas cinzas apresentam características especificas e isso depende da qualidade da água que é 
fornecida, do tipo da rede de distribuição e das atividades de consumo dos moradores da residência, 
que variam de acordo com os hábitos de cada indivíduo. A reutilização de águas cinzas sem o 
tratamento adequado pode ser prejudicial à saúde dos usuários, uma vez que as águas cinzas contém 
altos índices de fósforo contido em sabões e detergente, cloreto de sódio e fosfatos da urina, sulfatos, 
carbonatos, ureia, amoníaco e ácido úrico, gorduras, restos de carnes e fibras vegetais, areia, plásticos, 
cabelos, unhas, mucos e células epiteliais, vermes, vírus, bactérias, leveduras entre outros. A carga 
orgânica pode favorecer o aumento das colônias de microrganismos decompositores e diminuir o 
nível de oxigênio dissolvido e está presente em concentrações variáveis, dependendo do local de 
coleta, seja banheiro, cozinha ou lavanderia. 
Tabela 12: Características da água distribuída no DF 
Parâmetros Cor 
Turbidez 
Cloro residual Coliformes totais 
E. coli 
Índices 
alcançados 
< 15 UC 
< 5 NTU 
0,2 a 2,0 mg/L 
Ausência em 95% das 
amostras 
Ausência 
Portaria MS 
nº 2914/2011 
15 uH 
Turbidez ≤ 1,0 uT 
≤ 0,4 a 3,0 mg/L 
Ausência em 100 mL 
em 95% das amostras 
examinadas no mês. 
Ausente 
Fonte: CAESB (2016b); BRASIL (2011a) 
Para sua caracterização são utilizados parâmetros físico-químicos e biológicos, que indicarão como 
deve ser realizado o tratamento. O conhecimento dos constituintes químicos determina os limites que 
devem ser recomendados para o uso não potável. Já os microrganismos patógenos que provocam 
riscos à saúde humana são mais difíceis de se quantificar. A presença desses poluentes começa a ser 
quantificada no abastecimento inicial, antes de se tornarem águas servidas. A água que é distribuída 
no DF apresenta um padrão de qualidade de alto nível. Para o cálculo do Índice de Qualidade de Água 
(IQA) são considerados oito parâmetros: cor, turbidez, nitrogênio amoniacal, ferro, cloreto, pH, 
carbono total e coliformes totais. Esse índice varia de 0 a 100 classificando a água desde imprópria 
até ótima. Todas as fontes de abastecimento do DF enquadram-se no nível bom ou ótimo, atendendo",3335,3319
09_adasa_reuso_aguas_cinzas.pdf,Aproveitamento de Águas Pluviais e Reúso de Águas Cinzas,ADASA,manual_tecnico,agua_reuso,2025,vigente,manual técnico,reúso de águas cinzas e aproveitamento de águas pluviais,56," 
44 
Aproveitamento de águas pluviais e reúso de águas cinzas em edificações 
as exigências da Portaria MS nº 2914/2011. Os parâmetros analisados apresentam dados contidos na 
Tabela 12. 
Os níveis de poluentes encontrados nas águas após o uso serão determinados pelas atividades 
desenvolvidas pelos usuários. O local de coleta das águas cinzas influenciará na quantidade e 
qualidade de poluentes. Componentes químicos utilizados no banheiro, lavabos e lavanderias como 
sabão, xampu, tinturas de cabelo, pasta de dentes e produtos químicos de limpeza, fornecem fosfatos 
e nitritos que influenciam diretamente no odor do efluente e na coloração. Por esses motivos as águas 
cinzas apresentam a coloração acinzentada, e dentro de um período de 48 h de armazenamento sem 
tratamento começam a apresentar odor fétido, o que indica a presença de compostos orgânicos 
originados essencialmente no banho e na lavagem de mãos.  
A presença de produtos químicos interfere diretamente na temperatura do efluente e 
consequentemente, no pH. A temperatura afeta a saturação do oxigênio dissolvido na água, as taxas 
metabólicas e as reações químicas. As águas provenientes do banho podem ter temperatura elevadas, 
podendo chegar a 56 °C, esse fator afeta diretamente a reprodução de microrganismos. As águas 
cinzas provenientes da lavagem de roupas geralmente são bem alcalinas e apresentam pH em torno 
de 9, enquanto que as águas cinzas dos banheiros variam entre 8 e 9,5. 
A turbidez é gerada pela presença de sólidos suspensos, que se encontram principalmente nas fontes 
vindas da cozinha. Interferem na passagem da luz através da água tornando-a esteticamente 
desagradável, além disso o material particulado pode impedir a ação de alguns agentes desinfetantes 
como o Ultravioleta (UV) e principalmente a reação com o cloro, desinfetante mais utilizado no 
Brasil. A turbidez encontrada nas águas cinzas é maior registrada nos pontos de coleta do banheiro. 
Tabela 13: Parâmetros físico-químicos e microbiológicos encontrados em águas cinzas. 
Parâmetros 
Banho 
Máquina de 
lavar roupa 
Lavatório de 
banheiro  
Composta 
Temperatura (ºC) 
56  
25  
24 
- 
Dureza (mg/L CaCO3) 
24  
12 
20 
18 
Oxigênio consumido (mg/L) 
5 
0 
3,4 
3,2 
Oxigênio dissolvido (mg/L) 
6  
7  
8 
9 
Alcalinidade total (CaCO3) 
55  
23  
71 
56 
Cloretos (mg/L) 
12,5  
37,5  
20 
20 
pH 
8,06  
9,12  
9,37 
8,8 
Nitrogênio amoniacal 
Presente  
Ausente  
Presente 
Presente 
Turbidez (UT) 
283  
19  
355 
182 
DBO (mg/L) 
59  
25  
65 
37 
DQO (mg/L) 
539,5  
72  
427,6 
330,3 
Sólidos totais (mg/L) 
284  
137  
405 
254 
Sólidos suspensos (mg/L) 
135  
41  
325  
111 
Óleos e graxas (mg/L) 
163,8  
<10  
136  
95,5 
Sulfeto (mg/L) 
1,9  
<0,2  
2,5  
0,8 
Sulfato total (mg/L) 
41  
15  
<2  
11 
Fósforo total (mg/L) 
1,1  
0,61  
1,5  
1,2 
Condutividade elétrica 
(µS/cm) 
168,7  
91,7  
113,6  
128,6 
Coliformes termotolerantes 
(P/100 mL) 
23  
43  
43  
43 
Coliformes totais (P/100 mL) 
150  
1100  
>2400  
1100 
Fonte: Alexandre et al, (2013) 
",3045,"Aproveitamento de águas pluviais e reúso de águas cinzas em edificações 
as exigências da Portaria MS nº 2914/2011. Os parâmetros analisados apresentam dados contidos na 
Tabela 12. 
Os níveis de poluentes encontrados nas águas após o uso serão determinados pelas atividades 
desenvolvidas pelos usuários. O local de coleta das águas cinzas influenciará na quantidade e 
qualidade de poluentes. Componentes químicos utilizados no banheiro, lavabos e lavanderias como 
sabão, xampu, tinturas de cabelo, pasta de dentes e produtos químicos de limpeza, fornecem fosfatos 
e nitritos que influenciam diretamente no odor do efluente e na coloração. Por esses motivos as águas 
cinzas apresentam a coloração acinzentada, e dentro de um período de 48 h de armazenamento sem 
tratamento começam a apresentar odor fétido, o que indica a presença de compostos orgânicos 
originados essencialmente no banho e na lavagem de mãos. 
A presença de produtos químicos interfere diretamente na temperatura do efluente e 
consequentemente, no pH. A temperatura afeta a saturação do oxigênio dissolvido na água, as taxas 
metabólicas e as reações químicas. As águas provenientes do banho podem ter temperatura elevadas, 
podendo chegar a 56 °C, esse fator afeta diretamente a reprodução de microrganismos. As águas 
cinzas provenientes da lavagem de roupas geralmente são bem alcalinas e apresentam pH em torno 
de 9, enquanto que as águas cinzas dos banheiros variam entre 8 e 9,5. 
A turbidez é gerada pela presença de sólidos suspensos, que se encontram principalmente nas fontes 
vindas da cozinha. Interferem na passagem da luz através da água tornando-a esteticamente 
desagradável, além disso o material particulado pode impedir a ação de alguns agentes desinfetantes 
como o Ultravioleta (UV) e principalmente a reação com o cloro, desinfetante mais utilizado no 
Brasil. A turbidez encontrada nas águas cinzas é maior registrada nos pontos de coleta do banheiro. 
Tabela 13: Parâmetros físico-químicos e microbiológicos encontrados em águas cinzas. 
Parâmetros 
Banho 
Máquina de 
lavar roupa 
Lavatório de 
banheiro 
Composta 
Temperatura (ºC) 
 
 
 
- 
Dureza (mg/L CaCO3) 
 
 
 
 
Oxigênio consumido (mg/L) 
 
 
3,4 
3,2 
Oxigênio dissolvido (mg/L) 
 
 
 
 
Alcalinidade total (CaCO3) 
 
 
 
 
Cloretos (mg/L) 
12,5 
37,5 
 
 
pH 
8,06 
9,12 
9,37 
8,8 
Nitrogênio amoniacal 
Presente 
Ausente 
Presente 
Presente 
Turbidez (UT) 
 
 
 
 
DBO (mg/L) 
 
 
 
 
DQO (mg/L) 
539,5 
 
427,6 
330,3 
Sólidos totais (mg/L) 
 
 
 
 
Sólidos suspensos (mg/L) 
 
 
 
 
Óleos e graxas (mg/L) 
163,8 
<10 
 
95,5 
Sulfeto (mg/L) 
1,9 
<0,2 
2,5 
0,8 
Sulfato total (mg/L) 
 
 
<2 
 
Fósforo total (mg/L) 
1,1 
0,61 
1,5 
1,2 
Condutividade elétrica 
(µS/cm) 
168,7 
91,7 
113,6 
128,6 
Coliformes termotolerantes 
(P/100 mL) 
 
 
 
 
Coliformes totais (P/100 mL) 
 
 
>2400 
 
Fonte: Alexandre et al, (2013)",3045,2886
09_adasa_reuso_aguas_cinzas.pdf,Aproveitamento de Águas Pluviais e Reúso de Águas Cinzas,ADASA,manual_tecnico,agua_reuso,2025,vigente,manual técnico,reúso de águas cinzas e aproveitamento de águas pluviais,57," 
 
 
45 
Padrões de qualidade, critérios de instalação e manutenção 
A remoção de nitrogênio também é realizada por intermédio de bactérias, necessitando de diferentes 
espécies e metabolismos anaeróbio, aeróbio e anóxico. O fósforo geralmente é removido por 
adsorção, sendo depositado no lodo. Devido a variação dos valores de poluentes de uma região para 
outra, convém considerar estudos realizados na região a qual se pretende instalar o sistema de 
tratamento. Com isso em mente, os dados quali-quantitativos das águas cinzas encontram-se na 
Tabela 13. 
6.2. Sistemas de reúso de águas cinzas 
A forma mais simples de fazer o reúso de águas cinzas, é pelo acumulo das águas da máquina de lavar 
roupas em um barril (bombona), utilizando um balde para sua extração em lavagem de pisos. A prática 
do ‘tonel & balde’ é muito comum em casas de média a baixa renda e é popularmente realizado em 
dias de faxina – aproveitando a água cinza da máquina no mesmo dia, para evitar a degradação do 
efluente não tratado.  
Figura 14: Lavadora de alta pressão comercializada para o reúso de águas cinzas de máquinas de 
lavar roupas acumuladas em barril.   
 
Fonte: www.karcher.com.br  
Diferentes artifícios podem ser agregados ao barril para facilitar a extração da água cinza acumulada, 
como o uso de uma base com rodas para movimentação do barril, a instalação de uma torneira ou até 
mesmo uma mangueira no ponto inferior do reservatório. Recentemente, surgiu no mercado brasileiro 
um pequeno sistema que faz a extração da água cinza acumulada por meio de uma lavadora de alta 
pressão conectada a um barril por meio de uma mangueira com um filtro de malha em linha para 
remoção de detritos e evitar um possível entupimento do esguicho (Figura 14).   
6.2.1. Sistemas isolados 
Sistemas de reúso de águas cinzas isolados das edificações, fazem a distribuição direta a pontos de 
uso externo por gravidade ou bombeamento. Em geral, existem dois tipos de sistemas: i) sistema de 
desvio de água cinza bruta; e ii) sistema pressurizado de água cinza tratada. Sistemas de desvio de 
água cinza bruta limita-se à irrigação subsuperficial, enquanto sistemas pressurizados de água cinza 
tratada podem ser utilizadas na irrigação por aspersão e na lavagem de pisos.  
Sistemas de desvio de águas cinzas funcionam com mecanismos simples para direcionar águas cinzas 
não tratadas para irrigação subsuperficial. De acordo com NSW (2008), os sistemas de desvio 
apresentam os seguintes elementos básicos: 
",2502,"Padrões de qualidade, critérios de instalação e manutenção 
A remoção de nitrogênio também é realizada por intermédio de bactérias, necessitando de diferentes 
espécies e metabolismos anaeróbio, aeróbio e anóxico. O fósforo geralmente é removido por 
adsorção, sendo depositado no lodo. Devido a variação dos valores de poluentes de uma região para 
outra, convém considerar estudos realizados na região a qual se pretende instalar o sistema de 
tratamento. Com isso em mente, os dados quali-quantitativos das águas cinzas encontram-se na 
Tabela 13. 
6.2. Sistemas de reúso de águas cinzas 
A forma mais simples de fazer o reúso de águas cinzas, é pelo acumulo das águas da máquina de lavar 
roupas em um barril (bombona), utilizando um balde para sua extração em lavagem de pisos. A prática 
do ‘tonel & balde’ é muito comum em casas de média a baixa renda e é popularmente realizado em 
dias de faxina – aproveitando a água cinza da máquina no mesmo dia, para evitar a degradação do 
efluente não tratado. 
Figura 14: Lavadora de alta pressão comercializada para o reúso de águas cinzas de máquinas de 
lavar roupas acumuladas em barril. 
 
Fonte: 
Diferentes artifícios podem ser agregados ao barril para facilitar a extração da água cinza acumulada, 
como o uso de uma base com rodas para movimentação do barril, a instalação de uma torneira ou até 
mesmo uma mangueira no ponto inferior do reservatório. Recentemente, surgiu no mercado brasileiro 
um pequeno sistema que faz a extração da água cinza acumulada por meio de uma lavadora de alta 
pressão conectada a um barril por meio de uma mangueira com um filtro de malha em linha para 
remoção de detritos e evitar um possível entupimento do esguicho (Figura 14). 
6.2.1. Sistemas isolados 
Sistemas de reúso de águas cinzas isolados das edificações, fazem a distribuição direta a pontos de 
uso externo por gravidade ou bombeamento. Em geral, existem dois tipos de sistemas: i) sistema de 
desvio de água cinza bruta; e ii) sistema pressurizado de água cinza tratada. Sistemas de desvio de 
água cinza bruta limita-se à irrigação subsuperficial, enquanto sistemas pressurizados de água cinza 
tratada podem ser utilizadas na irrigação por aspersão e na lavagem de pisos. 
Sistemas de desvio de águas cinzas funcionam com mecanismos simples para direcionar águas cinzas 
não tratadas para irrigação subsuperficial. De acordo com NSW (2008), os sistemas de desvio 
apresentam os seguintes elementos básicos:",2502,2464
09_adasa_reuso_aguas_cinzas.pdf,Aproveitamento de Águas Pluviais e Reúso de Águas Cinzas,ADASA,manual_tecnico,agua_reuso,2025,vigente,manual técnico,reúso de águas cinzas e aproveitamento de águas pluviais,58," 
46 
Aproveitamento de águas pluviais e reúso de águas cinzas em edificações 
• Registros para controle do desvio do efluente para irrigação ou esgotamento sanitário; 
• Filtro grosso e/ou fino para remoção de detritos; 
• Acumulador de efluente com extravasor; 
• Rede de distribuição em PVC perfurado ou em mangueiras porosas para irrigação 
subsuperficial em leitos drenantes; 
• Caixas de passagem e elementos de inspeção em junções e em pontas de rede. 
O governo australiano apresenta orientações para o reúso de águas cinzas destinadas a irrigação 
subsuperficial (NSW, 2008). Em alguns casos, é possível direcionar águas cinzas para irrigação 
subsuperficial diretamente por ação da gravidade (Figura 15). Em alguns casos, torna-se necessário 
o uso de bombas d’água para a distribuição de águas cinzas em locais com altura manométrica 
desfavorável. 
Figura 15: Sistema de desvio de águas cinzas para irrigação subsuperficial por gravidade 
 
Fonte: NSW (2008) 
De acordo com as diretrizes australianas, a tubulação destinada à irrigação subsuperficial deverá ser 
enterrada pelo menos 10 cm abaixo do nível do solo, com uma distância mínima de 1 metro de outras 
tubulações, divisas, edifícios, piscinas ou reservatórios enterrados de água potável. A Norma ABNT 
NBR 13969 apresenta orientações para a implantação de valas de infiltração para disposição final de 
águas residuárias, que também podem ser adotadas como forma de distribuição saturada de águas 
cinzas para irrigação subsuperficial.  
Figura 16: Corte transversal detalhado de uma vala de infiltração para irrigação subsuperficial 
 
Fonte: DHWA (2002) 
",1629,"Aproveitamento de águas pluviais e reúso de águas cinzas em edificações 
• Registros para controle do desvio do efluente para irrigação ou esgotamento sanitário; 
• Filtro grosso e/ou fino para remoção de detritos; 
• Acumulador de efluente com extravasor; 
• Rede de distribuição em PVC perfurado ou em mangueiras porosas para irrigação 
subsuperficial em leitos drenantes; 
• Caixas de passagem e elementos de inspeção em junções e em pontas de rede. 
O governo australiano apresenta orientações para o reúso de águas cinzas destinadas a irrigação 
subsuperficial (NSW, 2008). Em alguns casos, é possível direcionar águas cinzas para irrigação 
subsuperficial diretamente por ação da gravidade (Figura 15). Em alguns casos, torna-se necessário 
o uso de bombas d’água para a distribuição de águas cinzas em locais com altura manométrica 
desfavorável. 
Figura 15: Sistema de desvio de águas cinzas para irrigação subsuperficial por gravidade 
 
Fonte: NSW (2008) 
De acordo com as diretrizes australianas, a tubulação destinada à irrigação subsuperficial deverá ser 
enterrada pelo menos 10 cm abaixo do nível do solo, com uma distância mínima de 1 metro de outras 
tubulações, divisas, edifícios, piscinas ou reservatórios enterrados de água potável. A Norma ABNT 
NBR 13969 apresenta orientações para a implantação de valas de infiltração para disposição final de 
águas residuárias, que também podem ser adotadas como forma de distribuição saturada de águas 
cinzas para irrigação subsuperficial. 
Figura 16: Corte transversal detalhado de uma vala de infiltração para irrigação subsuperficial 
 
Fonte: DHWA (2002)",1629,1620
09_adasa_reuso_aguas_cinzas.pdf,Aproveitamento de Águas Pluviais e Reúso de Águas Cinzas,ADASA,manual_tecnico,agua_reuso,2025,vigente,manual técnico,reúso de águas cinzas e aproveitamento de águas pluviais,59," 
 
 
47 
Padrões de qualidade, critérios de instalação e manutenção 
A Figura 16 apresenta o corte transversal detalhado de uma vala de infiltração para irrigação 
subsuperficial com a utilização de tubos perfurados para distribuição de águas cinzas não tratadas. O 
desvio de águas cinzas para irrigação subsuperficial oferece uma opção produtiva ao reúso, e não tem 
a função de disposição final de efluentes. 
O reúso pressurizado de águas cinzas em irrigação ou em lavagem de pisos requer tratamento prévio 
para evitar uma possível contaminação de usuários pelo contato direto com aerossóis. Unidades de 
tratamento de águas cinzas disponíveis no mercado brasileiro são vendidos com dimensões pré-
determinadas de acordo com o volume estimado que será tratado. Em geral, são utilizados processos 
de tratamento físico, químico e/ou biológico para remoção de impurezas em águas cinzas. De acordo 
com Li et al. (2010), a maioria dos sistemas são precedidos de um filtro grosso para evitar o 
entupimento, e incluem processos de desinfecção para atender aos padrões microbiológicos exigidos. 
Uma unidade de controle pode ser instalada para bloquear o abastecimento em casos de níveis 
inadequados de tratamento ou mal funcionamento do sistema. 
Alternativamente, águas cinzas podem ser tratadas por meio de sistemas alternativos utilizando leitos 
cultivados. Leitos cultivados têm sido utilizados para tratar uma variedade de águas residuárias, 
incluindo escoamento superficial urbano, municipal, industrial, agrícola e águas de drenagem de 
minas. Trata-se de tanques impermeabilizados, preenchidos por um meio filtrante, plantados por 
vegetais que possam viver em ambiente constantemente saturado e suportam grandes cargas de 
poluentes (VYMAZAL, 2014). Em geral leitos cultivados são sistemas ideais para tratamento de 
águas residuárias em pequenas comunidades (< 5.000 pessoas), por serem de baixo custo de 
implantação e baixa demanda energética, operação e manutenção simplificada e remoção eficaz de 
sólidos suspensos, DBO5, nutrientes como fósforo e nitrogênio, metais pesados, além de diversos 
patógenos como bactérias e até diversos vírus.  
Figura 17: Leitos cultivados de fluxo horizontal e vertical 
(a) 
(b) 
 
 
Podem ser classificados quanto ao fluxo do efluente, sendo horizontal e vertical. Nos LC’s de fluxo 
horizontal o afluente percola sob o leito longitudinalmente e sendo submetido ao tratamento durante 
o contato com a superfície do substrato com as raízes dos vegetais plantados (Figura 17a). Os de fluxo 
vertical apresentam a disposição do afluente em toda a superfície do leito e a percolação é 
intermitente, descendo verticalmente pelo substrato, o que permite uma boa transferência de oxigênio 
",2739,"Padrões de qualidade, critérios de instalação e manutenção 
A Figura 16 apresenta o corte transversal detalhado de uma vala de infiltração para irrigação 
subsuperficial com a utilização de tubos perfurados para distribuição de águas cinzas não tratadas. O 
desvio de águas cinzas para irrigação subsuperficial oferece uma opção produtiva ao reúso, e não tem 
a função de disposição final de efluentes. 
O reúso pressurizado de águas cinzas em irrigação ou em lavagem de pisos requer tratamento prévio 
para evitar uma possível contaminação de usuários pelo contato direto com aerossóis. Unidades de 
tratamento de águas cinzas disponíveis no mercado brasileiro são vendidos com dimensões pré-
determinadas de acordo com o volume estimado que será tratado. Em geral, são utilizados processos 
de tratamento físico, químico e/ou biológico para remoção de impurezas em águas cinzas. De acordo 
com Li et al. (2010), a maioria dos sistemas são precedidos de um filtro grosso para evitar o 
entupimento, e incluem processos de desinfecção para atender aos padrões microbiológicos exigidos. 
Uma unidade de controle pode ser instalada para bloquear o abastecimento em casos de níveis 
inadequados de tratamento ou mal funcionamento do sistema. 
Alternativamente, águas cinzas podem ser tratadas por meio de sistemas alternativos utilizando leitos 
cultivados. Leitos cultivados têm sido utilizados para tratar uma variedade de águas residuárias, 
incluindo escoamento superficial urbano, municipal, industrial, agrícola e águas de drenagem de 
minas. Trata-se de tanques impermeabilizados, preenchidos por um meio filtrante, plantados por 
vegetais que possam viver em ambiente constantemente saturado e suportam grandes cargas de 
poluentes (VYMAZAL, 2014). Em geral leitos cultivados são sistemas ideais para tratamento de 
águas residuárias em pequenas comunidades (< 5.000 pessoas), por serem de baixo custo de 
implantação e baixa demanda energética, operação e manutenção simplificada e remoção eficaz de 
sólidos suspensos, DBO5, nutrientes como fósforo e nitrogênio, metais pesados, além de diversos 
patógenos como bactérias e até diversos vírus. 
Figura 17: Leitos cultivados de fluxo horizontal e vertical 
(a) 
(b) 
 
 
Podem ser classificados quanto ao fluxo do efluente, sendo horizontal e vertical. Nos LC’s de fluxo 
horizontal o afluente percola sob o leito longitudinalmente e sendo submetido ao tratamento durante 
o contato com a superfície do substrato com as raízes dos vegetais plantados (Figura 17a). Os de fluxo 
vertical apresentam a disposição do afluente em toda a superfície do leito e a percolação é 
intermitente, descendo verticalmente pelo substrato, o que permite uma boa transferência de oxigênio",2739,2726
09_adasa_reuso_aguas_cinzas.pdf,Aproveitamento de Águas Pluviais e Reúso de Águas Cinzas,ADASA,manual_tecnico,agua_reuso,2025,vigente,manual técnico,reúso de águas cinzas e aproveitamento de águas pluviais,60," 
48 
Aproveitamento de águas pluviais e reúso de águas cinzas em edificações 
e consequentemente o processo de nitrificação é ampliado (Figura 17b). O processo de tratamento se 
assemelha a de um filtro biológico, podendo ser utilizado combinado com sistemas de fluxo 
horizontal, formando os leitos cultivados híbridos. 
Para se construir um sistema de LC, seja em uma residência, seja em um condomínio com prédios e 
apartamentos, torna-se necessário a disponibilidade de área verde suficiente para comportar todo o 
sistema. Por isso o sistema ideal é de fluxo vertical por exigir menor área e menor custo de tratamento. 
Há experiencias em todo o mundo com dimensionamento entre 0,5 a 1 m² por habitante.   
6.2.2. Sistemas integrados 
Sistemas de reúso de águas cinzas integrados às edificações, promovem a distribuição indireta de 
água em pontos de usos não potáveis internos e/ou externos (Figura 18).  
Figura 18: Sistema integrado à edificação para o reúso de águas cinzas em pontos internos e 
externos. 
 
(a) Rede coletora (b) Filtro grosso (c) Sedimentação (d) Expurgo de sedimentos (e) Tratamento biológico (f) Reservatório de retenção e desinfecção 
(g) Extravasor (h) Bomba d’água (i) Unidade de Controle (j) Reservatório de distribuição (k) Válvula solenóide (l) Abastecimento de água potável 
(m) Rede de distribuição 
",1339,"Aproveitamento de águas pluviais e reúso de águas cinzas em edificações 
e consequentemente o processo de nitrificação é ampliado (Figura 17b). O processo de tratamento se 
assemelha a de um filtro biológico, podendo ser utilizado combinado com sistemas de fluxo 
horizontal, formando os leitos cultivados híbridos. 
Para se construir um sistema de LC, seja em uma residência, seja em um condomínio com prédios e 
apartamentos, torna-se necessário a disponibilidade de área verde suficiente para comportar todo o 
sistema. Por isso o sistema ideal é de fluxo vertical por exigir menor área e menor custo de tratamento. 
Há experiencias em todo o mundo com dimensionamento entre 0,5 a 1 m² por habitante. 
6.2.2. Sistemas integrados 
Sistemas de reúso de águas cinzas integrados às edificações, promovem a distribuição indireta de 
água em pontos de usos não potáveis internos e/ou externos (Figura 18). 
Figura 18: Sistema integrado à edificação para o reúso de águas cinzas em pontos internos e 
externos. 
 
(a) Rede coletora (b) Filtro grosso (c) Sedimentação (d) Expurgo de sedimentos (e) Tratamento biológico (f) Reservatório de retenção e desinfecção 
(g) Extravasor (h) Bomba d’água (i) Unidade de Controle (j) Reservatório de distribuição (k) Válvula solenóide (l) Abastecimento de água potável 
(m) Rede de distribuição",1339,1328
09_adasa_reuso_aguas_cinzas.pdf,Aproveitamento de Águas Pluviais e Reúso de Águas Cinzas,ADASA,manual_tecnico,agua_reuso,2025,vigente,manual técnico,reúso de águas cinzas e aproveitamento de águas pluviais,61," 
 
 
49 
Padrões de qualidade, critérios de instalação e manutenção 
Em geral, sistemas integrados realizam o recalque da água tratada para um reservatório de distribuição 
localizado na cobertura da edificação. Por gravidade, pontos de uso interno e externo são alimentados 
para uso não potável em descarga sanitária, torneiras de uso geral, torneiras de jardim, entre outros. 
Alternativamente, a distribuição da água não potável pode ser mista. Para isso, uma bomba 
pressurizadora é utilizada para o abastecimento direto em pontos de usos externos, e para o 
abastecimento indireto por meio de recalque ao reservatório de distribuição.  
6.2.3. Manutenção 
Os sistemas de tratamento de águas cinzas são projetados para terem o mínimo de intervenção, de um 
modo geral apenas a desinfecção é que exige que seja checado, sobretudo quando se trata do processo 
químico. Fora isso, apenas os filtros necessitam de limpeza em periódica entre 3 a 12 meses, 
dependendo do tipo de filtro. A recomendação sempre é observar o prazo do fabricante.  
Tabela 14: Frequência de manutenção de sistemas de reúso de águas cinzas 
Componentes do sistema 
Frequência de manutenção 
Limpeza manual dos filtros 
Depende do tipo de filtro, podendo 
ser semanal ou mensal 
Retrolavagem 
Checagem anual e limpeza 
Desinfecção química 
Trimestral ou anual, dependendo do 
tipo de sistema 
Bombas 
Anual  
Fonte: Leggett et al. (2001) 
De um modo geral, a maioria dos sistemas não exigem manutenção manual com frequência, porem 
aqueles que precisam devem oferecer aos usuários um manual de funcionamento que deve incluir:  
• Procedimentos de isolamento de emergência; 
• Procedimentos de ligar e desligar o sistema; 
• O que fazer em caso de acidentes; 
• O que fazer em caso de alterar a composição das águas cinzas pelo uso de produtos 
químicos não cotidianos; 
• Como interpretar os indicadores de alarmes; 
• Quando e como resolver manutenção e tarefas de rotinas; 
• Onde obter os componentes consumíveis;  
• SAC - Serviço de atendimento ao consumidor ativo. 
Os usuários que instalarem um sistema desses em suas casas devem estar cientes de que alterações 
foram feitas nas instalações hidráulicas e de como o sistema funciona. Para isso é necessário que a 
empresa forneça um treinamento prévio aos moradores ou disponibilize um técnico próprio que fique 
disponível e se responsabilize pela manutenção. Mesmo em caso de treinamento dos próprios 
moradores ou pessoa indicada pela família para operar o sistema, a empresa deve oferecer um serviço 
de checagem anual para averiguar a eficiência do sistema, sobretudo para verificar se as atividades 
biológicas envolvidas no sistema não promoveram uma proliferação de micróbios além do esperado.  
",2739,"Padrões de qualidade, critérios de instalação e manutenção 
Em geral, sistemas integrados realizam o recalque da água tratada para um reservatório de distribuição 
localizado na cobertura da edificação. Por gravidade, pontos de uso interno e externo são alimentados 
para uso não potável em descarga sanitária, torneiras de uso geral, torneiras de jardim, entre outros. 
Alternativamente, a distribuição da água não potável pode ser mista. Para isso, uma bomba 
pressurizadora é utilizada para o abastecimento direto em pontos de usos externos, e para o 
abastecimento indireto por meio de recalque ao reservatório de distribuição. 
6.2.3. Manutenção 
Os sistemas de tratamento de águas cinzas são projetados para terem o mínimo de intervenção, de um 
modo geral apenas a desinfecção é que exige que seja checado, sobretudo quando se trata do processo 
químico. Fora isso, apenas os filtros necessitam de limpeza em periódica entre 3 a 12 meses, 
dependendo do tipo de filtro. A recomendação sempre é observar o prazo do fabricante. 
Tabela 14: Frequência de manutenção de sistemas de reúso de águas cinzas 
Componentes do sistema 
Frequência de manutenção 
Limpeza manual dos filtros 
Depende do tipo de filtro, podendo 
ser semanal ou mensal 
Retrolavagem 
Checagem anual e limpeza 
Desinfecção química 
Trimestral ou anual, dependendo do 
tipo de sistema 
Bombas 
Anual 
Fonte: Leggett et al. (2001) 
De um modo geral, a maioria dos sistemas não exigem manutenção manual com frequência, porem 
aqueles que precisam devem oferecer aos usuários um manual de funcionamento que deve incluir: 
• Procedimentos de isolamento de emergência; 
• Procedimentos de ligar e desligar o sistema; 
• O que fazer em caso de acidentes; 
• O que fazer em caso de alterar a composição das águas cinzas pelo uso de produtos 
químicos não cotidianos; 
• Como interpretar os indicadores de alarmes; 
• Quando e como resolver manutenção e tarefas de rotinas; 
• Onde obter os componentes consumíveis; 
• SAC - Serviço de atendimento ao consumidor ativo. 
Os usuários que instalarem um sistema desses em suas casas devem estar cientes de que alterações 
foram feitas nas instalações hidráulicas e de como o sistema funciona. Para isso é necessário que a 
empresa forneça um treinamento prévio aos moradores ou disponibilize um técnico próprio que fique 
disponível e se responsabilize pela manutenção. Mesmo em caso de treinamento dos próprios 
moradores ou pessoa indicada pela família para operar o sistema, a empresa deve oferecer um serviço 
de checagem anual para averiguar a eficiência do sistema, sobretudo para verificar se as atividades 
biológicas envolvidas no sistema não promoveram uma proliferação de micróbios além do esperado.",2739,2721
09_adasa_reuso_aguas_cinzas.pdf,Aproveitamento de Águas Pluviais e Reúso de Águas Cinzas,ADASA,manual_tecnico,agua_reuso,2025,vigente,manual técnico,reúso de águas cinzas e aproveitamento de águas pluviais,62," 
50 
Aproveitamento de águas pluviais e reúso de águas cinzas em edificações 
6.2.4. Análise de risco  
A prática do tonel & balde é considerado, pelo governo australiano de baixo riso, pois a água cinza 
acumulada da máquina de lavar roupas apresenta pequenas quantidades de contaminantes, e seu 
pequeno volume, acumulado apenas por um dia, não representa riso ao meio ambiente pela 
contaminação do solo ou corpos hídricos (NSW, 2008).  
O reúso pressurizado de águas cinzas não tratadas podem apresentar um risco à saúde do usuário, 
como por exemplo, o sistema que faz a extração da água cinza acumulada por meio de uma lavadora 
de alta pressão conectada a um barril. O contato dos aerossóis gerados pela lavadora de alta pressão 
nos olhos, boca e nariz do operador pode representar um risco de contaminação. Apesar do sistema 
apresentar um filtro em malha, o sistema não realiza a desinfecção da água. Uma alternativa, seria a 
inclusão de um clorador flutuante dentro do barril para a desinfecção da água cinza acumulada. 
Porém, isso exige, de modo geral, a lavagem do reservatório com hipoclorito de sódio e a troca 
periódica de pastilhas de cloro no flutuador. 
O sucesso do perfeito funcionamento dos sistemas de reúso de águas cinzas dependerá da manutenção 
do sistema. Uma vez instalado, o sistema torna-se responsabilidade do proprietário do imóvel ou 
condomínio para garantir que ele seja gerenciado em conformidade com as instruções do fabricante. 
O proprietário também deve garantir que o sistema de águas cinzas seja mantido em bom estado de 
funcionamento, em todos os momentos. Qualquer defeito deve ser corrigido tão logo torna-se 
aparente. 
Alguns sistemas de águas cinzas requerem manutenção regular, por exemplo, a limpeza semanal ou 
substituindo filtros, retirada de lodo, lavagem de reservatórios com hipoclorito de sódio em solução, 
desinfecção das tubulações de trechos inoperantes, desvio das águas cinzas dos sistemas de irrigação 
para o esgoto na estação chuvosa, entre outros. 
Os poluentes retidos nos sistemas produzem como resíduo o lodo, que possui um volume de massa 
variável de acordo com a vazão de efluente que foi tratado. A composição do lodo também é variável 
e pode possuir matéria orgânica, nutrientes, organismos patógenos e, também, metais pesados, 
produtos químicos orgânicos e ainda substancias toxicas. Cerca de 80% da sua composição é matéria 
orgânica e depois do tratamento adequado pode ser utilizado como fertilizante para o solo, também 
por haver a presença de nutrientes como o fosforo e nitrogênio, importantes na nutrição vegetal. Em 
geral o lodo seco não é considerado perigoso quanto a transmissão de doenças, porem a presença de 
ovos de helmintos exigirá um manuseio com mais cuidado. A presença de substancias toxicas em 
quantidades elevadas também não ocorre, uma vez que essas são oriundas de esgotos industriais. 
Realização da manutenção (por exemplo, limpeza de filtros, retirado do lodo etc) exige do dono da 
casa assegurar que a pessoa que desenvolvera a atividade tome cuidados básicos como: 
• Evitar o contato com a água direto com a pele através do uso de luvas de borracha e 
roupas de proteção; 
• Certificar-se que cortes ou feridas estejam adequadamente protegidas de qualquer 
contato com as águas cinzas; 
• Certificar-se que áreas do corpo que entrem em contato com águas cinzas sejam 
lavadas imediatamente; 
",3411,"Aproveitamento de águas pluviais e reúso de águas cinzas em edificações 
6.2.4. Análise de risco 
A prática do tonel & balde é considerado, pelo governo australiano de baixo riso, pois a água cinza 
acumulada da máquina de lavar roupas apresenta pequenas quantidades de contaminantes, e seu 
pequeno volume, acumulado apenas por um dia, não representa riso ao meio ambiente pela 
contaminação do solo ou corpos hídricos (NSW, 2008). 
O reúso pressurizado de águas cinzas não tratadas podem apresentar um risco à saúde do usuário, 
como por exemplo, o sistema que faz a extração da água cinza acumulada por meio de uma lavadora 
de alta pressão conectada a um barril. O contato dos aerossóis gerados pela lavadora de alta pressão 
nos olhos, boca e nariz do operador pode representar um risco de contaminação. Apesar do sistema 
apresentar um filtro em malha, o sistema não realiza a desinfecção da água. Uma alternativa, seria a 
inclusão de um clorador flutuante dentro do barril para a desinfecção da água cinza acumulada. 
Porém, isso exige, de modo geral, a lavagem do reservatório com hipoclorito de sódio e a troca 
periódica de pastilhas de cloro no flutuador. 
O sucesso do perfeito funcionamento dos sistemas de reúso de águas cinzas dependerá da manutenção 
do sistema. Uma vez instalado, o sistema torna-se responsabilidade do proprietário do imóvel ou 
condomínio para garantir que ele seja gerenciado em conformidade com as instruções do fabricante. 
O proprietário também deve garantir que o sistema de águas cinzas seja mantido em bom estado de 
funcionamento, em todos os momentos. Qualquer defeito deve ser corrigido tão logo torna-se 
aparente. 
Alguns sistemas de águas cinzas requerem manutenção regular, por exemplo, a limpeza semanal ou 
substituindo filtros, retirada de lodo, lavagem de reservatórios com hipoclorito de sódio em solução, 
desinfecção das tubulações de trechos inoperantes, desvio das águas cinzas dos sistemas de irrigação 
para o esgoto na estação chuvosa, entre outros. 
Os poluentes retidos nos sistemas produzem como resíduo o lodo, que possui um volume de massa 
variável de acordo com a vazão de efluente que foi tratado. A composição do lodo também é variável 
e pode possuir matéria orgânica, nutrientes, organismos patógenos e, também, metais pesados, 
produtos químicos orgânicos e ainda substancias toxicas. Cerca de 80% da sua composição é matéria 
orgânica e depois do tratamento adequado pode ser utilizado como fertilizante para o solo, também 
por haver a presença de nutrientes como o fosforo e nitrogênio, importantes na nutrição vegetal. Em 
geral o lodo seco não é considerado perigoso quanto a transmissão de doenças, porem a presença de 
ovos de helmintos exigirá um manuseio com mais cuidado. A presença de substancias toxicas em 
quantidades elevadas também não ocorre, uma vez que essas são oriundas de esgotos industriais. 
Realização da manutenção (por exemplo, limpeza de filtros, retirado do lodo etc) exige do dono da 
casa assegurar que a pessoa que desenvolvera a atividade tome cuidados básicos como: 
• Evitar o contato com a água direto com a pele através do uso de luvas de borracha e 
roupas de proteção; 
• Certificar-se que cortes ou feridas estejam adequadamente protegidas de qualquer 
contato com as águas cinzas; 
• Certificar-se que áreas do corpo que entrem em contato com águas cinzas sejam 
lavadas imediatamente;",3411,3401
09_adasa_reuso_aguas_cinzas.pdf,Aproveitamento de Águas Pluviais e Reúso de Águas Cinzas,ADASA,manual_tecnico,agua_reuso,2025,vigente,manual técnico,reúso de águas cinzas e aproveitamento de águas pluviais,63," 
 
 
51 
Padrões de qualidade, critérios de instalação e manutenção 
• Orientar para não utilizar a água tratada para lavar rosto, boca ou mãos; 
• Orientar para não fumar no local durante a manutenção; e 
• Não comer até que as mãos sejam lavadas cuidadosamente. 
 
 
 
",272,"Padrões de qualidade, critérios de instalação e manutenção 
• Orientar para não utilizar a água tratada para lavar rosto, boca ou mãos; 
• Orientar para não fumar no local durante a manutenção; e 
• Não comer até que as mãos sejam lavadas cuidadosamente.",272,254
09_adasa_reuso_aguas_cinzas.pdf,Aproveitamento de Águas Pluviais e Reúso de Águas Cinzas,ADASA,manual_tecnico,agua_reuso,2025,vigente,manual técnico,reúso de águas cinzas e aproveitamento de águas pluviais,64," 
52 
Aproveitamento de águas pluviais e reúso de águas cinzas em edificações 
Referências Bibliográficas 
ABNT. NBR 5626: instalação predial de água fria. Rio de Janeiro: Associação Brasileira de Normas 
Técnicas, 1998. 41p. 
______. NBR 13969: tanques sépticos - unidades de tratamento complementar e disposição final dos 
efluentes líquidos - projeto, construção e operação. Rio de Janeiro: Associação Brasileira de Normas 
Técnicas, 1997. 60p. 
______. NBR 15527: aproveitamento de água de chuva de coberturas em áreas urbanas para fins não 
potáveis. Rio de Janeiro: Associação Brasileira de Normas Técnicas, 2007. 11p. 
ADASA. Níveis dos reservatórios de Santa Maria e Descoberto. Brasília: Agência Reguladora de 
Águas, 
Energia 
e 
Saneamento 
Básico 
do 
Distrito 
Federal. 
Disponível 
em: 
<http://www.adasa.df.gov.br>.  Acesso em: 10 novembro 2016. 
ALEXANDRE, E. C. F.; DE CASTRO, M. L.; PESQUERO, M. A. Caracterização e tratamento de 
águas cinzas com fins não potáveis. Revista Biotecnologia & Ciência, v.2, 2013. 
ANA; FIESP; SINDUSON-SP. Conservação e reúso de água em edificações. São Paulo: Prol 
Editora Gráfica, 2005. 151p. 
ANGELAKIS, A.N.; SNYDER, S.A. Wastewater treatment and reuse: past, present, and future. 
Water, v.7, p.4887 - 4895. 2015. 
BARCELOS, B. R.; M. R. FELIZZATO. Aproveitamento das águas atmosféricas. In: 23º Congresso 
Brasileiro de Engenharia Sanitária e Ambiental. Campo Grande: Associação Brasileira de 
Engenharia Sanitária e Ambiental, 2005. 
BBC. Wartime hardships: rationing in London. WW2 people's war: an archive of World War Two 
memories. London: British Broadcasting Company, 2004. 
BRASIL. Ministério da Saúde. Portaria nº2.914, de 12 de dezembro de 2011. Diário Oficial da 
União, n.239, p. 39, 2011a. 
______. Ministério do Meio Ambiente. Resolução nº54, de 28 de novembro de 2005. Conjunto de 
normas legais: recursos hídricos. Secretaria de Recursos Hídricos e Ambiente Urbano. 7 ed. Brasília: 
Ministério do Meio Ambiente, 2011b. 260p. 
BREWER, D.; BROWN, R.; STANFIELD, G. Rainwater and greywater in buildings: project 
report and case studies. Technical Note TN 7/2001. Berkshire: BSRIA, 2001. 105p. 
CAESB. Siágua 2014: Sinopse do sistema de abastecimento de água do Distrito Federal. Brasília: 
Companhia de Saneamento Ambiental do Distrito Federal. 2014. 
______. Sistemas de reuso de água e de aproveitamento de água pluvial. ND.SCO-013. Brasília, 
2012. 5p. 
",2427,"Aproveitamento de águas pluviais e reúso de águas cinzas em edificações 
Referências Bibliográficas 
ABNT. NBR 5626: instalação predial de água fria. Rio de Janeiro: Associação Brasileira de Normas 
Técnicas, 1998. 41p. 
______. NBR 13969: tanques sépticos - unidades de tratamento complementar e disposição final dos 
efluentes líquidos - projeto, construção e operação. Rio de Janeiro: Associação Brasileira de Normas 
Técnicas, 1997. 60p. 
______. NBR 15527: aproveitamento de água de chuva de coberturas em áreas urbanas para fins não 
potáveis. Rio de Janeiro: Associação Brasileira de Normas Técnicas, 2007. 11p. 
ADASA. Níveis dos reservatórios de Santa Maria e Descoberto. Brasília: Agência Reguladora de 
Águas, 
Energia 
e 
Saneamento 
Básico 
do 
Distrito 
Federal. 
Disponível 
em: 
< Acesso em: 10 novembro 2016. 
ALEXANDRE, E. C. F.; DE CASTRO, M. L.; PESQUERO, M. A. Caracterização e tratamento de 
águas cinzas com fins não potáveis. Revista Biotecnologia & Ciência, v.2, 2013. 
ANA; FIESP; SINDUSON-SP. Conservação e reúso de água em edificações. São Paulo: Prol 
Editora Gráfica, 2005. 151p. 
ANGELAKIS, A.N.; SNYDER, S.A. Wastewater treatment and reuse: past, present, and future. 
Water, v.7, p.4887 - 4895. 2015. 
BARCELOS, B. R.; M. R. FELIZZATO. Aproveitamento das águas atmosféricas. In: 23º Congresso 
Brasileiro de Engenharia Sanitária e Ambiental. Campo Grande: Associação Brasileira de 
Engenharia Sanitária e Ambiental, 2005. 
BBC. Wartime hardships: rationing in London. WW2 people's war: an archive of World War Two 
memories. London: British Broadcasting Company, 2004. 
BRASIL. Ministério da Saúde. Portaria nº2.914, de 12 de dezembro de 2011. Diário Oficial da 
União, n.239, p. 39, 2011a. 
______. Ministério do Meio Ambiente. Resolução nº54, de 28 de novembro de 2005. Conjunto de 
normas legais: recursos hídricos. Secretaria de Recursos Hídricos e Ambiente Urbano. 7 ed. Brasília: 
Ministério do Meio Ambiente, 2011b. 260p. 
BREWER, D.; BROWN, R.; STANFIELD, G. Rainwater and greywater in buildings: project 
report and case studies. Technical Note TN 7/2001. Berkshire: BSRIA, 2001. 105p. 
CAESB. Siágua 2014: Sinopse do sistema de abastecimento de água do Distrito Federal. Brasília: 
Companhia de Saneamento Ambiental do Distrito Federal. 2014. 
______. Sistemas de reuso de água e de aproveitamento de água pluvial. ND.SCO-013. Brasília, 
2012. 5p.",2427,2390
09_adasa_reuso_aguas_cinzas.pdf,Aproveitamento de Águas Pluviais e Reúso de Águas Cinzas,ADASA,manual_tecnico,agua_reuso,2025,vigente,manual técnico,reúso de águas cinzas e aproveitamento de águas pluviais,65," 
 
 
53 
Padrões de qualidade, critérios de instalação e manutenção 
______. Seca 2016: Informações sobre a crise hídrica no Distrito Federal. Brasília: Companhia de 
Saneamento Ambiental do Distrito Federal, 2016a. Disponível em: <https://www.caesb.df.gov.br/>. 
Acesso em 07 dezembro 2016. 
______. Relatório de indicadores de desempenho da CAESB: resultados 2015. Brasília: 
Companhia de Saneamento Ambiental do Distrito Federal. 2016b. 
CAMPBELL, C. S.; OGDEN, M. H. Constructed Wetlands in the Sustainable Landscape. 
Canada: John Wiley & Sons, 1999. 
COSTA M. E. L. Monitoramento e modelagem das águas da drenagem urbana na bacia do Lago 
Paranoá. Dissertação (Mestrado). Programa de Pós-Graduação em Tecnologia Ambiental e recursos 
Hídricos, Departamento de Tecnologia, Universidade de Brasília, Brasília, 2013. 179p. 
CSA. Performance of non-potable water reuse systems. Canadian Centre for Occupational Health 
and Safety. CSA Standards, 2017. 58p. 
DE OREO, W.B.; HEANEY, J.P.; MAYER, P.W. Flow trace analysis to assess water use. American 
Water Works Association, v.88, n.1, p. 79-90, 1996. 
DEPARTMENT OF HEALTH. Code of Practice for the Reuse of Greywater in Western 
Australia 2010. Government of Western Australia. Perth: Department of Health, 2010. 56p. 
______. Guidelines for the Non-potable Uses of Recycled Water in Western Australia. n. August, p. 
98, 2011. 
DHWA. Draft guidelines for the reuse of greywater in Western Australia. In: Department of Health, 
Perth: Government of Western Australia, 2002. 
DIN. SPEC 19755:2012-03. Activities relating to drinking water and wastewater services - 
Guidelines for the assessment and for the improvement of the service to users. German Institute for 
Standardization, 2012. 
DISTRITO FEDERAL. Governo do Distrito Federal. Lei nº 4.671, de 10 de novembro de 2011. 
Diário Oficial do Distrito Federal, Brasília, v.43, n.218, p.1, 2011. 
DIXON, A.; BUTLER, D.; FEWKES, A. Water saving potential of domestic water reuse systems 
using greywater and rainwater in combination. Water Science and Technology, v.39 n.5, p.25-32, 
1999. 
ENVIRONMENT AGENCY Greywater for domestic users: an information guide. Bristol: 
Environment Agency. 2011. 
______. Harvesting rainwater for domestic uses: an information guide. Bristol: Environment 
Agency. 2010. 
______. A study of domestic greywater recycling. National Water Management Centre. Bristol: 
Environment Agency. 2000. 
EPA. Guidelines for Water Reuse Development. Washington, DC, 2004. 
",2501,"Padrões de qualidade, critérios de instalação e manutenção 
______. Seca 2016: Informações sobre a crise hídrica no Distrito Federal. Brasília: Companhia de 
Saneamento Ambiental do Distrito Federal, 2016a. Disponível em: < 
Acesso em 07 dezembro 2016. 
______. Relatório de indicadores de desempenho da CAESB: resultados 2015. Brasília: 
Companhia de Saneamento Ambiental do Distrito Federal. 2016b. 
CAMPBELL, C. S.; OGDEN, M. H. Constructed Wetlands in the Sustainable Landscape. 
Canada: John Wiley & Sons, 1999. 
COSTA M. E. L. Monitoramento e modelagem das águas da drenagem urbana na bacia do Lago 
Paranoá. Dissertação (Mestrado). Programa de Pós-Graduação em Tecnologia Ambiental e recursos 
Hídricos, Departamento de Tecnologia, Universidade de Brasília, Brasília, 2013. 179p. 
CSA. Performance of non-potable water reuse systems. Canadian Centre for Occupational Health 
and Safety. CSA Standards, 2017. 58p. 
DE OREO, W.B.; HEANEY, J.P.; MAYER, P.W. Flow trace analysis to assess water use. American 
Water Works Association, v.88, n.1, p. 79-90, 1996. 
DEPARTMENT OF HEALTH. Code of Practice for the Reuse of Greywater in Western 
Australia 2010. Government of Western Australia. Perth: Department of Health, 2010. 56p. 
______. Guidelines for the Non-potable Uses of Recycled Water in Western Australia. n. August, p. 
98, 2011. 
DHWA. Draft guidelines for the reuse of greywater in Western Australia. In: Department of Health, 
Perth: Government of Western Australia, 2002. 
DIN. SPEC 19755:2012-03. Activities relating to drinking water and wastewater services - 
Guidelines for the assessment and for the improvement of the service to users. German Institute for 
Standardization, 2012. 
DISTRITO FEDERAL. Governo do Distrito Federal. Lei nº 4.671, de 10 de novembro de 2011. 
Diário Oficial do Distrito Federal, Brasília, v.43, n.218, p.1, 2011. 
DIXON, A.; BUTLER, D.; FEWKES, A. Water saving potential of domestic water reuse systems 
using greywater and rainwater in combination. Water Science and Technology, v.39 n.5, p.25-32, 
1999. 
ENVIRONMENT AGENCY Greywater for domestic users: an information guide. Bristol: 
Environment Agency. 2011. 
______. Harvesting rainwater for domestic uses: an information guide. Bristol: Environment 
Agency. 2010. 
______. A study of domestic greywater recycling. National Water Management Centre. Bristol: 
Environment Agency. 2000. 
EPA. Guidelines for Water Reuse Development. Washington, DC, 2004.",2501,2459
09_adasa_reuso_aguas_cinzas.pdf,Aproveitamento de Águas Pluviais e Reúso de Águas Cinzas,ADASA,manual_tecnico,agua_reuso,2025,vigente,manual técnico,reúso de águas cinzas e aproveitamento de águas pluviais,66," 
54 
Aproveitamento de águas pluviais e reúso de águas cinzas em edificações 
ESPANHA. Gobierno de España. Real Decreto 1620 de 7 de diciembre de 2007. Boletín Oficial del 
Estado, Madrid, n.162, p. 50639- 5066, 2007. 
FEWKES, A. The technology, design and utility of rainwater catchment systems. In: D. BUTLER e 
F.A. MEMON (Ed.). Water demand management. London: IWA Publishing, 2006. The 
technology, design and utility of rainwater catchment systems, p.27-61 
GALVÃO, A.; MATOS, J. A contribuição da evapotranspiração no tratamento de águas residuais 
através de leitos de macrófitas. Revista Recursos Hídricos, v. 33, p. 53–58, 2012. 
GHISI, E.; OLIVEIRA, S. M. Potential for potable water savings by combining the use of rainwater 
and greywater in houses in southern Brazil. Building and Environment, v. 42 n. 4, p.1731-1742. 
2007. 
GOULD, J. e N.E. PETERSEN. Rainwater catchment systems for domestic supply: Design, 
construction and implementation. London: Intermediate Technology Publications. 1999. 335 p. 
GRIGGS, J. C.; SHOULER, M. C.; HALL, J. Water conservation and the built environment. In: 21 
AD: Water. Oxford: Oxford University Press. 1998. 
HERRINGTON, P.R. The economics of water demand management. In: D. BUTLER e F.A. 
MEMON (Ed.). Water demand management. London: IWA, 2006. The economics of water 
demand management, p.236-279. 
JSWA. Technical Guidelines on the Reuse of Treated Wastewater – Proposal. Tokyo: Japan 
Sewage Works Association, 1981. 
JÚNIOR, G. B. A.; DIAS, I. C. S.; GADELHA, C. L. M. Viabilidade econômica e aceitação social 
do aproveitamento de águas pluviais em residências na cidade de João Pessoa. Ambiente 
Construído, Porto Alegre, v. 8, n. 2, p. 85-98, abr./jun. 2008. 
LEGGETT, D.; BROWN, R.; STANFIELD, G.; BREWER, D.; HOLLIDAY, E. Rainwater and 
greywater use in buildings: Decision-making for water conservation. London: CIRIA. 2001. 65p. 
LI, Z.; BOYLE, F.; ANTHONY, R. Rainwater harvesting and greywater treatment systems for 
domestic application in Ireland. Desalination, v.260 n.1-3, p.1-8, 2010. 
LOH, M. ET AL. Domestic water use study: The next step forward. In: 27th Hydrology and Water 
Resources Symposium, Melbourne. 2002. 
MADDAUS, W. O. Residential water conservation projects: Summary report.  Washington: 
Department of Housing and Urban Development. 1984. 
MARCH, J. G.; GUAL, M.; OROZCO, F. Experiences on greywater re-use for toilet flushing in a 
hotel. Desalination, v.164, n.3, p.241-247, 2004. 
MAYER, P. W. ET AL.  Residential end uses of water. In: Foundation, A. R., American Water 
Works Association. 1999. 
MOSLEY, L. Water quality of rainwater. SOPAC Miscellaneous Report 579, 2005.  
",2673,"Aproveitamento de águas pluviais e reúso de águas cinzas em edificações 
ESPANHA. Gobierno de España. Real Decreto 1620 de 7 de diciembre de 2007. Boletín Oficial del 
Estado, Madrid, n.162, p. 50639- 5066, 2007. 
FEWKES, A. The technology, design and utility of rainwater catchment systems. In: D. BUTLER e 
F.A. MEMON (Ed.). Water demand management. London: IWA Publishing, 2006. The 
technology, design and utility of rainwater catchment systems, p.27-61 
GALVÃO, A.; MATOS, J. A contribuição da evapotranspiração no tratamento de águas residuais 
através de leitos de macrófitas. Revista Recursos Hídricos, v. 33, p. 53–58, 2012. 
GHISI, E.; OLIVEIRA, S. M. Potential for potable water savings by combining the use of rainwater 
and greywater in houses in southern Brazil. Building and Environment, v. 42 n. 4, p.1731-1742. 
2007. 
GOULD, J. e N.E. PETERSEN. Rainwater catchment systems for domestic supply: Design, 
construction and implementation. London: Intermediate Technology Publications. 1999. 335 p. 
GRIGGS, J. C.; SHOULER, M. C.; HALL, J. Water conservation and the built environment. In: 21 
AD: Water. Oxford: Oxford University Press. 1998. 
HERRINGTON, P.R. The economics of water demand management. In: D. BUTLER e F.A. 
MEMON (Ed.). Water demand management. London: IWA, 2006. The economics of water 
demand management, p.236-279. 
JSWA. Technical Guidelines on the Reuse of Treated Wastewater – Proposal. Tokyo: Japan 
Sewage Works Association, 1981. 
JÚNIOR, G. B. A.; DIAS, I. C. S.; GADELHA, C. L. M. Viabilidade econômica e aceitação social 
do aproveitamento de águas pluviais em residências na cidade de João Pessoa. Ambiente 
Construído, Porto Alegre, v. 8, n. 2, p. 85-98, abr./jun. 2008. 
LEGGETT, D.; BROWN, R.; STANFIELD, G.; BREWER, D.; HOLLIDAY, E. Rainwater and 
greywater use in buildings: Decision-making for water conservation. London: CIRIA. 2001. 65p. 
LI, Z.; BOYLE, F.; ANTHONY, R. Rainwater harvesting and greywater treatment systems for 
domestic application in Ireland. Desalination, v.260 n.1-3, p.1-8, 2010. 
LOH, M. ET AL. Domestic water use study: The next step forward. In: 27th Hydrology and Water 
Resources Symposium, Melbourne. 2002. 
MADDAUS, W. O. Residential water conservation projects: Summary report. Washington: 
Department of Housing and Urban Development. 1984. 
MARCH, J. G.; GUAL, M.; OROZCO, F. Experiences on greywater re-use for toilet flushing in a 
hotel. Desalination, v.164, n.3, p.241-247, 2004. 
MAYER, P. W. ET AL. Residential end uses of water. In: Foundation, A. R., American Water 
Works Association. 1999. 
MOSLEY, L. Water quality of rainwater. SOPAC Miscellaneous Report 579, 2005.",2673,2662
09_adasa_reuso_aguas_cinzas.pdf,Aproveitamento de Águas Pluviais e Reúso de Águas Cinzas,ADASA,manual_tecnico,agua_reuso,2025,vigente,manual técnico,reúso de águas cinzas e aproveitamento de águas pluviais,67," 
 
 
55 
Padrões de qualidade, critérios de instalação e manutenção 
MUSTOW, S.; GREY, R.; SMERDON, T. Water conservation: Implications of using recycled 
greywater and stored rainwater in the UK. Berkshire: BSRIA. 1997. 
MWI. Standards, regulations & legislation for water reuse in Jordan. Jordan: Ministry of Water 
and Irrigation, 2001. 57p. 
NRMMCEP & HCAHMC. National Guidelines for Water Recycling: Managing Health and 
Environmental Risks. Natural Resource Management Ministerial Council Environment Protection 
and Heritage Council Australian Health Ministers Conference, 2006. 
NSW. Greywater reuse in sewered, single household residential premises. Department of Water 
and Energy. Sydney: New South Wales Government, 2008. 
PATTERSON, A. P. Water Efficiency, domestic appliances and hydraulic design for on-site systems. 
In: 1
st International Conference on Onsite Wastewater Treatment and Recycling. Perth, 2004. 
ROCHA, A. L.; BARRETO, D.; IOSHIMOTO, E. Caracterização e monitoramento do consumo 
predial de água. Programa Nacional de Combate ao Desperdício de Água. Brasília: Secretaria de 
Política Urbana. 1998. 
ROEBUCK, R. M.; OLTEAN-DUMBRAVA, C.; TAIT, S. Whole life cost performance of domestic 
rainwater harvesting systems in the United Kingdom. Water and Environment Journal, v.25, n.3, 
p.355-365. 2010. 
THACKRAY, J. E.; COCKER, V.; ARCHIBALD, G. The Malvern and Mansfield studies of 
domestic water usage. Water Engineers and Science, v. 64, p.37-61. 1978. 
THOMAS, T.; REES, D. Affordable roofwater harvesting in the humid tropics. In: Conferência 
Internacional Sobre Sistemas de Captação de Água de Chuva. Petrolina, 1999. 
TOMAZ, P. Aproveitamento de água de chuva para áreas urbanas e fins não potáveis. São Paulo: 
Navegar Editora. 2003. 180 p. 
UNEP. Corporate water accounting: an analysis of methods and tools for measuring water use and 
its impacts. Oakland: Pacific Institute, 2010. 60p. 
VICKERS, A. Handbook of water use and conservation. Amherst: Water Plow Press, 2001. 426p. 
VIEIRA, P.; ALMEIDA, M.C.; BAPTISTA, J.M.; RIBEIRO, R. Household water use: a Portuguese 
field study. Water Science and Technology: Water Supply, v.7, n.5-6, p. 193-202, 2007. 
WEBSTER, C. J. D. An investigation of the use of water outlet in multi-storey flats. In: Symposium 
on Water Demand in Buildings, Building Research Establishment - BRE. 1972. 
WHO. Overview of greywater management Health considerations Wastewater Use in 
Agriculture. Amman, Jordan 2006. 
______. Reuse of effluents: methods of wastewater treatment and health safeguards. Report of a 
WHO meeting of experts. World Health Organization - Technical Report Series Geneva World 
Health Organization, , 1973. 
",2704,"Padrões de qualidade, critérios de instalação e manutenção 
MUSTOW, S.; GREY, R.; SMERDON, T. Water conservation: Implications of using recycled 
greywater and stored rainwater in the UK. Berkshire: BSRIA. 1997. 
MWI. Standards, regulations & legislation for water reuse in Jordan. Jordan: Ministry of Water 
and Irrigation, 2001. 57p. 
NRMMCEP & HCAHMC. National Guidelines for Water Recycling: Managing Health and 
Environmental Risks. Natural Resource Management Ministerial Council Environment Protection 
and Heritage Council Australian Health Ministers Conference, 2006. 
NSW. Greywater reuse in sewered, single household residential premises. Department of Water 
and Energy. Sydney: New South Wales Government, 2008. 
PATTERSON, A. P. Water Efficiency, domestic appliances and hydraulic design for on-site systems. 
In: 1
st International Conference on Onsite Wastewater Treatment and Recycling. Perth, 2004. 
ROCHA, A. L.; BARRETO, D.; IOSHIMOTO, E. Caracterização e monitoramento do consumo 
predial de água. Programa Nacional de Combate ao Desperdício de Água. Brasília: Secretaria de 
Política Urbana. 1998. 
ROEBUCK, R. M.; OLTEAN-DUMBRAVA, C.; TAIT, S. Whole life cost performance of domestic 
rainwater harvesting systems in the United Kingdom. Water and Environment Journal, v.25, n.3, 
p.355-365. 2010. 
THACKRAY, J. E.; COCKER, V.; ARCHIBALD, G. The Malvern and Mansfield studies of 
domestic water usage. Water Engineers and Science, v. 64, p.37-61. 1978. 
THOMAS, T.; REES, D. Affordable roofwater harvesting in the humid tropics. In: Conferência 
Internacional Sobre Sistemas de Captação de Água de Chuva. Petrolina, 1999. 
TOMAZ, P. Aproveitamento de água de chuva para áreas urbanas e fins não potáveis. São Paulo: 
Navegar Editora. 2003. 180 p. 
UNEP. Corporate water accounting: an analysis of methods and tools for measuring water use and 
its impacts. Oakland: Pacific Institute, 2010. 60p. 
VICKERS, A. Handbook of water use and conservation. Amherst: Water Plow Press, 2001. 426p. 
VIEIRA, P.; ALMEIDA, M.C.; BAPTISTA, J.M.; RIBEIRO, R. Household water use: a Portuguese 
field study. Water Science and Technology: Water Supply, v.7, n.5-6, p. 193-202, 2007. 
WEBSTER, C. J. D. An investigation of the use of water outlet in multi-storey flats. In: Symposium 
on Water Demand in Buildings, Building Research Establishment - BRE. 1972. 
WHO. Overview of greywater management Health considerations Wastewater Use in 
Agriculture. Amman, Jordan 2006. 
______. Reuse of effluents: methods of wastewater treatment and health safeguards. Report of a 
WHO meeting of experts. World Health Organization - Technical Report Series Geneva World 
Health Organization,, 1973.",2704,2691
09_adasa_reuso_aguas_cinzas.pdf,Aproveitamento de Águas Pluviais e Reúso de Águas Cinzas,ADASA,manual_tecnico,agua_reuso,2025,vigente,manual técnico,reúso de águas cinzas e aproveitamento de águas pluviais,68," 
56 
Aproveitamento de águas pluviais e reúso de águas cinzas em edificações 
______. The world health report 1997: conquering, suffering, enriching humanity. World Health 
Forum, 1997. 
WORSLEY, L. If walls could talk: an intimate history of the home. London: Faber and Faber. 
2011 
YANG, H.; ABBASPOUR, K. C. Analysis of wastewater reuse potential in Beijing. Desalination, 
v.212, n.1-3, p.238-250, 2007. 
YYMAZAL, J. Constructed wetlands for treatment of industrial wastewaters: a review. Ecological 
Engineering, v.73, p. 724-751, 2014. 
ZHANG, H. H.; BROWN, D. F. Understanding urban residential water use in Beijing and Tianjin. 
Habitat International, v. 29 n. 3, p.469-491. 2005. 
 
 
",696,"Aproveitamento de águas pluviais e reúso de águas cinzas em edificações 
______. The world health report 1997: conquering, suffering, enriching humanity. World Health 
Forum, 1997. 
WORSLEY, L. If walls could talk: an intimate history of the home. London: Faber and Faber. 
 
YANG, H.; ABBASPOUR, K. C. Analysis of wastewater reuse potential in Beijing. Desalination, 
v.212, n.1-3, p.238-250, 2007. 
YYMAZAL, J. Constructed wetlands for treatment of industrial wastewaters: a review. Ecological 
Engineering, v.73, p. 724-751, 2014. 
ZHANG, H. H.; BROWN, D. F. Understanding urban residential water use in Beijing and Tianjin. 
Habitat International, v. 29 n. 3, p.469-491. 2005.",696,680
10_ipt_manual_aguas_cinzas.pdf,Manual de Águas Cinzas,IPT,manual_tecnico,agua_reuso,2025,vigente,manual técnico,"tratamento, qualidade e uso de águas cinzas",2,"Dados Internacionais de Catalogação na Publicação (CIP)
       (Câmara Brasileira do Livro, SP, Brasil)
        Manual para aproveitamento emergencial de águas 
           cinza do banho e da máquina de lavar [livro 
           eletrônico] / Wolney Castilho Alves...[et al.]. --  
           São Paulo : IPT - Instituto de Pesquisas 
           Tecnológicas do Estado de São Paulo, 2016. -- 
           (IPT Publicação ; 3023)
           5.414 Kb ; PDF.           
           Outros autores: Luciano Zanella, Jordana 
        Rodrigues de Castro, Rayana Santiago de Queiroz
           ISBN 978-85-09-00185-8
           1. Água - Aspectos ambientais 2. Água - 
        Aspectos econômicos 3. Água - Consumo 4. Água - 
        Reúso I. Alves, Wolney Castilho . II. Zanella, 
        Luciano . III. Castro, Jordana Rodrigues de. 
        IV. Queiroz, Rayana Santiago de.
        
16-01757                                   CDD-363.7284
           Índices para catálogo sistemático:
        1. Manual para reúso de água : Saúde ambiental 
              363.7284
",1058,"Dados Internacionais de Catalogação na Publicação (CIP)
 (Câmara Brasileira do Livro, SP, Brasil)
 Manual para aproveitamento emergencial de águas 
 cinza do banho e da máquina de lavar [livro 
 eletrônico] / Wolney Castilho Alves...[et al.]. -- 
 São Paulo: IPT - Instituto de Pesquisas 
 Tecnológicas do Estado de São Paulo, 2016. -- 
 (IPT Publicação; 3023)
 5.414 Kb; PDF. 
 Outros autores: Luciano Zanella, Jordana 
 Rodrigues de Castro, Rayana Santiago de Queiroz
 ISBN 978-85-09-00185-8
 1. Água - Aspectos ambientais 2. Água - 
 Aspectos econômicos 3. Água - Consumo 4. Água - 
 Reúso I. Alves, Wolney Castilho. II. Zanella, 
 Luciano. III. Castro, Jordana Rodrigues de. 
 IV. Queiroz, Rayana Santiago de.
 
16-01757 CDD-363.7284
 Índices para catálogo sistemático:
 1. Manual para reúso de água: Saúde ambiental 
 363.7284",1058,831
10_ipt_manual_aguas_cinzas.pdf,Manual de Águas Cinzas,IPT,manual_tecnico,agua_reuso,2025,vigente,manual técnico,"tratamento, qualidade e uso de águas cinzas",3,"Este manual oferece à população 
orientações para reutilização 
emergencial da água usada no banho e 
na lavagem de roupas, apresentando boas 
práticas para manejo dessas águas no 
ambiente doméstico. 
As soluções apresentadas a seguir são 
caseiras e não requerem construções, 
instalação de equipamentos especiais ou 
reformas residenciais. 
Lembre-se: se os sistemas públicos de 
abastecimento estiverem funcionando 
com deficiência, é importante economizar 
água em geral.
Apresentação
",490,"Este manual oferece à população 
orientações para reutilização 
emergencial da água usada no banho e 
na lavagem de roupas, apresentando boas 
práticas para manejo dessas águas no 
ambiente doméstico. 
As soluções apresentadas a seguir são 
caseiras e não requerem construções, 
instalação de equipamentos especiais ou 
reformas residenciais. 
Lembre-se: se os sistemas públicos de 
abastecimento estiverem funcionando 
com deficiência, é importante economizar 
água em geral.
Apresentação",490,489
10_ipt_manual_aguas_cinzas.pdf,Manual de Águas Cinzas,IPT,manual_tecnico,agua_reuso,2025,vigente,manual técnico,"tratamento, qualidade e uso de águas cinzas",4,"Sobre o IPT
O IPT é um instituto de pesquisas vinculado 
à Secretaria de Desenvolvimento Econômico, 
Ciência, Tecnologia e Inovação do Estado de 
São Paulo e colabora há mais de cem anos para 
o desenvolvimento do País.
Contando com cerca de 40 laboratórios capaci­
tados e equipe de pesquisadores e técnicos 
altamente qualificados, o IPT atua nos mais 
diversos segmentos como recursos hídricos, 
saneamento, meio ambiente, energia, trans­
portes, petróleo & gás, construção civil, mate­
riais, saúde e segurança.
Uma de suas áreas de atuação é o aproveita­
mento e reúso de água em edificações – com 
destaque para o aproveitamento de água de 
chuva e o reúso de águas cinza, sobre os quais 
desenvolve pesquisas desde o ano 2000.
As orientações contidas neste manual são 
baseadas no conhecimento acumulado pelo 
IPT nesse período e em referências técnicas. 
É nosso dever disponibilizar à sociedade esse 
conhecimento, fornecendo informações con­
fiáveis para enfrentar a crise hídrica.
",992,"Sobre o IPT
O IPT é um instituto de pesquisas vinculado 
à Secretaria de Desenvolvimento Econômico, 
Ciência, Tecnologia e Inovação do Estado de 
São Paulo e colabora há mais de cem anos para 
o desenvolvimento do País.
Contando com cerca de 40 laboratórios capaci­
tados e equipe de pesquisadores e técnicos 
altamente qualificados, o IPT atua nos mais 
diversos segmentos como recursos hídricos, 
saneamento, meio ambiente, energia, trans­
portes, petróleo & gás, construção civil, mate­
riais, saúde e segurança.
Uma de suas áreas de atuação é o aproveita­
mento e reúso de água em edificações – com 
destaque para o aproveitamento de água de 
chuva e o reúso de águas cinza, sobre os quais 
desenvolve pesquisas desde o ano 2000.
As orientações contidas neste manual são 
baseadas no conhecimento acumulado pelo 
IPT nesse período e em referências técnicas. 
É nosso dever disponibilizar à sociedade esse 
conhecimento, fornecendo informações con­
fiáveis para enfrentar a crise hídrica.",992,991
10_ipt_manual_aguas_cinzas.pdf,Manual de Águas Cinzas,IPT,manual_tecnico,agua_reuso,2025,vigente,manual técnico,"tratamento, qualidade e uso de águas cinzas",5,"Índice
O que são águas cinza?
Características das águas cinza
Qualidades das águas cinza
Qualidade das águas cinza do banho
Qualidades das águas cinza da máquina de lavar
Usos e cuidados
Principais usos indicados
O que você precisa verificar
Não use águas cinza para...
Como coletar a água
Que quantidade de águas cinza devo coletar?
Da máquina de lavar
Do banho
Como armazenar a água
Principais critérios
Recipientes para armazenamento
Recomendações para recipientes
Cuidados ao armazenar água
Por quanto tempo posso armazenar?
Como eliminar ou diminuir odores desagradáveis
O que nunca fazer com águas cinza
Saiba mais
6
7
8
8
9
10
10
12
13
14
14
15
18
20
20
21
22
23
24
25
27
28
",682,"Índice
O que são águas cinza?
Características das águas cinza
Qualidades das águas cinza
Qualidade das águas cinza do banho
Qualidades das águas cinza da máquina de lavar
Usos e cuidados
Principais usos indicados
O que você precisa verificar
Não use águas cinza para...
Como coletar a água
Que quantidade de águas cinza devo coletar?
Da máquina de lavar
Do banho
Como armazenar a água
Principais critérios
Recipientes para armazenamento
Recomendações para recipientes
Cuidados ao armazenar água
Por quanto tempo posso armazenar?
Como eliminar ou diminuir odores desagradáveis
O que nunca fazer com águas cinza
Saiba mais",682,620
10_ipt_manual_aguas_cinzas.pdf,Manual de Águas Cinzas,IPT,manual_tecnico,agua_reuso,2025,vigente,manual técnico,"tratamento, qualidade e uso de águas cinzas",6,"IPT - Instituto de Pesquisas Tecnológicas
6
O que são águas cinza?
São chamadas de águas cinza as águas já utilizadas em tanques e 
máquinas de lavar roupa, no banho e em lavatórios de banheiro. 
Não se incluem  as águas da pia da cozinha e da bacia sanitária. 
Neste manual, trataremos apenas das águas cinza da máquina 
de lavar e do banho que, depois de usadas, ficam com aparências 
diferentes, dependendo dos produtos utilizados e da etapa de 
lavagem na máquina.
!!!
Atenção:
Para lavar roupa ou tomar banho geralmente usamos água da rede pública (potável). 
Contudo, em situações emergenciais, pode-se usar água coletada da chuva. Nesse caso, 
adote os cuidados e procedimentos indicados no “Manual para captação emergencial e uso 
doméstico de água de chuva” publicado pelo IPT em março de 2015 (ver p. 28)
",815,"IPT - Instituto de Pesquisas Tecnológicas
 
O que são águas cinza?
São chamadas de águas cinza as águas já utilizadas em tanques e 
máquinas de lavar roupa, no banho e em lavatórios de banheiro. 
Não se incluem as águas da pia da cozinha e da bacia sanitária. 
Neste manual, trataremos apenas das águas cinza da máquina 
de lavar e do banho que, depois de usadas, ficam com aparências 
diferentes, dependendo dos produtos utilizados e da etapa de 
lavagem na máquina.!!!
Atenção:
Para lavar roupa ou tomar banho geralmente usamos água da rede pública (potável). 
Contudo, em situações emergenciais, pode-se usar água coletada da chuva. Nesse caso, 
adote os cuidados e procedimentos indicados no “Manual para captação emergencial e uso 
doméstico de água de chuva” publicado pelo IPT em março de 2015 (ver p. 28)",815,812
10_ipt_manual_aguas_cinzas.pdf,Manual de Águas Cinzas,IPT,manual_tecnico,agua_reuso,2025,vigente,manual técnico,"tratamento, qualidade e uso de águas cinzas",7,"7
Manual para aproveitamento emergencial de águas cinza do banho e da máquina de lavar
Características das águas cinza
A cor pode ser cinza escuro, cinza claro ou 
outra cor dependendo da sujeira removida e da 
liberação de pigmentos e corantes dos tecidos. 
A água pode também ter 
aparência de água limpa, 
cristalina como no caso das águas 
resultantes da centrifugação em 
lavadoras de roupa. 
Independente da cor, a água 
da lavagem de tecidos contém 
partículas de sujeira e substâncias 
químicas de sabões, líquidos 
amaciantes, alvejantes etc. 
Já a água usada no banho estará misturada 
a sabonete, shampoo, condicionador etc. 
Essas águas também podem conter resíduos 
de secreções e excreções do corpo, como 
oleosidade, suor e urina. 
As águas cinza 
também podem conter 
microrganismos que podem 
ser nocivos à saúde como 
bactérias, vírus e fungos. 
",864,"Manual para aproveitamento emergencial de águas cinza do banho e da máquina de lavar
Características das águas cinza
A cor pode ser cinza escuro, cinza claro ou 
outra cor dependendo da sujeira removida e da 
liberação de pigmentos e corantes dos tecidos. 
A água pode também ter 
aparência de água limpa, 
cristalina como no caso das águas 
resultantes da centrifugação em 
lavadoras de roupa. 
Independente da cor, a água 
da lavagem de tecidos contém 
partículas de sujeira e substâncias 
químicas de sabões, líquidos 
amaciantes, alvejantes etc. 
Já a água usada no banho estará misturada 
a sabonete, shampoo, condicionador etc. 
Essas águas também podem conter resíduos 
de secreções e excreções do corpo, como 
oleosidade, suor e urina. 
As águas cinza 
também podem conter 
microrganismos que podem 
ser nocivos à saúde como 
bactérias, vírus e fungos.",864,860
10_ipt_manual_aguas_cinzas.pdf,Manual de Águas Cinzas,IPT,manual_tecnico,agua_reuso,2025,vigente,manual técnico,"tratamento, qualidade e uso de águas cinzas",8,"IPT - Instituto de Pesquisas Tecnológicas
8
Qualidades das águas cinza
As águas cinza geradas pelo banho 
geralmente têm uma aparência cinza claro. 
Podem conter resíduos de sabão, shampoo 
e de secreções corporais, como suor e 
oleosidade da pele. Como as demais águas 
cinza, pode conter microrganismos como 
bactérias, fungos e vírus.
Qualidade das águas cinza do banho
",373,"IPT - Instituto de Pesquisas Tecnológicas
 
Qualidades das águas cinza
As águas cinza geradas pelo banho 
geralmente têm uma aparência cinza claro. 
Podem conter resíduos de sabão, shampoo 
e de secreções corporais, como suor e 
oleosidade da pele. Como as demais águas 
cinza, pode conter microrganismos como 
bactérias, fungos e vírus.
Qualidade das águas cinza do banho",373,372
10_ipt_manual_aguas_cinzas.pdf,Manual de Águas Cinzas,IPT,manual_tecnico,agua_reuso,2025,vigente,manual técnico,"tratamento, qualidade e uso de águas cinzas",9,"9
Manual para aproveitamento emergencial de águas cinza do banho e da máquina de lavar
* Baseado em informações sobre 
lavadoras automáticas disponíveis 
no mercado em julho de 2015
Lavagem
Enxágue
Centrifugação
A água entra na lavadora e mistura-se com 
sabão em pó; os tecidos passam por período 
de molho (opcional) e agitação, liberando 
sujeira e outras substâncias.
A água suja da lavagem é esvaziada; a máquina 
enche novamente com água limpa que pode 
se misturar a produtos amaciantes; a água do 
enxágue pode sair cristalina ou levemente 
colorida, contendo restos de sabões 
dissolvidos, amaciantes e alvejantes.
A água do enxágue é esvaziada; a máquina 
enche novamente com água limpa. 
A água lançada fora da lavadora é 
normalmente cristalina, mas também 
contém restos de sabões, amaciantes e 
alvejantes dissolvidos.
1
2
3
Qualidades das águas cinza da máquina de lavar
No caso das lavadoras, cada etapa de funcionamento produz 
águas cinza de diferentes qualidades e aparências.  
Em geral, as máquinas de lavar funcionam em três etapas*:
",1056,"Manual para aproveitamento emergencial de águas cinza do banho e da máquina de lavar
* Baseado em informações sobre 
lavadoras automáticas disponíveis 
no mercado em julho de 2015
Lavagem
Enxágue
Centrifugação
A água entra na lavadora e mistura-se com 
sabão em pó; os tecidos passam por período 
de molho (opcional) e agitação, liberando 
sujeira e outras substâncias.
A água suja da lavagem é esvaziada; a máquina 
enche novamente com água limpa que pode 
se misturar a produtos amaciantes; a água do 
enxágue pode sair cristalina ou levemente 
colorida, contendo restos de sabões 
dissolvidos, amaciantes e alvejantes.
A água do enxágue é esvaziada; a máquina 
enche novamente com água limpa. 
A água lançada fora da lavadora é 
normalmente cristalina, mas também 
contém restos de sabões, amaciantes e 
alvejantes dissolvidos.
 
 
 
Qualidades das águas cinza da máquina de lavar
No caso das lavadoras, cada etapa de funcionamento produz 
águas cinza de diferentes qualidades e aparências. 
Em geral, as máquinas de lavar funcionam em três etapas*:",1056,1052
10_ipt_manual_aguas_cinzas.pdf,Manual de Águas Cinzas,IPT,manual_tecnico,agua_reuso,2025,vigente,manual técnico,"tratamento, qualidade e uso de águas cinzas",10,"IPT - Instituto de Pesquisas Tecnológicas
10
Usos e cuidados
Por lei, a água fornecida pelo serviço de abastecimento deve seguir 
o padrão de potabilidade, ou seja, deve atender a certos requisitos 
para que não ofereça risco no seu uso mais nobre: beber a água.
As águas do banho e da lavagem de tecidos podem ter diversos 
usos não potáveis e por isso devemos reaproveitá-la. Esses usos 
podem variar em função da qualidade das águas cinza geradas. Para 
não colocar sua saúde em risco, siga atentamente os cuidados e 
orientações recomendados neste manual. 
Água cinza
Água da rede
de abastecimento
Potável
Não potável
Atenção: 
Mesmo que as águas cinza 
pareçam tão limpas quanto 
a água da torneira, elas não 
têm qualidade garantida 
para beber.
!
Principais usos indicados
",780,"IPT - Instituto de Pesquisas Tecnológicas
 
Usos e cuidados
Por lei, a água fornecida pelo serviço de abastecimento deve seguir 
o padrão de potabilidade, ou seja, deve atender a certos requisitos 
para que não ofereça risco no seu uso mais nobre: beber a água.
As águas do banho e da lavagem de tecidos podem ter diversos 
usos não potáveis e por isso devemos reaproveitá-la. Esses usos 
podem variar em função da qualidade das águas cinza geradas. Para 
não colocar sua saúde em risco, siga atentamente os cuidados e 
orientações recomendados neste manual. 
Água cinza
Água da rede
de abastecimento
Potável
Não potável
Atenção: 
Mesmo que as águas cinza 
pareçam tão limpas quanto 
a água da torneira, elas não 
têm qualidade garantida 
para beber.!
Principais usos indicados",780,777
10_ipt_manual_aguas_cinzas.pdf,Manual de Águas Cinzas,IPT,manual_tecnico,agua_reuso,2025,vigente,manual técnico,"tratamento, qualidade e uso de águas cinzas",11,"11
Manual para aproveitamento emergencial de águas cinza do banho e da máquina de lavar
Descarga de 
bacias sanitárias
Limpeza de pisos
Rega de jardins 
e gramados
* somente sem cloro
Limpeza de paredes
Limpeza de veículos
*enxaguar com água limpa
Reutilização na máquina 
para lavagem de tecidos 
mais grosseiros
*se água for cinza claro ou cristalina 
Rega de árvores e arbustos
* somente sem cloro
Lavagem
Enxágue
Centrifugação
Banho
Lavagem
Enxágue
Centrifugação
Banho
Lavagem
Enxágue
Centrifugação
Banho
Lavagem
Enxágue
Centrifugação
Banho
Enxágue
Centrifugação
Banho
Enxágue
Centrifugação
Banho
Enxágue
Centrifugação
Banho
",629,"Manual para aproveitamento emergencial de águas cinza do banho e da máquina de lavar
Descarga de 
bacias sanitárias
Limpeza de pisos
Rega de jardins 
e gramados
* somente sem cloro
Limpeza de paredes
Limpeza de veículos
*enxaguar com água limpa
Reutilização na máquina 
para lavagem de tecidos 
mais grosseiros
*se água for cinza claro ou cristalina 
Rega de árvores e arbustos
* somente sem cloro
Lavagem
Enxágue
Centrifugação
Banho
Lavagem
Enxágue
Centrifugação
Banho
Lavagem
Enxágue
Centrifugação
Banho
Lavagem
Enxágue
Centrifugação
Banho
Enxágue
Centrifugação
Banho
Enxágue
Centrifugação
Banho
Enxágue
Centrifugação
Banho",629,625
10_ipt_manual_aguas_cinzas.pdf,Manual de Águas Cinzas,IPT,manual_tecnico,agua_reuso,2025,vigente,manual técnico,"tratamento, qualidade e uso de águas cinzas",12,"IPT - Instituto de Pesquisas Tecnológicas
12
Água 
sanitária
Se há restos de alvejante à base de cloro 
que possam prejudicar as plantas.
Se há corantes que possam manchar pisos, 
paredes, pintura de veículos e roupas.
Se há gordura, restos de sabão, amaciante 
e alvejante que possam manchar ou aderir 
à pintura de veículos.
Se há partículas na água que possam 
aderir às superfícies (pisos porosos).
* Para mais informações, veja p. 28
Usos e cuidados
O que você precisa verificar:
",485,"IPT - Instituto de Pesquisas Tecnológicas
 
Água 
sanitária
Se há restos de alvejante à base de cloro 
que possam prejudicar as plantas.
Se há corantes que possam manchar pisos, 
paredes, pintura de veículos e roupas.
Se há gordura, restos de sabão, amaciante 
e alvejante que possam manchar ou aderir 
à pintura de veículos.
Se há partículas na água que possam 
aderir às superfícies (pisos porosos).
* Para mais informações, veja p. 28
Usos e cuidados
O que você precisa verificar:",485,483
10_ipt_manual_aguas_cinzas.pdf,Manual de Águas Cinzas,IPT,manual_tecnico,agua_reuso,2025,vigente,manual técnico,"tratamento, qualidade e uso de águas cinzas",13,"13
Manual para aproveitamento emergencial de águas cinza do banho e da máquina de lavar
Regar hortas de verduras e legumes 
consumíveis crus, ou de frutas que 
ﬁcam rente ao chão.
Regar hortas com tubérculos 
(ex.: batata, cará, inhame) e raízes 
tuberosas (ex.: batata doce, 
beterraba, cenoura, mandioca).
Regar jardins e gramados usados para 
praticar esportes ou recreio onde 
ocorrerá contato da superfície 
molhada do gramado com o corpo.
Não use águas cinza para:
",471,"Manual para aproveitamento emergencial de águas cinza do banho e da máquina de lavar
Regar hortas de verduras e legumes 
consumíveis crus, ou de frutas que 
ﬁcam rente ao chão.
Regar hortas com tubérculos 
(ex.: batata, cará, inhame) e raízes 
tuberosas (ex.: batata doce, 
beterraba, cenoura, mandioca).
Regar jardins e gramados usados para 
praticar esportes ou recreio onde 
ocorrerá contato da superfície 
molhada do gramado com o corpo.
Não use águas cinza para:",471,467
10_ipt_manual_aguas_cinzas.pdf,Manual de Águas Cinzas,IPT,manual_tecnico,agua_reuso,2025,vigente,manual técnico,"tratamento, qualidade e uso de águas cinzas",14,"IPT - Instituto de Pesquisas Tecnológicas
14
Como coletar a água
Que quantidade de águas cinza devo coletar?
Você deve decidir que volume de águas cinza coletar em função 
dos tipos de uso e do espaço disponível em sua residência para 
armazenar a água.
A previsão da quantidade necessária para suprir os usos depende, 
por exemplo, do número de bacias sanitárias, das áreas de piso e 
paredes a serem lavadas, e das áreas de irrigação.
16 descargas*
8 Kg de roupa
=
=
100 L
(mistura das 3 etapas 
de lavagem)
* Considera-se o uso de 4 descargas por dia por pessoa. Esse valor pode variar 
de acordo com a quantidade de pessoas que vivem na residência, o tempo 
de permanência da família em casa, entre outros fatores.
",719,"IPT - Instituto de Pesquisas Tecnológicas
 
Como coletar a água
Que quantidade de águas cinza devo coletar?
Você deve decidir que volume de águas cinza coletar em função 
dos tipos de uso e do espaço disponível em sua residência para 
armazenar a água.
A previsão da quantidade necessária para suprir os usos depende, 
por exemplo, do número de bacias sanitárias, das áreas de piso e 
paredes a serem lavadas, e das áreas de irrigação.
16 descargas*
8 Kg de roupa
=
=
100 L
(mistura das 3 etapas 
de lavagem)
* Considera-se o uso de 4 descargas por dia por pessoa. Esse valor pode variar 
de acordo com a quantidade de pessoas que vivem na residência, o tempo 
de permanência da família em casa, entre outros fatores.",719,717
10_ipt_manual_aguas_cinzas.pdf,Manual de Águas Cinzas,IPT,manual_tecnico,agua_reuso,2025,vigente,manual técnico,"tratamento, qualidade e uso de águas cinzas",15,"15
Manual para aproveitamento emergencial de águas cinza do banho e da máquina de lavar
Da máquina de lavar
Veja o volume total de água consumida por lavadoras de roupa 
classificadas pelo peso máximo de roupa seca a ser lavada*. 
Os valores são aproximados, pois a diversidade de modelos de lavadoras 
combinados às diversas possibilidades de programação e ajustes 
individuais dificultam a definição de valores precisos.
Você pode medir os volumes e a qualidade da água produzida pela sua 
lavadora, usando recipientes de volume conhecido (ex.: baldes de 20 L) 
onde sejam despejadas as águas de cada fase da lavagem.
 
* Dados obtidos em catálogos 
disponíveis na internet
* * Volume consumido pelo ciclo 
completo, ou seja, todas as 
etapas de lavagem
6 kg
8 kg
10 kg
12 kg
15 kg
100 L
100 L a 140 L
120 L a 150 L
160 L
180 L a 230 L
8 kg
10 kg
13 kg
16 kg
56 L a 88 L
90 L a 100 L
70 L a 140 L
205 L
Lavadora com tampa superior 
(top load)
Lavadora com tampa frontal 
(front load) 
Peso de 
roupa seca
Volume de 
água consumido**
Peso de 
roupa seca
Volume de 
água consumido**
",1083,"Manual para aproveitamento emergencial de águas cinza do banho e da máquina de lavar
Da máquina de lavar
Veja o volume total de água consumida por lavadoras de roupa 
classificadas pelo peso máximo de roupa seca a ser lavada*. 
Os valores são aproximados, pois a diversidade de modelos de lavadoras 
combinados às diversas possibilidades de programação e ajustes 
individuais dificultam a definição de valores precisos.
Você pode medir os volumes e a qualidade da água produzida pela sua 
lavadora, usando recipientes de volume conhecido (ex.: baldes de 20 L) 
onde sejam despejadas as águas de cada fase da lavagem.
 
* Dados obtidos em catálogos 
disponíveis na internet
* * Volume consumido pelo ciclo 
completo, ou seja, todas as 
etapas de lavagem
6 kg
8 kg
10 kg
12 kg
15 kg
100 L
100 L a 140 L
120 L a 150 L
160 L
180 L a 230 L
8 kg
10 kg
13 kg
16 kg
56 L a 88 L
90 L a 100 L
70 L a 140 L
205 L
Lavadora com tampa superior 
(top load)
Lavadora com tampa frontal 
(front load) 
Peso de 
roupa seca
Volume de 
água consumido**
Peso de 
roupa seca
Volume de 
água consumido**",1083,1079
10_ipt_manual_aguas_cinzas.pdf,Manual de Águas Cinzas,IPT,manual_tecnico,agua_reuso,2025,vigente,manual técnico,"tratamento, qualidade e uso de águas cinzas",16,"IPT - Instituto de Pesquisas Tecnológicas
16
Da máquina de lavar 
Como coletar a água
Para coletar a água, coloque a mangueira 
corrugada em recipiente adequado. 
A extremidade de saída da 
mangueira não deve ficar 
mais alta que o nível da 
tampa da máquina para 
que a água não volte para 
dentro da lavadora.
!!! Atenção:
Considere as recomendações 
do fabricante para que não 
ocorram problemas de bom 
funcionamento da lavadora.
",434,"IPT - Instituto de Pesquisas Tecnológicas
 
Da máquina de lavar 
Como coletar a água
Para coletar a água, coloque a mangueira 
corrugada em recipiente adequado. 
A extremidade de saída da 
mangueira não deve ficar 
mais alta que o nível da 
tampa da máquina para 
que a água não volte para 
dentro da lavadora.!!! Atenção:
Considere as recomendações 
do fabricante para que não 
ocorram problemas de bom 
funcionamento da lavadora.",434,431
10_ipt_manual_aguas_cinzas.pdf,Manual de Águas Cinzas,IPT,manual_tecnico,agua_reuso,2025,vigente,manual técnico,"tratamento, qualidade e uso de águas cinzas",17,"17
Manual para aproveitamento emergencial de águas cinza do banho e da máquina de lavar
Mistura das três 
etapas da lavagem
Separação das três 
etapas da lavagem
Mistura do enxágue 
e centrifugação
São consideradas três situações para a 
coleta da água da máquina de lavar:
Coleta de todas as descargas 
da lavadora em um mesmo 
recipiente. A cor da água 
coletada pode variar do cinza 
claro ao escuro. Os usos são 
restritos; não será possível, 
por exemplo, reutilizar a 
água na máquina de lavar.
Coleta da água do enxágue 
e da centrifugação no 
mesmo recipiente permite 
obter águas cinza claras ou 
mesmo cristalinas para usos 
diversos. 
Coleta de cada descarga 
em recipientes separados. 
A separação dessas águas 
permite usos diferenciados.
1
2
3
Lavagem
Enxágue
Centrifugação
Enxágue
Centrifugação
Lavagem
Enxágue
Centrifugação
",840,"Manual para aproveitamento emergencial de águas cinza do banho e da máquina de lavar
Mistura das três 
etapas da lavagem
Separação das três 
etapas da lavagem
Mistura do enxágue 
e centrifugação
São consideradas três situações para a 
coleta da água da máquina de lavar:
Coleta de todas as descargas 
da lavadora em um mesmo 
recipiente. A cor da água 
coletada pode variar do cinza 
claro ao escuro. Os usos são 
restritos; não será possível, 
por exemplo, reutilizar a 
água na máquina de lavar.
Coleta da água do enxágue 
e da centrifugação no 
mesmo recipiente permite 
obter águas cinza claras ou 
mesmo cristalinas para usos 
diversos. 
Coleta de cada descarga 
em recipientes separados. 
A separação dessas águas 
permite usos diferenciados.
 
 
 
Lavagem
Enxágue
Centrifugação
Enxágue
Centrifugação
Lavagem
Enxágue
Centrifugação",840,836
10_ipt_manual_aguas_cinzas.pdf,Manual de Águas Cinzas,IPT,manual_tecnico,agua_reuso,2025,vigente,manual técnico,"tratamento, qualidade e uso de águas cinzas",18,"IPT - Instituto de Pesquisas Tecnológicas
18
Do banho
Como coletar a água
8 min
24 L a 40 L 
(coletando toda a água)
4 a 6 descargas
=
=
Banhos de chuveiro elétrico com cerca de 8 minutos 
podem gastar entre 24 L e 40 L de água:
",229,"IPT - Instituto de Pesquisas Tecnológicas
 
Do banho
Como coletar a água
8 min
24 L a 40 L 
(coletando toda a água)
4 a 6 descargas
=
=
Banhos de chuveiro elétrico com cerca de 8 minutos 
podem gastar entre 24 L e 40 L de água:",229,227
10_ipt_manual_aguas_cinzas.pdf,Manual de Águas Cinzas,IPT,manual_tecnico,agua_reuso,2025,vigente,manual técnico,"tratamento, qualidade e uso de águas cinzas",19,"19
Manual para aproveitamento emergencial de águas cinza do banho e da máquina de lavar
Coleta em bacia ou balde no chuveiro
Coleta em banheiras 
Você pode coletar parte dessa 
água colocando um vasilhame largo 
embaixo do chuveiro enquanto ele 
esquenta, e mantendo-o ao seu 
lado enquanto você toma banho. 
Quando cheias, bacias largas ficam 
difíceis de manusear, por causa do 
peso e do formato. Para facilitar 
o transporte, despeje o volume 
coletado em baldes.
Após o banho, basta recolher a água 
de dentro da banheira com baldes.
",539,"Manual para aproveitamento emergencial de águas cinza do banho e da máquina de lavar
Coleta em bacia ou balde no chuveiro
Coleta em banheiras 
Você pode coletar parte dessa 
água colocando um vasilhame largo 
embaixo do chuveiro enquanto ele 
esquenta, e mantendo-o ao seu 
lado enquanto você toma banho. 
Quando cheias, bacias largas ficam 
difíceis de manusear, por causa do 
peso e do formato. Para facilitar 
o transporte, despeje o volume 
coletado em baldes.
Após o banho, basta recolher a água 
de dentro da banheira com baldes.",539,535
10_ipt_manual_aguas_cinzas.pdf,Manual de Águas Cinzas,IPT,manual_tecnico,agua_reuso,2025,vigente,manual técnico,"tratamento, qualidade e uso de águas cinzas",20,"IPT - Instituto de Pesquisas Tecnológicas
20
Principais critérios
Como armazenar a água
$
$
$
Espaço disponível na 
residência
Necessidade e facilidade de 
transporte de recipientes
Quanto a família pode 
gastar na compra de 
recipientes
Em um sistema emergencial, o volume de água a armazenar 
deve ser decidido em função de:
",327,"IPT - Instituto de Pesquisas Tecnológicas
 
Principais critérios
Como armazenar a água
$
$
$
Espaço disponível na 
residência
Necessidade e facilidade de 
transporte de recipientes
Quanto a família pode 
gastar na compra de 
recipientes
Em um sistema emergencial, o volume de água a armazenar 
deve ser decidido em função de:",327,325
10_ipt_manual_aguas_cinzas.pdf,Manual de Águas Cinzas,IPT,manual_tecnico,agua_reuso,2025,vigente,manual técnico,"tratamento, qualidade e uso de águas cinzas",21,"21
Manual para aproveitamento emergencial de águas cinza do banho e da máquina de lavar
Os baldes plásticos mais comuns para uso doméstico são de 5 L a 30 L. 
Normalmente, são necessários vários baldes para coletar as águas 
da lavagem e enxágue. Para cada modelo de lavadora, o ajuste de 
programação e nível e os volumes descarregados serão diferentes.
As máquinas de lavar podem descarregar as águas em 
tanque de lavar roupa ao lado da máquina. Dependendo 
do volume do tanque será possível armazenar a água de 
uma das etapas (lavagem, enxágue ou centrifugação), 
para uso rápido.
Existem no mercado diversos 
modelos de bombonas plásticas. 
Prefira as de 50 L, 100 L e 200 L, pois 
apesar de ocuparem mais espaço, 
podem armazenar toda a água usada 
pela lavadora. 
Recipientes para armazenamento
",803,"Manual para aproveitamento emergencial de águas cinza do banho e da máquina de lavar
Os baldes plásticos mais comuns para uso doméstico são de 5 L a 30 L. 
Normalmente, são necessários vários baldes para coletar as águas 
da lavagem e enxágue. Para cada modelo de lavadora, o ajuste de 
programação e nível e os volumes descarregados serão diferentes.
As máquinas de lavar podem descarregar as águas em 
tanque de lavar roupa ao lado da máquina. Dependendo 
do volume do tanque será possível armazenar a água de 
uma das etapas (lavagem, enxágue ou centrifugação), 
para uso rápido.
Existem no mercado diversos 
modelos de bombonas plásticas. 
Prefira as de 50 L, 100 L e 200 L, pois 
apesar de ocuparem mais espaço, 
podem armazenar toda a água usada 
pela lavadora. 
Recipientes para armazenamento",803,799
10_ipt_manual_aguas_cinzas.pdf,Manual de Águas Cinzas,IPT,manual_tecnico,agua_reuso,2025,vigente,manual técnico,"tratamento, qualidade e uso de águas cinzas",22,"IPT - Instituto de Pesquisas Tecnológicas
22
Recomendações para recipientes
Os recipientes de armazenamento recomendados neste Manual 
são produtos comuns vendidos no mercado. Antes de escolher, 
avalie sua qualidade, especialmente a estanqueidade (não 
vazar)  e a resistência ao uso. Grande parte dos recipientes aqui 
sugeridos são de plástico,  material que não é agredido pelas 
águas cinza. No caso de recipientes metálicos, poderá ocorrer 
corrosão.
Um recipiente para armazenar águas cinza deve: 
Ser estanque, ou seja, 
não ter vazamentos
Ser resistente ao 
peso da água (quando 
cheio) e a pequenas 
quedas e impactos
Se for grande, ter 
uma saída de fundo 
(torneira) para facilitar 
seu esvaziamento e 
limpeza
Como armazenar a água
",745,"IPT - Instituto de Pesquisas Tecnológicas
 
Recomendações para recipientes
Os recipientes de armazenamento recomendados neste Manual 
são produtos comuns vendidos no mercado. Antes de escolher, 
avalie sua qualidade, especialmente a estanqueidade (não 
vazar) e a resistência ao uso. Grande parte dos recipientes aqui 
sugeridos são de plástico, material que não é agredido pelas 
águas cinza. No caso de recipientes metálicos, poderá ocorrer 
corrosão.
Um recipiente para armazenar águas cinza deve: 
Ser estanque, ou seja, 
não ter vazamentos
Ser resistente ao 
peso da água (quando 
cheio) e a pequenas 
quedas e impactos
Se for grande, ter 
uma saída de fundo 
(torneira) para facilitar 
seu esvaziamento e 
limpeza
Como armazenar a água",745,741
10_ipt_manual_aguas_cinzas.pdf,Manual de Águas Cinzas,IPT,manual_tecnico,agua_reuso,2025,vigente,manual técnico,"tratamento, qualidade e uso de águas cinzas",23,"23
Manual para aproveitamento emergencial de águas cinza do banho e da máquina de lavar
1 tonelada
1000 L =
Mantenha o recipiente ou 
reservatório longe do alcance 
de crianças. A criança pode 
subir no reservatório e virá-lo 
sobre si, ou até se afogar. 
Se você colocar o reservatório sobre 
uma laje, telhado ou estrutura, 
verifique se esta é capaz de 
aguentar a carga extra. Cada litro 
d’água pesa cerca de 1 kg. Um  
reservatório de 1000 litros, quando 
cheio, pesará mais de uma tonelada!
Apoie totalmente a 
base do reservatório 
em superfície plana e 
nivelada, para que ele não 
vire ou se rompa.
O reservatório ocupa espaço. 
Antes de colocá-lo em uma 
passagem ou área de serviço, 
verifique se ele não sofrerá 
impactos, esbarrões e batidas 
ou causará acidentes.
Cuidados ao armazenar água
Mantenha o reservatório 
bem tampado. Caso 
contrário, ele será um 
hotel cinco estrelas para o 
mosquito Aedes aegypti!
Qualquer reservatório ou 
recipiente vazio deve ser 
guardado de boca para baixo 
e protegido da chuva.
Se o recipiente tiver 
ladrões (furos laterais por 
onde o excesso escorre), 
tampe-os com tela para 
impedir o acesso do 
mosquito.
Lembre-se, todo cuidado é 
pouco! Armazene sua água 
com muita atenção e não dê 
chance ao Aedes aegypti.
",1270,"Manual para aproveitamento emergencial de águas cinza do banho e da máquina de lavar
1 tonelada
1000 L =
Mantenha o recipiente ou 
reservatório longe do alcance 
de crianças. A criança pode 
subir no reservatório e virá-lo 
sobre si, ou até se afogar. 
Se você colocar o reservatório sobre 
uma laje, telhado ou estrutura, 
verifique se esta é capaz de 
aguentar a carga extra. Cada litro 
d’água pesa cerca de 1 kg. Um 
reservatório de 1000 litros, quando 
cheio, pesará mais de uma tonelada!
Apoie totalmente a 
base do reservatório 
em superfície plana e 
nivelada, para que ele não 
vire ou se rompa.
O reservatório ocupa espaço. 
Antes de colocá-lo em uma 
passagem ou área de serviço, 
verifique se ele não sofrerá 
impactos, esbarrões e batidas 
ou causará acidentes.
Cuidados ao armazenar água
Mantenha o reservatório 
bem tampado. Caso 
contrário, ele será um 
hotel cinco estrelas para o 
mosquito Aedes aegypti!
Qualquer reservatório ou 
recipiente vazio deve ser 
guardado de boca para baixo 
e protegido da chuva.
Se o recipiente tiver 
ladrões (furos laterais por 
onde o excesso escorre), 
tampe-os com tela para 
impedir o acesso do 
mosquito.
Lembre-se, todo cuidado é 
pouco! Armazene sua água 
com muita atenção e não dê 
chance ao Aedes aegypti.",1270,1265
10_ipt_manual_aguas_cinzas.pdf,Manual de Águas Cinzas,IPT,manual_tecnico,agua_reuso,2025,vigente,manual técnico,"tratamento, qualidade e uso de águas cinzas",24,"IPT - Instituto de Pesquisas Tecnológicas
24
Como armazenar a água
Por quanto tempo posso armazenar?
Alguns tipos de águas cinza podem exalar odores desagradáveis 
ao longo do tempo, além de mudar de cor. Siga as dicas desse 
manual para armazenar a água corretamente e evitar a liberação  
de mau cheiro.
12 h
Lavagem
Enxágue
Centrifugação
Banho
Águas cinza escuro
Águas cinza claro
As águas coletadas da etapa de 
lavagem de tecidos muito sujos 
podem ter coloração cinza escuro 
ou chumbo, tendendo a ficar ainda 
mais escuras. Essas águas podem 
liberar odores após 12 horas de 
armazenamento, aproximadamente.
As águas do enxágue e centrifugação 
de lavadora podem ser armazenadas 
por mais tempo. O mesmo acontece 
com as águas da etapa de lavagem 
de roupas não muito sujas e com as 
águas de banhos que não possuam 
muitos resíduos.
!!!
Atenção:
Não deixe águas cinza escuro se acumularem em buracos ou sarjetas, pois 
mesmo pequenas poças poderão exalar mau cheiro. Além disso, podem se 
tornar criadouros do mosquito transmissor da dengue, zika e chikungunya!
",1070,"IPT - Instituto de Pesquisas Tecnológicas
 
Como armazenar a água
Por quanto tempo posso armazenar?
Alguns tipos de águas cinza podem exalar odores desagradáveis 
ao longo do tempo, além de mudar de cor. Siga as dicas desse 
manual para armazenar a água corretamente e evitar a liberação 
de mau cheiro.
12 h
Lavagem
Enxágue
Centrifugação
Banho
Águas cinza escuro
Águas cinza claro
As águas coletadas da etapa de 
lavagem de tecidos muito sujos 
podem ter coloração cinza escuro 
ou chumbo, tendendo a ficar ainda 
mais escuras. Essas águas podem 
liberar odores após 12 horas de 
armazenamento, aproximadamente.
As águas do enxágue e centrifugação 
de lavadora podem ser armazenadas 
por mais tempo. O mesmo acontece 
com as águas da etapa de lavagem 
de roupas não muito sujas e com as 
águas de banhos que não possuam 
muitos resíduos.!!!
Atenção:
Não deixe águas cinza escuro se acumularem em buracos ou sarjetas, pois 
mesmo pequenas poças poderão exalar mau cheiro. Além disso, podem se 
tornar criadouros do mosquito transmissor da dengue, zika e chikungunya!",1070,1066
10_ipt_manual_aguas_cinzas.pdf,Manual de Águas Cinzas,IPT,manual_tecnico,agua_reuso,2025,vigente,manual técnico,"tratamento, qualidade e uso de águas cinzas",25,"25
Manual para aproveitamento emergencial de águas cinza do banho e da máquina de lavar
Como eliminar ou diminuir odores desagradáveis
Desenvolvidas a partir de testes rápidos realizados no IPT, as dicas a seguir 
podem evitar ou diminuir a emissão de odores desagradáveis de águas cinza 
escuro, quando forem armazenadas para uso posterior. Porém, não são fórmulas 
totalmente seguras, pois para isso seria necessário conhecer detalhadamente a 
composição das águas cinza de cada lavagem.
Água 
sanitária
Água 
sanitária
Hipoclorito de sódio
Água
}
Concentração de 2,5%
Hipoclorito de sódio (NaClO)
Água (H2O)
} Concentração de 2,5%
Misture 5 mL de água sanitária para cada litro de água cinza armazenada:
Verifique o rótulo da água sanitária. A composição deve ser exatamente a seguinte:
10 L 
50 mL 
250 mL 
500 mL 
50 L 
100 L 
águas cinzas
água sanitária
= 200 mL
Para mais informações 
sobre água sanitária, 
veja a referência do 
Inmetro (p. 29)
",953,"Manual para aproveitamento emergencial de águas cinza do banho e da máquina de lavar
Como eliminar ou diminuir odores desagradáveis
Desenvolvidas a partir de testes rápidos realizados no IPT, as dicas a seguir 
podem evitar ou diminuir a emissão de odores desagradáveis de águas cinza 
escuro, quando forem armazenadas para uso posterior. Porém, não são fórmulas 
totalmente seguras, pois para isso seria necessário conhecer detalhadamente a 
composição das águas cinza de cada lavagem.
Água 
sanitária
Água 
sanitária
Hipoclorito de sódio
Água
}
Concentração de 2,5%
Hipoclorito de sódio (NaClO)
Água (H2O)
} Concentração de 2,5%
Misture 5 mL de água sanitária para cada litro de água cinza armazenada:
Verifique o rótulo da água sanitária. A composição deve ser exatamente a seguinte:
10 L 
50 mL 
250 mL 
500 mL 
50 L 
100 L 
águas cinzas
água sanitária
= 200 mL
Para mais informações 
sobre água sanitária, 
veja a referência do 
Inmetro (p. 29)",953,949
10_ipt_manual_aguas_cinzas.pdf,Manual de Águas Cinzas,IPT,manual_tecnico,agua_reuso,2025,vigente,manual técnico,"tratamento, qualidade e uso de águas cinzas",26,"IPT - Instituto de Pesquisas Tecnológicas
26
Como armazenar a água
!!!
Tome cuidado:
Não basta despejar a água 
sanitária no vasilhame de 
água cinza, é preciso misturar 
bem. Mas atenção, não use 
as mãos ou os braços para 
misturar; use um bastão, 
cabo de vassoura ou rodo. 
A água armazenada por mais 
tempo pode apresentar partículas 
flutuando ou decantadas no fundo 
do vasilhame. Você pode removê-
los se quiser. 
ERRADO
CERTO
",435,"IPT - Instituto de Pesquisas Tecnológicas
 
Como armazenar a água!!!
Tome cuidado:
Não basta despejar a água 
sanitária no vasilhame de 
água cinza, é preciso misturar 
bem. Mas atenção, não use 
as mãos ou os braços para 
misturar; use um bastão, 
cabo de vassoura ou rodo. 
A água armazenada por mais 
tempo pode apresentar partículas 
flutuando ou decantadas no fundo 
do vasilhame. Você pode removê-
los se quiser. 
ERRADO
CERTO",435,432
10_ipt_manual_aguas_cinzas.pdf,Manual de Águas Cinzas,IPT,manual_tecnico,agua_reuso,2025,vigente,manual técnico,"tratamento, qualidade e uso de águas cinzas",27,"27
Manual para aproveitamento emergencial de águas cinza do banho e da máquina de lavar
O que nunca fazer com águas cinza
Mesmo que a aparência seja de água limpa! 
Não beber
Não usar para tomar banho
Não dar banho em animais 
domésticos
Evitar contato de águas 
cinza com a pele. Se houver 
contato, lave com água limpa
Não regar plantas 
se houver resíduos de cloro e 
alvejante na água
Não regar plantas comestíveis
(exceto árvores frutíferas)
",447,"Manual para aproveitamento emergencial de águas cinza do banho e da máquina de lavar
O que nunca fazer com águas cinza
Mesmo que a aparência seja de água limpa! 
Não beber
Não usar para tomar banho
Não dar banho em animais 
domésticos
Evitar contato de águas 
cinza com a pele. Se houver 
contato, lave com água limpa
Não regar plantas 
se houver resíduos de cloro e 
alvejante na água
Não regar plantas comestíveis
(exceto árvores frutíferas)",447,443
10_ipt_manual_aguas_cinzas.pdf,Manual de Águas Cinzas,IPT,manual_tecnico,agua_reuso,2025,vigente,manual técnico,"tratamento, qualidade e uso de águas cinzas",28,"IPT - Instituto de Pesquisas Tecnológicas
28
Saiba mais
Manual para captação emergencial e uso doméstico de água de chuva
Publicado pelo IPT – Instituto de Pesquisas Tecnológicas do Estado de São Paulo em março de 2015.
www.ipt.br/noticia/905-passo_a_passo:_agua_de_chuva.htm
Conservação de água e energia em sistemas prediais e públicos de abastecimento de água
Realização do PROSAB – Programa de Pesquisa em Saneamento Básico da FINEP. Publicado pela 
ABES – Associação Brasileira de Engenharia Sanitária e Ambiental em 2009, Rio de Janeiro.
www.finep.gov.br/apoio-e-financiamento-externa/historico-de-programa/prosab/produtos
Uso racional da água em edificações
Realização do PROSAB – Programa de Pesquisa em Saneamento Básico da FINEP. Publicado pela 
ABES – Associação Brasileira de Engenharia Sanitária e Ambiental em 2006, Rio de Janeiro.
www.finep.gov.br/apoio-e-financiamento-externa/historico-de-programa/prosab/produtos
San Francisco gray water design manual for outdoor irrigation
Publicado pela San Francisco Public Utilities Commission, versão de junho de 2012, São Francisco, USA.
Características da água sanitária
Normalização do INMETRO de 5 de agosto de 2015.
www.inmetro.gov.br/consumidor/produtos/agua_sanitaria2.asp
",1237,"IPT - Instituto de Pesquisas Tecnológicas
 
Saiba mais
Manual para captação emergencial e uso doméstico de água de chuva
Publicado pelo IPT – Instituto de Pesquisas Tecnológicas do Estado de São Paulo em março de 2015.
 
Conservação de água e energia em sistemas prediais e públicos de abastecimento de água
Realização do PROSAB – Programa de Pesquisa em Saneamento Básico da FINEP. Publicado pela 
ABES – Associação Brasileira de Engenharia Sanitária e Ambiental em 2009, Rio de Janeiro.
 
Uso racional da água em edificações
Realização do PROSAB – Programa de Pesquisa em Saneamento Básico da FINEP. Publicado pela 
ABES – Associação Brasileira de Engenharia Sanitária e Ambiental em 2006, Rio de Janeiro.
 
San Francisco gray water design manual for outdoor irrigation
Publicado pela San Francisco Public Utilities Commission, versão de junho de 2012, São Francisco, USA.
Características da água sanitária
Normalização do INMETRO de 5 de agosto de 2015.",1237,956
10_ipt_manual_aguas_cinzas.pdf,Manual de Águas Cinzas,IPT,manual_tecnico,agua_reuso,2025,vigente,manual técnico,"tratamento, qualidade e uso de águas cinzas",30,"Manual para aproveitamento emergencial 
de águas do banho e da máquina de lavar
AUTORES
Wolney Castilho Alves, Luciano Zanella, Jordana Rodrigues de 
Castro, Rayana Santiago de Queiroz
EDIÇÃO
Guilherme Mariotto, Mariana Marchesi, Sabrina Adorno
ARTE E DIAGRAMAÇÃO 
Mariana Marchesi e Sabrina Adorno
REVISÃO DE TEXTO
Rita de Cássia Parise
Março / 2016
",351,"Manual para aproveitamento emergencial 
de águas do banho e da máquina de lavar
AUTORES
Wolney Castilho Alves, Luciano Zanella, Jordana Rodrigues de 
Castro, Rayana Santiago de Queiroz
EDIÇÃO
Guilherme Mariotto, Mariana Marchesi, Sabrina Adorno
ARTE E DIAGRAMAÇÃO 
Mariana Marchesi e Sabrina Adorno
REVISÃO DE TEXTO
Rita de Cássia Parise
Março / 2016",351,350
10_ipt_manual_aguas_cinzas.pdf,Manual de Águas Cinzas,IPT,manual_tecnico,agua_reuso,2025,vigente,manual técnico,"tratamento, qualidade e uso de águas cinzas",31,"IPT - Instituto de Pesquisas Tecnológicas 
do Estado de São Paulo
Av. Prof. Almeida Prado, 532
Cidade Universitária – São Paulo – SP
CEP 05508-901- Brasil
Central de Relacionamento com o Cliente
(11) 3767-4102 / 4456 / 4091
ipt@ipt.br
www.ipt.br
twitter.com/iptsp
facebook.com/iptsp
youtube.com/IPTbr
Secretaria de Desenvolvimento
Econômico, Ciência, Tecnologia e Inovação
",373,"IPT - Instituto de Pesquisas Tecnológicas 
do Estado de São Paulo
Av. Prof. Almeida Prado, 532
Cidade Universitária – São Paulo – SP
CEP 05508-901- Brasil
Central de Relacionamento com o Cliente
(11) 3767-4102 / 4456 / 4091
 
 
twitter.com/iptsp
facebook.com/iptsp
youtube.com/IPTbr
Secretaria de Desenvolvimento
Econômico, Ciência, Tecnologia e Inovação",373,354
